Topological Index,Affected Commit,Vulnerable Commit,Commit Hash,CVEs,Vulnerable Code Unit,Code Unit Lines,Kind,Name,File,AltAvgLineBlank,AltAvgLineCode,AltAvgLineComment,AltCountLineBlank,AltCountLineCode,AltCountLineComment,AvgCyclomatic,AvgCyclomaticModified,AvgCyclomaticStrict,AvgEssential,AvgLine,AvgLineBlank,AvgLineCode,AvgLineComment,CountClassBase,CountClassCoupled,CountClassDerived,CountDeclClass,CountDeclClassMethod,CountDeclClassVariable,CountDeclFile,CountDeclFileCode,CountDeclFileHeader,CountDeclFunction,CountDeclInstanceMethod,CountDeclInstanceVariable,CountDeclInstanceVariablePrivate,CountDeclInstanceVariableProtected,CountDeclInstanceVariablePublic,CountDeclMethod,CountDeclMethodAll,CountDeclMethodConst,CountDeclMethodFriend,CountDeclMethodPrivate,CountDeclMethodProtected,CountDeclMethodPublic,CountInput,CountLine,CountLineBlank,CountLineCode,CountLineCodeDecl,CountLineCodeExe,CountLineComment,CountLineInactive,CountLinePreprocessor,CountOutput,CountPath,CountSemicolon,CountStmt,CountStmtDecl,CountStmtEmpty,CountStmtExe,Cyclomatic,CyclomaticModified,CyclomaticStrict,Essential,Knots,MaxCyclomatic,MaxCyclomaticModified,MaxCyclomaticStrict,MaxEssential,MaxEssentialKnots,MaxInheritanceTree,MaxNesting,MinEssentialKnots,PercentLackOfCohesion,RatioCommentToCode,SumCyclomatic,SumCyclomaticModified,SumCyclomaticStrict,SumEssential
343,Yes,Yes,1f2c7894dfe3d52f33655de202bd474999a1637b,"[""CVE-2017-15597""]",No,"[408, 442]",Static Function,"_get_maptrack_handle(struct grant_table *,struct vcpu *)",xen/common/grant_table.c,,,,6,24,5,,,,,,,,,,,,,,,,,,,,,,,,,,,,,,,8,35,6,24,4,15,5,0,0,6,3,13,15,1,0,14,4,4,4,4,4,,,,,4,,2,4,,0.21,,,,
343,Yes,Yes,1f2c7894dfe3d52f33655de202bd474999a1637b,"[""CVE-2017-15597""]",No,"[774, 787]",Static Function,"_set_status(unsigned,domid_t,int,int,grant_entry_header_t *,struct active_grant_entry *,grant_status_t *)",xen/common/grant_table.c,,,,1,13,0,,,,,,,,,,,,,,,,,,,,,,,,,,,,,,,9,14,1,13,7,4,0,0,0,3,2,2,3,0,0,3,2,2,2,1,1,,,,,0,,1,0,,0.00,,,,
343,Yes,Yes,1f2c7894dfe3d52f33655de202bd474999a1637b,"[""CVE-2017-15597""]",No,"[616, 686]",Static Function,"_set_status_v1(domid_t,int,int,grant_entry_header_t *,struct active_grant_entry *)",xen/common/grant_table.c,,,,10,44,17,,,,,,,,,,,,,,,,,,,,,,,,,,,,,,,11,71,10,44,9,26,17,0,0,8,50,27,34,4,3,27,11,11,13,7,9,,,,,9,,4,9,,0.39,,,,
343,Yes,Yes,1f2c7894dfe3d52f33655de202bd474999a1637b,"[""CVE-2017-15597""]",No,"[688, 771]",Static Function,"_set_status_v2(domid_t,int,int,grant_entry_header_t *,struct active_grant_entry *,grant_status_t *)",xen/common/grant_table.c,,,,8,67,10,,,,,,,,,,,,,,,,,,,,,,,,,,,,,,,14,84,8,67,11,39,10,0,0,7,48,37,44,5,0,39,12,12,19,7,9,,,,,9,,3,9,,0.15,,,,
343,Yes,Yes,1f2c7894dfe3d52f33655de202bd474999a1637b,"[""CVE-2017-15597""]",Yes,"[2315, 2558]",Static Function,"acquire_grant_for_copy(struct domain *,grant_ref_t,domid_t,bool,unsigned long *,struct page_info **,uint16_t *,uint16_t *,bool)",xen/common/grant_table.c,,,,27,188,30,,,,,,,,,,,,,,,,,,,,,,,,,,,,,,,31,244,27,188,20,135,30,0,0,38,712,119,140,15,0,125,28,28,46,17,61,,,,,60,,3,60,,0.16,,,,
343,Yes,Yes,1f2c7894dfe3d52f33655de202bd474999a1637b,"[""CVE-2017-15597""]",No,"[247, 252]",Static Function,"act_set_gfn(struct active_grant_entry *,gfn_t)",xen/common/grant_table.c,,,,0,6,0,,,,,,,,,,,,,,,,,,,,,,,,,,,,,,,3,6,0,4,1,1,0,0,2,3,1,1,1,0,0,1,1,1,1,1,0,,,,,0,,0,0,,0.00,,,,
343,Yes,Yes,1f2c7894dfe3d52f33655de202bd474999a1637b,"[""CVE-2017-15597""]",No,"[303, 320]",Static Function,"active_entry_acquire(struct grant_table *,grant_ref_t)",xen/common/grant_table.c,,,,3,8,7,,,,,,,,,,,,,,,,,,,,,,,,,,,,,,,15,18,3,8,4,3,7,0,0,2,1,4,4,1,0,3,1,1,1,1,0,,,,,0,,0,0,,0.88,,,,
343,Yes,Yes,1f2c7894dfe3d52f33655de202bd474999a1637b,"[""CVE-2017-15597""]",No,"[322, 325]",Static Function,active_entry_release(struct active_grant_entry *),xen/common/grant_table.c,,,,0,4,0,,,,,,,,,,,,,,,,,,,,,,,,,,,,,,,13,4,0,4,1,1,0,0,0,2,1,1,1,0,0,1,1,1,1,1,0,,,,,0,,0,0,,0.00,,,,
343,Yes,Yes,1f2c7894dfe3d52f33655de202bd474999a1637b,"[""CVE-2017-15597""]",No,"[207, 241]",Struct,active_grant_entry,xen/common/grant_table.c,0,0,0,1,26,16,0,0,0,0,0,0,0,0,0,1,0,,0,0,,,,,0,10,0,0,10,0,0,0,0,0,0,0,,35,1,12,11,0,16,0,14,,,,10,10,0,0,,,,,,0,0,0,0,,0,0,,0,1.33,0,0,0,0
343,Yes,Yes,1f2c7894dfe3d52f33655de202bd474999a1637b,"[""CVE-2017-15597""]",No,"[3200, 3272]",Static Function,"cache_flush(gnttab_cache_flush_t *,grant_ref_t *)",xen/common/grant_table.c,,,,13,59,1,,,,,,,,,,,,,,,,,,,,,,,,,,,,,,,9,73,13,59,6,43,1,0,0,16,23,33,45,5,0,40,13,13,18,9,11,,,,,8,,2,8,,0.02,,,,
343,Yes,Yes,1f2c7894dfe3d52f33655de202bd474999a1637b,"[""CVE-2017-15597""]",No,"[3305, 3479]",Function,"do_grant_table_op(unsigned int,(*) (),unsigned int)",xen/common/grant_table.c,,,,24,151,0,,,,,,,,,,,,,,,,,,,,,,,,,,,,,,,2,175,24,151,5,112,0,0,0,20,78,69,100,2,0,98,31,20,33,23,184,,,,,184,,2,184,,0.00,,,,
343,Yes,Yes,1f2c7894dfe3d52f33655de202bd474999a1637b,"[""CVE-2017-15597""]",No,"[378, 396]",Static Function,"double_gt_lock(struct grant_table *,struct grant_table *)",xen/common/grant_table.c,,,,0,15,4,,,,,,,,,,,,,,,,,,,,,,,,,,,,,,,4,19,0,15,2,7,4,0,0,2,3,4,6,0,0,6,3,3,3,1,1,,,,,0,,2,0,,0.27,,,,
343,Yes,Yes,1f2c7894dfe3d52f33655de202bd474999a1637b,"[""CVE-2017-15597""]",No,"[398, 404]",Static Function,"double_gt_unlock(struct grant_table *,struct grant_table *)",xen/common/grant_table.c,,,,0,7,0,,,,,,,,,,,,,,,,,,,,,,,,,,,,,,,4,7,0,7,2,3,0,0,0,2,2,2,3,0,0,3,2,2,2,1,0,,,,,0,,1,0,,0.00,,,,
343,Yes,Yes,1f2c7894dfe3d52f33655de202bd474999a1637b,"[""CVE-2017-15597""]",No,"[2301, 2309]",Static Function,"fixup_status_for_copy_pin(const struct active_grant_entry *,uint16_t *)",xen/common/grant_table.c,,,,1,8,0,,,,,,,,,,,,,,,,,,,,,,,,,,,,,,,4,9,1,8,2,4,0,0,0,1,4,2,4,0,0,4,3,3,3,1,0,,,,,0,,1,0,,0.00,,,,
343,Yes,Yes,1f2c7894dfe3d52f33655de202bd474999a1637b,"[""CVE-2017-15597""]",No,"[513, 594]",Static Function,get_maptrack_handle(struct grant_table *),xen/common/grant_table.c,,,,14,53,15,,,,,,,,,,,,,,,,,,,,,,,,,,,,,,,10,82,14,53,11,40,15,0,0,20,17,35,43,4,0,39,10,10,10,5,5,,,,,5,,3,5,,0.28,,,,
343,Yes,Yes,1f2c7894dfe3d52f33655de202bd474999a1637b,"[""CVE-2017-15597""]",No,"[339, 376]",Static Function,"get_paged_frame(unsigned long,unsigned long *,struct page_info **,bool,struct domain *)",xen/common/grant_table.c,,,,5,33,0,,,,,,,,,,,,,,,,,,,,,,,,,,,,,,,7,38,5,22,5,12,0,7,4,8,3,10,12,2,0,10,4,4,4,3,2,,,,,2,,1,2,,0.00,,,,
343,Yes,Yes,1f2c7894dfe3d52f33655de202bd474999a1637b,"[""CVE-2017-15597""]",No,"[3274, 3303]",Static Function,"gnttab_cache_flush((*) (),grant_ref_t *,unsigned int)",xen/common/grant_table.c,,,,2,28,0,,,,,,,,,,,,,,,,,,,,,,,,,,,,,,,3,30,2,28,7,16,0,0,0,7,9,15,22,3,3,16,8,8,9,8,19,,,,,19,,3,19,,0.00,,,,
343,Yes,Yes,1f2c7894dfe3d52f33655de202bd474999a1637b,"[""CVE-2017-15597""]",No,"[2807, 2857]",Static Function,"gnttab_copy((*) (),unsigned int)",xen/common/grant_table.c,,,,6,45,0,,,,,,,,,,,,,,,,,,,,,,,,,,,,,,,2,51,6,45,7,27,0,0,0,10,33,25,31,5,0,26,7,7,8,6,8,,,,,8,,2,8,,0.00,,,,
343,Yes,Yes,1f2c7894dfe3d52f33655de202bd474999a1637b,"[""CVE-2017-15597""]",No,"[2560, 2573]",Struct,gnttab_copy_buf,xen/common/grant_table.c,0,0,0,1,11,2,0,0,0,0,0,0,0,0,0,3,0,,0,0,,,,,0,9,0,0,9,0,0,0,0,0,0,0,,14,1,11,10,0,2,0,0,,,,9,9,0,0,,,,,,0,0,0,0,,0,0,,0,0.18,0,0,0,0
343,Yes,Yes,1f2c7894dfe3d52f33655de202bd474999a1637b,"[""CVE-2017-15597""]",No,"[2724, 2754]",Static Function,"gnttab_copy_buf(const struct gnttab_copy *,struct gnttab_copy_buf *,const struct gnttab_copy_buf *)",xen/common/grant_table.c,,,,4,27,0,,,,,,,,,,,,,,,,,,,,,,,,,,,,,,,14,31,4,27,4,14,0,0,0,4,8,17,20,1,0,19,7,7,10,4,3,,,,,3,,2,3,,0.00,,,,
343,Yes,Yes,1f2c7894dfe3d52f33655de202bd474999a1637b,"[""CVE-2017-15597""]",No,"[2713, 2722]",Static Function,"gnttab_copy_buf_valid(const struct gnttab_copy_ptr *,const struct gnttab_copy_buf *,bool_t)",xen/common/grant_table.c,,,,0,10,0,,,,,,,,,,,,,,,,,,,,,,,,,,,,,,,10,10,0,10,3,5,0,0,0,1,3,3,5,0,0,5,3,3,4,3,2,,,,,2,,1,2,,0.00,,,,
343,Yes,Yes,1f2c7894dfe3d52f33655de202bd474999a1637b,"[""CVE-2017-15597""]",No,"[2659, 2711]",Static Function,"gnttab_copy_claim_buf(const struct gnttab_copy *,const struct gnttab_copy_ptr *,struct gnttab_copy_buf *,unsigned int)",xen/common/grant_table.c,,,,6,47,0,,,,,,,,,,,,,,,,,,,,,,,,,,,,,,,19,53,6,47,5,30,0,0,0,18,16,21,27,1,0,26,8,8,8,6,7,,,,,7,,3,7,,0.00,,,,
343,Yes,Yes,1f2c7894dfe3d52f33655de202bd474999a1637b,"[""CVE-2017-15597""]",No,"[2575, 2590]",Static Function,"gnttab_copy_lock_domain(domid_t,bool,struct gnttab_copy_buf *)",xen/common/grant_table.c,,,,4,11,1,,,,,,,,,,,,,,,,,,,,,,,,,,,,,,,5,16,4,11,2,7,1,0,0,6,3,5,7,0,0,7,3,3,4,3,2,,,,,2,,1,2,,0.09,,,,
343,Yes,Yes,1f2c7894dfe3d52f33655de202bd474999a1637b,"[""CVE-2017-15597""]",No,"[2607, 2633]",Static Function,"gnttab_copy_lock_domains(const struct gnttab_copy *,struct gnttab_copy_buf *,struct gnttab_copy_buf *)",xen/common/grant_table.c,,,,3,24,0,,,,,,,,,,,,,,,,,,,,,,,,,,,,,,,9,27,3,24,4,15,0,0,0,4,8,11,14,1,0,13,4,4,4,4,6,,,,,6,,1,6,,0.00,,,,
343,Yes,Yes,1f2c7894dfe3d52f33655de202bd474999a1637b,"[""CVE-2017-15597""]",No,"[2756, 2797]",Static Function,"gnttab_copy_one(const struct gnttab_copy *,struct gnttab_copy_buf *,struct gnttab_copy_buf *)",xen/common/grant_table.c,,,,5,35,2,,,,,,,,,,,,,,,,,,,,,,,,,,,,,,,11,42,5,35,4,22,2,0,0,7,27,14,20,1,0,19,7,7,10,7,6,,,,,6,,2,6,,0.06,,,,
343,Yes,Yes,1f2c7894dfe3d52f33655de202bd474999a1637b,"[""CVE-2017-15597""]",Yes,"[2635, 2657]",Static Function,gnttab_copy_release_buf(struct gnttab_copy_buf *),xen/common/grant_table.c,,,,0,23,0,,,,,,,,,,,,,,,,,,,,,,,,,,,,,,,12,23,0,23,1,12,0,0,0,9,16,8,12,0,0,12,5,5,5,1,0,,,,,0,,1,0,,0.00,,,,
343,Yes,Yes,1f2c7894dfe3d52f33655de202bd474999a1637b,"[""CVE-2017-15597""]",No,"[2592, 2605]",Static Function,"gnttab_copy_unlock_domains(struct gnttab_copy_buf *,struct gnttab_copy_buf *)",xen/common/grant_table.c,,,,0,14,0,,,,,,,,,,,,,,,,,,,,,,,,,,,,,,,6,14,0,14,2,6,0,0,0,4,4,4,6,0,0,6,3,3,3,1,0,,,,,0,,1,0,,0.00,,,,
343,Yes,Yes,1f2c7894dfe3d52f33655de202bd474999a1637b,"[""CVE-2017-15597""]",No,"[3879, 3882]",Function,gnttab_dom0_frames(),xen/common/grant_table.c,,,,0,4,0,,,,,,,,,,,,,,,,,,,,,,,,,,,,,,,2,4,0,4,1,1,0,0,0,3,1,1,1,0,0,1,1,1,1,1,0,,,,,0,,0,0,,0.00,,,,
343,Yes,Yes,1f2c7894dfe3d52f33655de202bd474999a1637b,"[""CVE-2017-15597""]",No,"[276, 280]",Static Function,gnttab_flush_tlb(const struct domain *),xen/common/grant_table.c,,,,0,5,0,,,,,,,,,,,,,,,,,,,,,,,,,,,,,,,6,5,0,5,1,2,0,0,0,3,2,1,2,0,0,2,2,2,2,1,0,,,,,0,,1,0,,0.00,,,,
343,Yes,Yes,1f2c7894dfe3d52f33655de202bd474999a1637b,"[""CVE-2017-15597""]",No,"[3007, 3082]",Static Function,"gnttab_get_status_frames((*) (),unsigned int,unsigned int)",xen/common/grant_table.c,,,,11,65,0,,,,,,,,,,,,,,,,,,,,,,,,,,,,,,,9,76,11,65,9,39,0,0,0,15,98,32,41,6,0,35,10,10,10,8,7,,,,,7,,2,7,,0.00,,,,
343,Yes,Yes,1f2c7894dfe3d52f33655de202bd474999a1637b,"[""CVE-2017-15597""]",No,"[3084, 3113]",Static Function,gnttab_get_version((*) ()),xen/common/grant_table.c,,,,7,23,0,,,,,,,,,,,,,,,,,,,,,,,,,,,,,,,5,30,7,23,5,14,0,0,0,7,5,13,17,3,0,14,5,5,5,5,4,,,,,4,,1,4,,0.00,,,,
343,Yes,Yes,1f2c7894dfe3d52f33655de202bd474999a1637b,"[""CVE-2017-15597""]",No,"[1670, 1740]",Static Function,"gnttab_grow_table(struct domain *,unsigned int)",xen/common/grant_table.c,,,,10,57,4,,,,,,,,,,,,,,,,,,,,,,,,,,,,,,,12,71,10,57,5,38,4,0,0,16,181,34,46,2,0,44,13,13,13,8,12,,,,,12,,2,12,,0.07,,,,
343,Yes,Yes,1f2c7894dfe3d52f33655de202bd474999a1637b,"[""CVE-2017-15597""]",No,"[3764, 3801]",Function,"gnttab_map_frame(struct domain *,unsigned long,gfn_t,mfn_t *)",xen/common/grant_table.c,,,,7,31,0,,,,,,,,,,,,,,,,,,,,,,,,,,,,,,,8,38,7,31,4,23,0,0,0,11,24,13,19,2,0,17,7,7,9,1,3,,,,,0,,2,0,,0.00,,,,
343,Yes,Yes,1f2c7894dfe3d52f33655de202bd474999a1637b,"[""CVE-2017-15597""]",No,"[1203, 1225]",Static Function,"gnttab_map_grant_ref((*) (),unsigned int)",xen/common/grant_table.c,,,,5,18,0,,,,,,,,,,,,,,,,,,,,,,,,,,,,,,,2,23,5,18,5,9,0,0,0,6,5,9,13,2,0,11,5,5,6,5,9,,,,,9,,2,9,,0.00,,,,
343,Yes,Yes,1f2c7894dfe3d52f33655de202bd474999a1637b,"[""CVE-2017-15597""]",No,"[1616, 1645]",Static Function,"gnttab_populate_status_frames(struct domain *,struct grant_table *,unsigned int)",xen/common/grant_table.c,,,,4,25,1,,,,,,,,,,,,,,,,,,,,,,,,,,,,,,,6,30,4,25,5,13,1,0,0,10,6,17,21,2,0,19,5,5,5,3,4,,,,,4,,2,3,,0.04,,,,
343,Yes,Yes,1f2c7894dfe3d52f33655de202bd474999a1637b,"[""CVE-2017-15597""]",No,"[1953, 2011]",Static Function,"gnttab_prepare_for_transfer(struct domain *,struct domain *,grant_ref_t)",xen/common/grant_table.c,,,,11,48,0,,,,,,,,,,,,,,,,,,,,,,,,,,,,,,,11,59,11,48,7,32,0,0,0,12,18,24,29,4,3,22,6,6,7,6,13,,,,,13,,2,13,,0.00,,,,
343,Yes,Yes,1f2c7894dfe3d52f33655de202bd474999a1637b,"[""CVE-2017-15597""]",No,"[1902, 1947]",Static Function,"gnttab_query_size((*) (),unsigned int)",xen/common/grant_table.c,,,,11,35,0,,,,,,,,,,,,,,,,,,,,,,,,,,,,,,,6,46,11,35,6,22,0,0,0,13,18,19,25,3,0,22,7,7,7,6,5,,,,,5,,1,5,,0.00,,,,
343,Yes,Yes,1f2c7894dfe3d52f33655de202bd474999a1637b,"[""CVE-2017-15597""]",No,"[3511, 3616]",Function,gnttab_release_mappings(struct domain *),xen/common/grant_table.c,,,,16,89,1,,,,,,,,,,,,,,,,,,,,,,,,,,,,,,,13,106,16,89,13,58,1,0,0,20,529,45,61,9,0,52,17,17,19,4,4,,,,,4,,5,2,,0.01,,,,
343,Yes,Yes,1f2c7894dfe3d52f33655de202bd474999a1637b,"[""CVE-2017-15597""]",No,"[2859, 3005]",Static Function,gnttab_set_version((*) ()),xen/common/grant_table.c,,,,15,120,12,,,,,,,,,,,,,,,,,,,,,,,,,,,,,,,16,147,15,120,10,86,12,0,0,22,25921,58,89,7,0,82,27,21,29,19,23,,,,,23,,4,22,,0.10,,,,
343,Yes,Yes,1f2c7894dfe3d52f33655de202bd474999a1637b,"[""CVE-2017-15597""]",No,"[1811, 1900]",Static Function,"gnttab_setup_table((*) (),unsigned int,unsigned int)",xen/common/grant_table.c,,,,15,74,1,,,,,,,,,,,,,,,,,,,,,,,,,,,,,,,11,90,15,74,10,51,1,0,0,21,771,35,48,6,0,42,14,14,17,10,9,,,,,9,,2,9,,0.01,,,,
343,Yes,Yes,1f2c7894dfe3d52f33655de202bd474999a1637b,"[""CVE-2017-15597""]",No,"[3179, 3198]",Static Function,"gnttab_swap_grant_ref((*) (),unsigned int)",xen/common/grant_table.c,,,,1,19,0,,,,,,,,,,,,,,,,,,,,,,,,,,,,,,,4,20,1,19,5,10,0,0,0,8,5,10,14,2,0,12,5,5,6,5,9,,,,,9,,2,9,,0.00,,,,
343,Yes,Yes,1f2c7894dfe3d52f33655de202bd474999a1637b,"[""CVE-2017-15597""]",No,"[2013, 2228]",Static Function,"gnttab_transfer((*) (),unsigned int)",xen/common/grant_table.c,,,,36,164,17,,,,,,,,,,,,,,,,,,,,,,,,,,,,,,,18,216,35,155,17,109,17,7,3,48,23043,86,106,14,0,92,23,23,28,14,34,,,,,33,,3,32,,0.11,,,,
343,Yes,Yes,1f2c7894dfe3d52f33655de202bd474999a1637b,"[""CVE-2017-15597""]",No,"[1570, 1614]",Static Function,"gnttab_unmap_and_replace((*) (),unsigned int)",xen/common/grant_table.c,,,,9,36,0,,,,,,,,,,,,,,,,,,,,,,,,,,,,,,,3,45,9,36,6,24,0,0,0,10,21,25,32,3,0,29,8,8,9,6,17,,,,,17,,3,17,,0.00,,,,
343,Yes,Yes,1f2c7894dfe3d52f33655de202bd474999a1637b,"[""CVE-2017-15597""]",No,"[123, 138]",Struct,gnttab_unmap_common,xen/common/grant_table.c,0,0,0,2,11,3,0,0,0,0,0,0,0,0,0,1,0,,0,0,,,,,0,9,0,0,9,0,0,0,0,0,0,0,,16,2,11,10,0,3,0,0,,,,9,9,0,0,,,,,,0,0,0,0,,0,0,,0,0.27,0,0,0,0
343,Yes,Yes,1f2c7894dfe3d52f33655de202bd474999a1637b,"[""CVE-2017-15597""]",No,"[1505, 1549]",Static Function,"gnttab_unmap_grant_ref((*) (),unsigned int)",xen/common/grant_table.c,,,,9,36,0,,,,,,,,,,,,,,,,,,,,,,,,,,,,,,,3,45,9,36,6,24,0,0,0,10,21,25,32,3,0,29,8,8,9,6,17,,,,,17,,3,17,,0.00,,,,
343,Yes,Yes,1f2c7894dfe3d52f33655de202bd474999a1637b,"[""CVE-2017-15597""]",No,"[1647, 1664]",Static Function,"gnttab_unpopulate_status_frames(struct domain *,struct grant_table *)",xen/common/grant_table.c,,,,2,16,0,,,,,,,,,,,,,,,,,,,,,,,,,,,,,,,5,18,2,16,4,9,0,0,0,10,3,10,12,2,0,10,3,3,3,1,0,,,,,0,,2,0,,0.00,,,,
343,Yes,Yes,1f2c7894dfe3d52f33655de202bd474999a1637b,"[""CVE-2017-15597""]",No,"[3871, 3876]",Static Function,gnttab_usage_init(),xen/common/grant_table.c,,,,0,6,0,,,,,,,,,,,,,,,,,,,,,,,,,,,,,,,0,6,0,6,1,3,0,0,0,2,1,2,2,0,0,2,1,1,1,1,0,,,,,0,,0,0,,0.00,,,,
343,Yes,Yes,1f2c7894dfe3d52f33655de202bd474999a1637b,"[""CVE-2017-15597""]",No,"[3803, 3860]",Static Function,gnttab_usage_print(struct domain *),xen/common/grant_table.c,,,,11,46,1,,,,,,,,,,,,,,,,,,,,,,,,,,,,,,,17,58,11,46,8,30,1,0,0,9,10,26,30,7,0,23,5,5,5,3,2,,,,,2,,2,1,,0.02,,,,
343,Yes,Yes,1f2c7894dfe3d52f33655de202bd474999a1637b,"[""CVE-2017-15597""]",No,"[3862, 3869]",Static Function,gnttab_usage_print_all(unsigned char),xen/common/grant_table.c,,,,0,8,0,,,,,,,,,,,,,,,,,,,,,,,,,,,,,,,1,8,0,8,2,4,0,0,0,3,1,4,4,1,0,3,1,1,1,1,0,,,,,0,,0,0,,0.00,,,,
343,Yes,Yes,1f2c7894dfe3d52f33655de202bd474999a1637b,"[""CVE-2017-15597""]",No,"[114, 120]",Union,grant_combo,xen/common/grant_table.c,0,0,0,0,7,0,0,0,0,0,0,0,0,0,0,0,0,,0,0,,,,,0,2,0,0,2,0,0,0,0,0,0,0,,7,0,7,6,0,0,0,0,,,,4,4,0,0,,,,,,0,0,0,0,,0,0,,0,0.00,0,0,0,0
343,Yes,Yes,1f2c7894dfe3d52f33655de202bd474999a1637b,"[""CVE-2017-15597""]",No,"[789, 830]",Static Function,"grant_map_exists(const struct domain *,struct grant_table *,unsigned long,grant_ref_t *)",xen/common/grant_table.c,,,,8,27,7,,,,,,,,,,,,,,,,,,,,,,,,,,,,,,,9,42,8,27,7,14,7,0,0,6,5,13,16,3,0,13,4,4,6,4,4,,,,,4,,2,4,,0.26,,,,
343,Yes,Yes,1f2c7894dfe3d52f33655de202bd474999a1637b,"[""CVE-2017-15597""]",No,"[155, 161]",Struct,grant_mapping,xen/common/grant_table.c,0,0,0,0,7,5,0,0,0,0,0,0,0,0,0,0,0,,0,0,,,,,0,5,0,0,5,0,0,0,0,0,0,0,,7,0,7,6,0,5,0,0,,,,5,5,0,0,,,,,,0,0,0,0,,0,0,,0,0.71,0,0,0,0
343,Yes,Yes,1f2c7894dfe3d52f33655de202bd474999a1637b,"[""CVE-2017-15597""]",No,"[256, 259]",Static Function,grant_read_lock(struct grant_table *),xen/common/grant_table.c,,,,0,4,0,,,,,,,,,,,,,,,,,,,,,,,,,,,,,,,15,4,0,4,1,1,0,0,0,2,1,1,1,0,0,1,1,1,1,1,0,,,,,0,,0,0,,0.00,,,,
343,Yes,Yes,1f2c7894dfe3d52f33655de202bd474999a1637b,"[""CVE-2017-15597""]",No,"[261, 264]",Static Function,grant_read_unlock(struct grant_table *),xen/common/grant_table.c,,,,0,4,0,,,,,,,,,,,,,,,,,,,,,,,,,,,,,,,15,4,0,4,1,1,0,0,0,2,1,1,1,0,0,1,1,1,1,1,0,,,,,0,,0,0,,0.00,,,,
343,Yes,Yes,1f2c7894dfe3d52f33655de202bd474999a1637b,"[""CVE-2017-15597""]",No,"[44, 83]",Struct,grant_table,xen/common/grant_table.c,0,0,0,2,20,18,0,0,0,0,0,0,0,0,0,6,0,,0,0,,,,,0,16,0,0,13,0,0,0,0,0,0,0,,40,2,20,18,0,18,0,0,,,,17,17,0,0,,,,,,0,0,0,0,,0,0,,0,0.90,0,0,0,0
343,Yes,Yes,1f2c7894dfe3d52f33655de202bd474999a1637b,"[""CVE-2017-15597""]",Yes,,File,grant_table.c,xen/common/grant_table.c,7,37,3,611,2936,363,7,7,8,4,46,7,36,3,,,,0,,,,,,75,,,,,,,,,,,,,,3892,603,2797,474,1783,363,59,89,,,1507,1997,343,9,1645,,,,,,56,56,70,28,,,5,,,0.13,522,504,613,329
343,Yes,Yes,1f2c7894dfe3d52f33655de202bd474999a1637b,"[""CVE-2017-15597""]",No,"[3485, 3509]",Function,grant_table_create(struct domain *),xen/common/grant_table.c,,,,5,18,2,,,,,,,,,,,,,,,,,,,,,,,,,,,,,,,5,25,5,18,5,10,2,0,0,9,3,9,11,2,0,9,3,3,3,1,1,,,,,0,,1,0,,0.11,,,,
343,Yes,Yes,1f2c7894dfe3d52f33655de202bd474999a1637b,"[""CVE-2017-15597""]",No,"[3662, 3692]",Function,grant_table_destroy(struct domain *),xen/common/grant_table.c,,,,7,24,0,,,,,,,,,,,,,,,,,,,,,,,,,,,,,,,6,31,7,24,5,18,0,0,0,10,17,22,27,2,0,25,6,6,6,1,1,,,,,0,,1,0,,0.00,,,,
343,Yes,Yes,1f2c7894dfe3d52f33655de202bd474999a1637b,"[""CVE-2017-15597""]",No,"[1742, 1809]",Static Function,"grant_table_init(struct domain *,struct grant_table *,unsigned int,unsigned int)",xen/common/grant_table.c,,,,12,51,5,,,,,,,,,,,,,,,,,,,,,,,,,,,,,,,12,68,12,51,4,38,5,0,0,19,192,28,36,1,0,35,9,9,9,8,7,,,,,7,,2,7,,0.10,,,,
343,Yes,Yes,1f2c7894dfe3d52f33655de202bd474999a1637b,"[""CVE-2017-15597""]",No,"[3694, 3699]",Function,grant_table_init_vcpu(struct vcpu *),xen/common/grant_table.c,,,,0,6,0,,,,,,,,,,,,,,,,,,,,,,,,,,,,,,,2,6,0,6,1,3,0,0,0,4,1,3,3,0,0,3,1,1,1,1,0,,,,,0,,0,0,,0.00,,,,
343,Yes,Yes,1f2c7894dfe3d52f33655de202bd474999a1637b,"[""CVE-2017-15597""]",No,"[3701, 3715]",Function,"grant_table_set_limits(struct domain *,unsigned int,unsigned int)",xen/common/grant_table.c,,,,2,12,1,,,,,,,,,,,,,,,,,,,,,,,,,,,,,,,6,15,2,12,3,8,1,0,0,2,3,4,6,1,0,5,3,3,5,3,2,,,,,2,,1,2,,0.08,,,,
343,Yes,Yes,1f2c7894dfe3d52f33655de202bd474999a1637b,"[""CVE-2017-15597""]",No,"[3618, 3660]",Function,grant_table_warn_active_grants(struct domain *),xen/common/grant_table.c,,,,7,36,0,,,,,,,,,,,,,,,,,,,,,,,,,,,,,,,6,43,7,30,5,21,0,0,6,7,10,15,19,4,0,15,5,5,5,3,1,,,,,1,,2,1,,0.00,,,,
343,Yes,Yes,1f2c7894dfe3d52f33655de202bd474999a1637b,"[""CVE-2017-15597""]",No,"[330, 333]",Static Function,grant_to_status_frames(unsigned int),xen/common/grant_table.c,,,,0,4,0,,,,,,,,,,,,,,,,,,,,,,,,,,,,,,,5,4,0,4,1,1,0,0,0,2,1,1,1,0,0,1,1,1,1,1,0,,,,,0,,0,0,,0.00,,,,
343,Yes,Yes,1f2c7894dfe3d52f33655de202bd474999a1637b,"[""CVE-2017-15597""]",No,"[266, 269]",Static Function,grant_write_lock(struct grant_table *),xen/common/grant_table.c,,,,0,4,0,,,,,,,,,,,,,,,,,,,,,,,,,,,,,,,8,4,0,4,1,1,0,0,0,2,1,1,1,0,0,1,1,1,1,1,0,,,,,0,,0,0,,0.00,,,,
343,Yes,Yes,1f2c7894dfe3d52f33655de202bd474999a1637b,"[""CVE-2017-15597""]",No,"[271, 274]",Static Function,grant_write_unlock(struct grant_table *),xen/common/grant_table.c,,,,0,4,0,,,,,,,,,,,,,,,,,,,,,,,,,,,,,,,8,4,0,4,1,1,0,0,0,2,1,1,1,0,0,1,1,1,1,1,0,,,,,0,,0,0,,0.00,,,,
343,Yes,Yes,1f2c7894dfe3d52f33655de202bd474999a1637b,"[""CVE-2017-15597""]",No,"[875, 1201]",Static Function,map_grant_ref(struct gnttab_map_grant_ref *),xen/common/grant_table.c,,,,46,263,18,,,,,,,,,,,,,,,,,,,,,,,,,,,,,,,23,327,46,263,25,192,18,0,0,55,1227077,134,180,19,0,161,56,56,70,28,58,,,,,56,,4,56,,0.07,,,,
343,Yes,Yes,1f2c7894dfe3d52f33655de202bd474999a1637b,"[""CVE-2017-15597""]",No,"[834, 866]",Static Function,"mapkind(struct grant_table *,const struct domain *,unsigned long)",xen/common/grant_table.c,,,,4,21,8,,,,,,,,,,,,,,,,,,,,,,,,,,,,,,,16,33,4,21,7,14,8,0,0,4,5,12,15,3,0,12,5,5,7,3,1,,,,,1,,2,1,,0.38,,,,
343,Yes,Yes,1f2c7894dfe3d52f33655de202bd474999a1637b,"[""CVE-2017-15597""]",No,"[297, 301]",Static Function,nr_active_grant_frames(struct grant_table *),xen/common/grant_table.c,,,,0,5,0,,,,,,,,,,,,,,,,,,,,,,,,,,,,,,,3,5,0,5,2,1,0,0,0,3,1,1,1,0,0,1,1,1,1,1,0,,,,,0,,0,0,,0.00,,,,
343,Yes,Yes,1f2c7894dfe3d52f33655de202bd474999a1637b,"[""CVE-2017-15597""]",No,"[597, 614]",Static Function,nr_grant_entries(struct grant_table *),xen/common/grant_table.c,,,,1,17,0,,,,,,,,,,,,,,,,,,,,,,,,,,,,,,,11,18,1,15,1,10,0,0,2,3,3,5,8,0,0,8,3,2,3,1,3,,,,,0,,1,0,,0.00,,,,
343,Yes,Yes,1f2c7894dfe3d52f33655de202bd474999a1637b,"[""CVE-2017-15597""]",No,"[164, 167]",Static Function,nr_grant_frames(const struct grant_table *),xen/common/grant_table.c,,,,0,4,0,,,,,,,,,,,,,,,,,,,,,,,,,,,,,,,11,4,0,4,1,1,0,0,0,1,1,1,1,0,0,1,1,1,1,1,0,,,,,0,,0,0,,0.00,,,,
343,Yes,Yes,1f2c7894dfe3d52f33655de202bd474999a1637b,"[""CVE-2017-15597""]",No,"[179, 183]",Static Function,nr_maptrack_frames(struct grant_table *),xen/common/grant_table.c,,,,0,5,0,,,,,,,,,,,,,,,,,,,,,,,,,,,,,,,5,5,0,5,3,1,0,0,0,1,1,1,1,0,0,1,1,1,1,1,0,,,,,0,,0,0,,0.00,,,,
343,Yes,Yes,1f2c7894dfe3d52f33655de202bd474999a1637b,"[""CVE-2017-15597""]",No,"[170, 173]",Static Function,nr_status_frames(const struct grant_table *),xen/common/grant_table.c,,,,0,4,0,,,,,,,,,,,,,,,,,,,,,,,,,,,,,,,8,4,0,4,1,1,0,0,0,1,1,1,1,0,0,1,1,1,1,1,0,,,,,0,,0,0,,0.00,,,,
343,Yes,Yes,1f2c7894dfe3d52f33655de202bd474999a1637b,"[""CVE-2017-15597""]",No,"[282, 292]",Static Function,num_act_frames_from_sha_frames(const unsigned int),xen/common/grant_table.c,,,,1,6,4,,,,,,,,,,,,,,,,,,,,,,,,,,,,,,,4,11,1,6,4,2,4,0,0,2,1,2,2,1,0,1,1,1,1,1,0,,,,,0,,0,0,,0.67,,,,
343,Yes,Yes,1f2c7894dfe3d52f33655de202bd474999a1637b,"[""CVE-2017-15597""]",No,"[485, 511]",Static Function,"put_maptrack_handle(struct grant_table *,grant_handle_t)",xen/common/grant_table.c,,,,6,18,3,,,,,,,,,,,,,,,,,,,,,,,,,,,,,,,11,27,6,18,9,11,3,0,0,9,1,12,12,3,0,9,2,2,2,1,0,,,,,0,,1,0,,0.17,,,,
343,Yes,Yes,1f2c7894dfe3d52f33655de202bd474999a1637b,"[""CVE-2017-15597""]",No,"[2234, 2294]",Static Function,"release_grant_for_copy(struct domain *,grant_ref_t,bool)",xen/common/grant_table.c,,,,9,48,4,,,,,,,,,,,,,,,,,,,,,,,,,,,,,,,13,61,9,48,10,27,4,0,0,9,24,26,31,7,0,24,6,6,6,1,2,,,,,0,,2,0,,0.08,,,,
343,Yes,Yes,1f2c7894dfe3d52f33655de202bd474999a1637b,"[""CVE-2017-15597""]",No,"[196, 204]",Static Function,"shared_entry_header(struct grant_table *,grant_ref_t)",xen/common/grant_table.c,,,,0,9,0,,,,,,,,,,,,,,,,,,,,,,,,,,,,,,,14,9,0,9,2,5,0,0,0,2,2,3,4,0,0,4,2,2,2,1,1,,,,,0,,1,0,,0.00,,,,
343,Yes,Yes,1f2c7894dfe3d52f33655de202bd474999a1637b,"[""CVE-2017-15597""]",No,"[454, 483]",Static Function,"steal_maptrack_handle(struct grant_table *,const struct vcpu *)",xen/common/grant_table.c,,,,5,23,2,,,,,,,,,,,,,,,,,,,,,,,,,,,,,,,7,30,5,23,6,13,2,0,0,6,5,11,14,3,0,11,5,5,5,4,3,,,,,3,,3,3,,0.09,,,,
343,Yes,Yes,1f2c7894dfe3d52f33655de202bd474999a1637b,"[""CVE-2017-15597""]",No,"[3115, 3177]",Static Function,"swap_grant_ref(grant_ref_t,grant_ref_t)",xen/common/grant_table.c,,,,13,48,2,,,,,,,,,,,,,,,,,,,,,,,,,,,,,,,9,63,13,48,10,36,2,0,0,11,256,42,50,8,0,42,13,13,13,6,6,,,,,5,,2,5,,0.04,,,,
343,Yes,Yes,1f2c7894dfe3d52f33655de202bd474999a1637b,"[""CVE-2017-15597""]",No,"[1551, 1568]",Static Function,"unmap_and_replace(struct gnttab_unmap_and_replace *,struct gnttab_unmap_common *)",xen/common/grant_table.c,,,,2,15,1,,,,,,,,,,,,,,,,,,,,,,,,,,,,,,,7,18,2,15,4,9,1,0,0,11,1,9,9,0,0,9,1,1,1,1,0,,,,,0,,0,0,,0.07,,,,
343,Yes,Yes,1f2c7894dfe3d52f33655de202bd474999a1637b,"[""CVE-2017-15597""]",No,"[1227, 1403]",Static Function,unmap_common(struct gnttab_unmap_common *),xen/common/grant_table.c,,,,30,124,24,,,,,,,,,,,,,,,,,,,,,,,,,,,,,,,20,177,30,124,14,86,24,0,0,31,5380,71,89,10,0,79,20,20,27,11,11,,,,,10,,2,10,,0.19,,,,
343,Yes,Yes,1f2c7894dfe3d52f33655de202bd474999a1637b,"[""CVE-2017-15597""]",No,"[1405, 1483]",Static Function,unmap_common_complete(struct gnttab_unmap_common *),xen/common/grant_table.c,,,,15,63,1,,,,,,,,,,,,,,,,,,,,,,,,,,,,,,,14,79,15,63,8,44,1,0,0,17,393,31,43,6,0,37,13,13,14,1,5,,,,,0,,3,0,,0.02,,,,
343,Yes,Yes,1f2c7894dfe3d52f33655de202bd474999a1637b,"[""CVE-2017-15597""]",No,"[1485, 1502]",Static Function,"unmap_grant_ref(struct gnttab_unmap_grant_ref *,struct gnttab_unmap_common *)",xen/common/grant_table.c,,,,2,15,1,,,,,,,,,,,,,,,,,,,,,,,,,,,,,,,7,18,2,15,4,9,1,0,0,11,1,9,9,0,0,9,1,1,1,1,0,,,,,0,,0,0,,0.07,,,,
