Topological Index,Affected Commit,Vulnerable Commit,Commit Hash,Vulnerable Code Unit,Patched Code Unit,Visibility,Complement,Kind,Name,File,AltCountLineBlank,AltCountLineCode,AltCountLineComment,CountInput,CountLine,CountLineBlank,CountLineCode,CountLineCodeDecl,CountLineCodeExe,CountLineComment,CountLineInactive,CountLinePreprocessor,CountOutput,CountPath,CountSemicolon,CountStmt,CountStmtDecl,CountStmtEmpty,CountStmtExe,Cyclomatic,CyclomaticModified,CyclomaticStrict,Essential,Knots,MaxEssentialKnots,MaxNesting,MinEssentialKnots,RatioCommentToCode
422,No,No,789589968ed90e82a832dbc60e958c76b787be7e,No,No,default,none,Function,ASSERT(),xen/arch/arm/mm.c,1,14,1,264,15,1,14,11,5,1,0,0,5,1,2,2,0,0,2,1,1,1,1,0,0,0,0,0
422,No,No,789589968ed90e82a832dbc60e958c76b787be7e,No,No,default,none,Function,DL_EXPORT(),tools/python/xen/lowlevel/xc/xc.c,9,31,2,2,42,9,23,3,18,2,2,6,10,4,16,19,1,0,18,4,4,4,4,3,3,1,3,0
422,No,No,789589968ed90e82a832dbc60e958c76b787be7e,No,No,default,none,Function,DevicePathType(),xen/common/efi/boot.c,3,27,0,4,30,3,27,5,18,0,0,0,11,12,12,16,2,0,14,5,5,6,1,0,0,2,0,0
422,No,No,789589968ed90e82a832dbc60e958c76b787be7e,No,No,default,Static,Static Function,PyXc_dealloc(XcObject *),tools/python/xen/lowlevel/xc/xc.c,1,8,0,2,9,1,8,1,4,0,0,0,5,2,3,4,0,0,4,2,2,2,1,0,0,1,0,0
422,No,No,789589968ed90e82a832dbc60e958c76b787be7e,No,No,default,Static,Static Function,"PyXc_init(XcObject *,PyObject *,PyObject *)",tools/python/xen/lowlevel/xc/xc.c,1,9,0,0,10,1,9,2,4,0,0,0,5,2,3,4,0,0,4,2,2,2,1,1,0,1,0,0
422,No,No,789589968ed90e82a832dbc60e958c76b787be7e,No,No,default,Static,Static Function,"PyXc_new(PyTypeObject *,PyObject *,PyObject *)",tools/python/xen/lowlevel/xc/xc.c,3,8,0,2,11,3,8,2,5,0,0,0,3,2,4,5,1,0,4,2,2,2,1,1,0,1,0,0
422,No,No,789589968ed90e82a832dbc60e958c76b787be7e,No,No,default,Static,Static Function,VABORT_GEN_BY_GUEST(const struct cpu_user_regs *),xen/include/asm-arm/traps.h,0,5,0,4,5,0,5,1,2,0,0,0,1,1,1,1,0,0,1,1,1,2,1,0,0,0,0,0
422,No,No,789589968ed90e82a832dbc60e958c76b787be7e,,No,default,none,Function,__END_DECLS(),,0,0,0,0,0,0,0,0,0,0,0,0,1,0,0,0,0,0,0,0,0,0,0,0,0,0,0,0
422,No,No,789589968ed90e82a832dbc60e958c76b787be7e,No,No,default,Static,Static Function,__alloc_amd_iommu_tables(int),xen/include/asm-x86/hvm/svm/amd-iommu-proto.h,0,6,0,1,6,0,6,2,2,0,0,0,2,1,3,3,1,0,2,1,1,1,1,0,0,0,0,0
422,No,No,789589968ed90e82a832dbc60e958c76b787be7e,No,No,default,Static,Static Function,"__arm_smmu_alloc_bitmap(unsigned long *,int,int)",xen/drivers/passthrough/arm/smmu.c,2,10,0,5,12,2,10,2,6,0,0,0,3,2,5,6,1,0,5,3,3,3,3,2,2,2,2,0
422,No,No,789589968ed90e82a832dbc60e958c76b787be7e,No,No,default,Static,Static Function,"__arm_smmu_free_bitmap(unsigned long *,int)",xen/drivers/passthrough/arm/smmu.c,0,4,0,5,4,0,4,1,1,0,0,0,1,1,1,1,0,0,1,1,1,1,1,0,0,0,0,0
422,No,No,789589968ed90e82a832dbc60e958c76b787be7e,No,No,default,Static,Static Function,"__arm_smmu_get_pci_sid(struct pci_dev *,u16,void *)",xen/drivers/passthrough/arm/smmu.c,0,5,1,1,5,0,5,1,2,1,0,0,2,1,2,2,0,0,2,1,1,1,1,0,0,0,0,0
422,No,No,789589968ed90e82a832dbc60e958c76b787be7e,No,No,default,Static,Static Function,__arm_smmu_release_pci_iommudata(void *),xen/drivers/passthrough/arm/smmu.c,0,4,0,1,4,0,4,1,1,0,0,0,1,1,1,1,0,0,1,1,1,1,1,0,0,0,0,0
422,No,No,789589968ed90e82a832dbc60e958c76b787be7e,No,No,default,Static,Static Function,"__assign_irq_vector(int,struct irq_desc *,const cpumask_t *)",xen/arch/x86/irq.c,15,75,17,14,107,15,75,8,57,17,0,0,22,515,42,53,6,0,47,12,12,15,8,6,5,2,5,0
422,No,No,789589968ed90e82a832dbc60e958c76b787be7e,No,No,default,Static,Static Function,__backpointer(const struct page_info *),xen/arch/x86/mm/shadow/private.h,0,11,0,8,11,0,11,1,6,0,0,0,2,2,2,6,0,0,6,4,2,4,1,1,0,1,0,0
422,No,No,789589968ed90e82a832dbc60e958c76b787be7e,No,No,default,Static,Static Function,__clear_current_vvmcs(struct vcpu *),xen/arch/x86/hvm/vmx/vvmx.c,1,6,0,3,7,1,6,2,3,0,0,0,2,2,2,3,1,0,2,2,2,2,1,0,0,1,0,0
422,No,No,789589968ed90e82a832dbc60e958c76b787be7e,No,No,default,Static,Static Function,__clear_irq_vector(int),xen/arch/x86/irq.c,13,39,2,9,54,13,39,4,28,2,0,0,17,6,25,28,3,0,25,4,4,4,1,1,0,1,0,0
422,No,No,789589968ed90e82a832dbc60e958c76b787be7e,No,No,default,Static,Static Function,__context_switch(),xen/arch/x86/domain.c,17,71,6,14,94,17,66,12,48,5,4,2,31,2304,40,53,11,0,42,18,18,24,1,0,0,3,0,0
422,No,No,789589968ed90e82a832dbc60e958c76b787be7e,No,No,default,Static,Static Function,"__copy_mfn_to_guest_offset(__guest_handle_xen_pfn_t,size_t,mfn_t)",xen/common/memory.c,1,7,0,6,8,1,7,4,2,0,0,0,3,1,2,2,1,0,1,1,1,1,1,0,0,0,0,0
422,No,No,789589968ed90e82a832dbc60e958c76b787be7e,No,No,default,none,Function,__cpu_die(unsigned int),xen/arch/x86/smpboot.c,1,14,1,2,16,1,14,3,8,1,0,0,5,3,7,9,2,0,7,3,3,3,1,0,0,2,0,0
422,No,No,789589968ed90e82a832dbc60e958c76b787be7e,No,No,default,none,Function,__cpu_disable(),xen/arch/x86/smpboot.c,6,17,2,0,25,6,17,2,14,2,0,0,14,2,15,16,1,0,15,3,3,3,1,0,0,1,0,0
422,No,No,789589968ed90e82a832dbc60e958c76b787be7e,No,No,default,none,Function,__cpu_up(unsigned int),xen/arch/x86/smpboot.c,5,16,0,2,21,5,16,2,10,0,0,0,8,4,10,13,1,0,12,5,5,5,3,2,2,1,2,0
422,No,No,789589968ed90e82a832dbc60e958c76b787be7e,,No,default,none,Function,__ctype_get_mb_cur_max(),,0,0,0,0,0,0,0,0,0,0,0,0,1,0,0,0,0,0,0,0,0,0,0,0,0,0,0,0
422,No,No,789589968ed90e82a832dbc60e958c76b787be7e,No,No,default,none,Function,__div0(),xen/arch/arm/traps.c,0,5,0,0,5,0,5,1,2,0,0,0,2,1,2,2,0,0,2,1,1,1,1,0,0,0,0,0
422,No,No,789589968ed90e82a832dbc60e958c76b787be7e,No,No,default,Static,Static Function,__do_IRQ_guest(int),xen/arch/x86/irq.c,5,45,1,14,51,5,45,8,31,1,0,0,23,22,28,35,7,0,28,8,8,11,1,1,0,2,0,0
422,No,No,789589968ed90e82a832dbc60e958c76b787be7e,No,No,default,Static,Static Function,__do_iommu_page_fault(struct iommu *),xen/drivers/passthrough/vtd/iommu.c,11,54,4,8,69,11,54,9,36,4,0,0,8,20,33,38,8,0,30,6,6,6,4,3,3,2,3,0
422,No,No,789589968ed90e82a832dbc60e958c76b787be7e,No,No,default,Static,Static Function,"__do_trap_serror(struct cpu_user_regs *,bool)",xen/arch/arm/traps.c,4,17,20,8,41,4,17,1,9,20,0,0,2,7,5,9,0,0,9,5,5,5,5,8,8,2,8,1
422,No,No,789589968ed90e82a832dbc60e958c76b787be7e,No,No,default,none,Function,__domain_crash(struct domain *),xen/common/domain.c,1,18,1,61,20,1,18,1,9,1,0,0,5,3,4,6,0,0,6,3,3,3,1,2,0,1,0,0
422,No,No,789589968ed90e82a832dbc60e958c76b787be7e,No,No,default,Static,Static Function,__domain_finalise_shutdown(struct domain *),xen/common/domain.c,4,15,0,10,19,4,15,2,11,0,0,0,7,12,10,15,1,0,14,8,8,9,4,5,5,2,4,0
422,No,No,789589968ed90e82a832dbc60e958c76b787be7e,No,No,default,none,Function,"__domain_pause_by_systemcontroller(struct domain *,void (*) ())",xen/common/domain.c,5,15,4,4,24,5,15,3,10,4,0,0,2,2,8,9,1,0,8,3,3,3,3,2,2,2,2,0
422,No,No,789589968ed90e82a832dbc60e958c76b787be7e,No,No,default,Static,Static Function,__enable_x2apic(),xen/arch/x86/apic.c,1,11,0,2,12,1,11,2,5,0,0,0,2,2,5,6,1,0,5,2,2,2,1,0,0,1,0,0
422,No,No,789589968ed90e82a832dbc60e958c76b787be7e,No,No,default,Static,Static Function,__ept_sync_domain(void *),xen/arch/x86/mm/p2m-ept.c,0,3,4,0,7,0,3,1,0,4,0,0,0,1,0,0,0,0,0,1,1,1,1,0,0,0,0,1
422,No,No,789589968ed90e82a832dbc60e958c76b787be7e,,No,default,none,Function,__errno_location(),,0,0,0,116,0,0,0,0,0,0,0,0,2,0,0,0,0,0,0,0,0,0,0,0,0,0,0,0
422,No,No,789589968ed90e82a832dbc60e958c76b787be7e,No,No,default,none,Function,__find_governor(const char *),xen/drivers/cpufreq/cpufreq.c,3,10,0,2,13,3,10,2,6,0,0,0,3,2,4,5,1,0,4,2,2,2,1,1,0,1,0,0
422,No,No,789589968ed90e82a832dbc60e958c76b787be7e,No,No,default,Static,Static Function,"__free_amd_iommu_tables(void *,int)",xen/include/asm-x86/hvm/svm/amd-iommu-proto.h,0,4,0,2,4,0,4,1,1,0,0,0,1,1,1,1,0,0,1,1,1,1,1,0,0,0,0,0
422,No,No,789589968ed90e82a832dbc60e958c76b787be7e,No,No,default,Static,Static Function,__get_cmos_time(struct rtc_time *),xen/arch/x86/time.c,2,20,0,8,22,2,20,1,15,0,0,0,9,4,13,15,0,0,15,3,3,4,1,0,0,1,0,0
422,No,No,789589968ed90e82a832dbc60e958c76b787be7e,No,No,default,none,Function,"__get_gfn_type_access(struct p2m_domain *,unsigned long,p2m_type_t *,p2m_access_t *,p2m_query_t,unsigned int *,bool_t)",xen/arch/x86/mm/p2m.c,7,31,7,11,45,7,31,5,19,7,0,0,16,38,15,22,2,0,20,9,9,11,1,1,0,3,0,0
422,No,No,789589968ed90e82a832dbc60e958c76b787be7e,No,No,default,Static,Static Function,__grab_shared_page(mfn_t),xen/arch/x86/mm/mem_sharing.c,4,15,2,6,21,4,15,2,10,2,0,0,7,4,7,10,1,0,9,4,4,4,4,3,3,1,3,0
422,No,No,789589968ed90e82a832dbc60e958c76b787be7e,No,No,default,Static,Static Function,"__invept(unsigned long,uint64_t)",xen/include/asm-x86/hvm/vmx/vmx.h,2,26,5,3,33,2,18,4,4,5,2,6,1,2,4,5,2,1,2,2,2,3,1,0,0,1,0,0
422,No,No,789589968ed90e82a832dbc60e958c76b787be7e,No,No,default,Static,Static Function,"__invvpid(unsigned long,u16,u64)",xen/include/asm-x86/hvm/vmx/vmx.h,1,27,2,5,30,1,19,6,1,2,2,6,1,1,5,5,4,1,0,1,1,1,1,0,0,0,0,0
422,No,No,789589968ed90e82a832dbc60e958c76b787be7e,No,No,default,Static,Static Function,"__iommu_flush_cache(void *,unsigned int)",xen/drivers/passthrough/vtd/iommu.c,3,11,0,5,14,3,11,3,7,0,0,0,2,5,7,10,2,0,8,4,4,4,1,1,0,1,0,0
422,No,No,789589968ed90e82a832dbc60e958c76b787be7e,No,No,default,none,Function,__irq_to_desc(int),xen/arch/arm/irq.c,1,6,0,2,7,1,6,1,3,0,0,0,2,2,2,3,0,0,3,2,2,2,1,1,0,1,0,0
422,No,No,789589968ed90e82a832dbc60e958c76b787be7e,No,No,default,none,Function,"__mem_sharing_unshare_page(struct domain *,unsigned long,uint16_t)",xen/arch/x86/mm/mem_sharing.c,14,90,15,8,119,14,90,8,61,15,0,0,32,113,51,63,5,0,58,14,14,14,7,9,8,4,8,0
422,No,No,789589968ed90e82a832dbc60e958c76b787be7e,No,No,default,none,Function,"__msi_set_enable(u16,u8,u8,u8,int,int)",xen/arch/x86/msi.c,1,8,0,8,9,1,8,2,5,0,0,0,2,2,4,5,1,0,4,2,2,2,1,0,0,1,0,0
422,No,No,789589968ed90e82a832dbc60e958c76b787be7e,No,No,default,Static,Static Function,__n2_exec_control(struct vcpu *),xen/arch/x86/hvm/vmx/vvmx.c,0,4,0,8,4,0,4,1,1,0,0,0,2,1,1,1,0,0,1,1,1,1,1,0,0,0,0,0
422,No,No,789589968ed90e82a832dbc60e958c76b787be7e,No,No,default,Static,Static Function,__n2_pin_exec_control(struct vcpu *),xen/arch/x86/hvm/vmx/vvmx.c,0,4,0,2,4,0,4,1,1,0,0,0,2,1,1,1,0,0,1,1,1,1,1,0,0,0,0,0
422,No,No,789589968ed90e82a832dbc60e958c76b787be7e,No,No,default,Static,Static Function,__n2_secondary_exec_control(struct vcpu *),xen/arch/x86/hvm/vmx/vvmx.c,2,7,0,3,9,2,7,2,4,0,0,0,3,2,3,4,1,0,3,2,2,2,1,0,0,1,0,0
422,No,No,789589968ed90e82a832dbc60e958c76b787be7e,No,No,default,Static,Static Function,__ns16550_poll(struct cpu_user_regs *),xen/drivers/char/ns16550.c,5,17,1,7,22,5,17,3,11,1,0,0,8,7,7,11,2,0,9,5,5,5,4,4,4,2,4,0
422,No,No,789589968ed90e82a832dbc60e958c76b787be7e,No,No,default,Static,Static Function,"__p2m_get_mem_access(struct domain *,gfn_t,xenmem_access_t *)",xen/arch/arm/mem_access.c,10,49,8,7,67,10,47,18,33,8,0,2,14,6,18,23,5,0,18,6,6,6,6,7,7,2,7,0
422,No,No,789589968ed90e82a832dbc60e958c76b787be7e,No,No,default,Static,Static Function,"__p2m_set_entry(struct p2m_domain *,gfn_t,unsigned int,mfn_t,p2m_type_t,p2m_access_t)",xen/arch/arm/p2m.c,31,111,71,15,211,31,111,21,82,71,0,0,39,599044,63,88,10,1,77,34,34,44,8,13,10,4,9,0
422,No,No,789589968ed90e82a832dbc60e958c76b787be7e,No,No,default,Static,Static Function,"__page_fault_type(unsigned long,const struct cpu_user_regs *)",xen/arch/x86/traps.c,13,73,20,6,106,13,73,10,61,20,0,0,23,194,46,60,8,0,52,15,15,23,12,15,15,2,15,0
422,No,No,789589968ed90e82a832dbc60e958c76b787be7e,No,No,default,Static,Static Function,__page_to_virt(const struct page_info *),xen/include/asm-x86/mm.h,0,8,6,1,14,0,8,1,5,6,0,0,2,1,2,2,0,0,2,1,1,1,1,0,0,0,0,0
422,No,No,789589968ed90e82a832dbc60e958c76b787be7e,No,No,default,Static,Static Function,"__parse_loglvl(const char *,const char **)",xen/drivers/char/console.c,0,10,1,2,10,0,10,1,7,1,0,0,4,7,19,25,0,6,19,7,7,7,7,6,6,1,6,0
422,No,No,789589968ed90e82a832dbc60e958c76b787be7e,No,No,default,Static,Static Function,__pci_disable_msi(struct msi_desc *),xen/arch/x86/msi.c,2,9,0,7,11,2,9,2,5,0,0,0,6,4,6,8,1,0,7,4,4,5,1,0,0,2,0,0
422,No,No,789589968ed90e82a832dbc60e958c76b787be7e,No,No,default,Static,Static Function,__pci_disable_msix(struct msi_desc *),xen/arch/x86/msi.c,4,35,0,15,39,4,35,11,28,0,0,0,14,24,19,24,8,0,16,7,7,8,1,1,0,2,0,0
422,No,No,789589968ed90e82a832dbc60e958c76b787be7e,No,No,default,Static,Static Function,"__pci_enable_msi(struct msi_info *,struct msi_desc **)",xen/arch/x86/msi.c,4,26,0,8,30,4,26,3,17,0,0,0,9,8,13,17,2,0,15,6,6,6,3,2,2,2,2,0
422,No,No,789589968ed90e82a832dbc60e958c76b787be7e,No,No,default,Static,Static Function,"__pci_enable_msix(struct msi_info *,struct msi_desc **)",xen/arch/x86/msi.c,5,34,0,8,39,5,34,7,23,0,0,0,13,10,21,26,6,0,20,7,7,8,4,3,3,2,3,0
422,No,No,789589968ed90e82a832dbc60e958c76b787be7e,No,No,default,Static,Static Function,"__pirq_guest_unbind(struct domain *,struct pirq *,struct irq_desc *)",xen/arch/x86/irq.c,13,62,14,19,89,13,62,6,46,14,0,0,18,31,37,46,4,0,42,9,8,14,3,3,2,2,2,0
422,No,No,789589968ed90e82a832dbc60e958c76b787be7e,No,No,default,none,Function,"__printk_ratelimit(int,int)",xen/drivers/char/console.c,2,40,2,3,43,2,40,10,27,2,0,0,12,6,30,33,9,0,24,4,4,4,1,1,0,2,0,0
422,No,No,789589968ed90e82a832dbc60e958c76b787be7e,No,No,default,none,Function,"__put_gfn(struct p2m_domain *,unsigned long)",xen/arch/x86/mm/p2m.c,2,7,1,4,10,2,7,1,4,1,0,0,4,2,3,4,0,0,4,2,2,3,1,1,0,1,0,0
422,No,No,789589968ed90e82a832dbc60e958c76b787be7e,No,No,default,Static,Static Function,"__put_rep_prefix(struct cpu_user_regs *,struct cpu_user_regs *,int,unsigned long)",xen/arch/x86/x86_emulate/x86_emulate.c,2,12,1,6,15,2,12,6,5,1,0,0,4,2,4,5,1,0,4,2,2,2,1,0,0,1,0,0
422,No,No,789589968ed90e82a832dbc60e958c76b787be7e,No,No,default,Static,Static Function,__putstr(const char *),xen/drivers/char/console.c,5,19,0,5,24,4,9,1,6,0,9,2,7,4,6,8,0,0,8,4,4,4,1,0,0,2,0,0
422,No,No,789589968ed90e82a832dbc60e958c76b787be7e,No,No,default,Static,Static Function,__rdfsbase(),xen/include/asm-x86/msr.h,2,10,0,1,12,2,6,2,1,0,1,3,1,1,3,3,1,1,1,1,1,1,1,0,0,0,0,0
422,No,No,789589968ed90e82a832dbc60e958c76b787be7e,No,No,default,Static,Static Function,__rdgsbase(),xen/include/asm-x86/msr.h,2,10,0,2,12,2,6,2,1,0,1,3,1,1,3,3,1,1,1,1,1,1,1,0,0,0,0,0
422,No,No,789589968ed90e82a832dbc60e958c76b787be7e,No,No,default,Static,Static Function,__read_platform_stime(u64),xen/arch/x86/time.c,0,6,0,6,6,0,6,2,3,0,0,0,5,2,4,5,1,0,4,3,3,3,1,0,0,2,0,0
422,No,No,789589968ed90e82a832dbc60e958c76b787be7e,No,No,default,Static,Static Function,__restore_debug_registers(struct vcpu *),xen/arch/x86/hvm/vmx/vmx.c,2,11,1,10,14,2,11,1,8,1,0,0,5,2,7,8,0,0,8,2,2,2,1,1,0,1,0,0
422,No,No,789589968ed90e82a832dbc60e958c76b787be7e,No,No,default,Static,Static Function,"__restore_debug_registers(struct vmcb_struct *,struct vcpu *)",xen/arch/x86/hvm/svm/svm.c,5,25,0,18,30,5,25,1,20,0,0,0,12,5,19,22,0,0,22,5,5,5,1,1,0,2,0,0
422,No,No,789589968ed90e82a832dbc60e958c76b787be7e,No,No,default,Static,Static Function,"__serial_putc(struct serial_port *,char)",xen/drivers/char/serial.c,5,61,11,13,77,5,61,3,34,11,0,0,9,24,18,30,2,0,28,13,13,15,5,9,6,5,6,0
422,No,No,789589968ed90e82a832dbc60e958c76b787be7e,No,No,default,Static,Static Function,"__serial_rx(char,struct cpu_user_regs *)",xen/drivers/char/console.c,6,32,13,6,51,4,13,1,8,8,22,4,4,4,4,8,0,0,8,4,3,4,3,2,2,2,2,0
422,No,No,789589968ed90e82a832dbc60e958c76b787be7e,No,No,default,Static,Static Function,__set_eoi_ready(struct irq_desc *),xen/arch/x86/irq.c,4,18,0,11,22,4,18,4,14,0,0,0,5,2,10,11,3,0,8,3,3,5,1,1,0,1,0,0
422,No,No,789589968ed90e82a832dbc60e958c76b787be7e,No,No,default,none,Function,"__set_fixmap(enum fixed_addresses,unsigned long,unsigned long)",xen/arch/x86/mm.c,0,6,0,3,6,0,6,2,2,0,0,0,5,2,3,4,0,0,4,3,3,3,1,0,0,2,0,0
422,No,No,789589968ed90e82a832dbc60e958c76b787be7e,No,No,default,Static,Static Function,__setup_APIC_LVTT(unsigned int),xen/arch/x86/apic.c,6,15,7,3,27,6,15,2,8,7,0,0,2,2,9,10,1,1,8,2,2,2,1,0,0,1,0,0
422,No,No,789589968ed90e82a832dbc60e958c76b787be7e,No,No,default,Static,Static Function,"__setup_irq(struct irq_desc *,unsigned int,struct irqaction *)",xen/arch/arm/irq.c,5,17,4,8,26,5,17,3,13,4,0,0,10,8,11,15,1,0,14,6,6,9,3,2,2,2,2,0
422,No,No,789589968ed90e82a832dbc60e958c76b787be7e,No,No,default,none,Function,"__setup_msi_irq(struct irq_desc *,struct msi_desc *,hw_irq_controller *)",xen/arch/x86/msi.c,2,16,0,8,18,2,16,4,8,0,0,0,7,2,9,10,2,0,8,2,2,2,1,0,0,1,0,0
422,No,No,789589968ed90e82a832dbc60e958c76b787be7e,No,No,default,Static,Static Function,"__shadow_control(struct vcpu *,unsigned int,u32)",xen/arch/x86/hvm/vmx/vvmx.c,0,6,0,4,6,0,6,3,1,0,0,0,2,1,1,1,0,0,1,1,1,1,1,0,0,0,0,0
422,No,No,789589968ed90e82a832dbc60e958c76b787be7e,No,No,default,none,Function,__sync_local_execstate(),xen/arch/x86/domain.c,5,14,0,2,19,5,14,3,7,0,0,0,8,3,9,11,2,0,9,4,4,4,1,0,0,3,0,0
422,No,No,789589968ed90e82a832dbc60e958c76b787be7e,No,No,default,none,Function,"__update_guest_eip(struct cpu_user_regs *,unsigned int)",xen/arch/x86/hvm/svm/svm.c,6,18,0,15,24,6,18,2,13,0,0,0,12,6,11,15,1,0,14,6,6,6,3,2,2,2,2,0
422,No,No,789589968ed90e82a832dbc60e958c76b787be7e,No,No,default,Static,Static Function,"__update_vcpu_system_time(struct vcpu *,int)",xen/arch/x86/time.c,12,60,10,26,81,12,60,7,45,10,0,0,23,61,33,42,6,0,36,10,10,15,3,6,2,3,2,0
422,No,No,789589968ed90e82a832dbc60e958c76b787be7e,No,No,default,none,Function,__va(),xen/arch/x86/mm.c,2,23,0,6,25,2,23,5,16,0,0,0,14,12,13,18,2,1,15,7,7,7,1,1,0,3,0,0
422,No,No,789589968ed90e82a832dbc60e958c76b787be7e,No,No,default,Static,Static Function,__virt_to_maddr(vaddr_t),xen/include/asm-arm/mm.h,0,5,0,1,5,0,5,2,2,0,0,0,2,1,2,2,1,0,1,1,1,1,1,0,0,0,0,0
422,No,No,789589968ed90e82a832dbc60e958c76b787be7e,No,No,default,Static,Static Function,__virt_to_page(const void *),xen/include/asm-x86/mm.h,1,11,0,1,12,1,11,3,8,0,0,0,2,2,6,7,1,0,6,2,2,2,1,1,0,1,0,0
422,No,No,789589968ed90e82a832dbc60e958c76b787be7e,No,No,default,Static,Static Function,__vlapic_accept_pic_intr(struct vcpu *),xen/arch/x86/hvm/vlapic.c,4,18,4,9,25,4,18,5,14,4,0,0,11,4,9,11,4,0,7,4,4,9,1,1,0,2,0,0
422,No,No,789589968ed90e82a832dbc60e958c76b787be7e,No,No,default,Static,Static Function,__vmpclear(u64),xen/include/asm-x86/hvm/vmx/vmx.h,0,20,1,1,21,0,12,1,0,1,2,6,1,1,1,1,0,1,0,1,1,1,1,0,0,0,0,0
422,No,No,789589968ed90e82a832dbc60e958c76b787be7e,No,No,default,Static,Static Function,__vmptrld(u64),xen/include/asm-x86/hvm/vmx/vmx.h,0,20,1,1,21,0,12,1,0,1,2,6,1,1,1,1,0,1,0,1,1,1,1,0,0,0,0,0
422,No,No,789589968ed90e82a832dbc60e958c76b787be7e,No,No,default,Static,Static Function,"__vmread(unsigned long,unsigned long *)",xen/include/asm-x86/hvm/vmx/vmx.h,0,21,1,4,22,0,12,1,0,1,3,6,1,1,1,1,0,1,0,1,1,1,1,0,0,0,0,0
422,No,No,789589968ed90e82a832dbc60e958c76b787be7e,No,No,default,Static,Static Function,"__vmwrite(unsigned long,unsigned long)",xen/include/asm-x86/hvm/vmx/vmx.h,0,20,1,2,21,0,12,1,0,1,2,6,1,1,1,1,0,1,0,1,1,1,1,0,0,0,0,0
422,No,No,789589968ed90e82a832dbc60e958c76b787be7e,No,No,default,Static,Static Function,__vmx_clear_vmcs(void *),xen/arch/x86/hvm/vmx/vmcs.c,5,17,1,9,23,5,17,3,12,1,0,0,9,10,10,14,2,0,12,6,6,6,1,0,0,2,0,0
422,No,No,789589968ed90e82a832dbc60e958c76b787be7e,No,No,default,Static,Static Function,__vmx_deliver_posted_interrupt(struct vcpu *),xen/arch/x86/hvm/vmx/vmx.c,2,13,39,5,54,2,13,3,8,39,0,0,7,4,5,8,2,0,6,4,4,6,1,1,0,2,0,3
422,No,No,789589968ed90e82a832dbc60e958c76b787be7e,No,No,default,Static,Static Function,"__vmx_inject_exception(int,int,int)",xen/arch/x86/hvm/vmx/vmx.c,4,17,9,10,30,4,17,3,11,9,0,0,7,6,9,12,2,0,10,5,5,5,1,0,0,3,0,0
422,No,No,789589968ed90e82a832dbc60e958c76b787be7e,No,No,default,Static,Static Function,__vmxoff(),xen/include/asm-x86/hvm/vmx/vmx.h,0,6,0,0,6,0,6,1,0,0,0,0,0,1,1,1,0,1,0,1,1,1,1,0,0,0,0,0
422,No,No,789589968ed90e82a832dbc60e958c76b787be7e,No,No,default,Static,Static Function,__vmxon(u64),xen/include/asm-x86/hvm/vmx/vmx.h,2,16,2,1,18,2,16,2,1,2,0,0,1,1,3,3,1,1,1,1,1,1,1,0,0,0,0,0
422,No,No,789589968ed90e82a832dbc60e958c76b787be7e,No,No,default,Static,Static Function,"_check_lock_level(const struct domain *,int)",xen/arch/x86/mm/mm-locks.h,1,9,0,6,10,1,9,2,4,0,0,0,6,2,3,4,1,0,3,2,2,2,1,0,0,1,0,0
422,No,No,789589968ed90e82a832dbc60e958c76b787be7e,No,No,default,Static,Static Function,"_decode_gpr(struct cpu_user_regs *,unsigned int,bool)",xen/arch/x86/x86_emulate/x86_emulate.c,5,21,2,4,28,5,21,12,17,2,0,0,7,3,8,10,1,1,8,4,4,4,1,2,0,1,0,0
422,No,No,789589968ed90e82a832dbc60e958c76b787be7e,No,No,default,Static,Static Function,_disable_8259A_irq(unsigned int),xen/arch/x86/i8259.c,1,13,0,3,14,1,13,3,9,0,0,0,6,2,8,9,2,0,7,2,2,2,1,1,0,1,0,0
422,No,No,789589968ed90e82a832dbc60e958c76b787be7e,No,No,default,Static,Static Function,_disable_pit_irq(void (*) ()),xen/arch/x86/time.c,4,24,7,3,35,4,24,2,15,7,0,0,6,5,10,14,1,0,13,5,5,7,5,4,4,3,4,0
422,No,No,789589968ed90e82a832dbc60e958c76b787be7e,No,No,default,Static,Static Function,_domain_destroy(struct domain *),xen/common/domain.c,7,12,0,7,19,7,12,1,9,0,0,0,10,4,11,13,0,0,13,5,5,5,1,0,0,2,0,0
422,No,No,789589968ed90e82a832dbc60e958c76b787be7e,No,No,default,Static,Static Function,"_dump_pci_devices(struct pci_seg *,void *)",xen/drivers/passthrough/pci.c,3,18,0,10,21,3,18,3,12,0,0,0,3,1,7,7,2,0,5,3,3,3,1,0,0,0,0,0
422,No,No,789589968ed90e82a832dbc60e958c76b787be7e,No,No,default,Static,Static Function,_ehci_dbgp_flush(struct ehci_dbgp *),xen/drivers/char/ehci-dbgp.c,0,7,0,7,7,0,7,1,4,0,0,0,6,2,2,3,0,0,3,2,2,2,1,0,0,1,0,0
422,No,No,789589968ed90e82a832dbc60e958c76b787be7e,No,No,default,Static,Static Function,_ehci_dbgp_poll(struct cpu_user_regs *),xen/drivers/char/ehci-dbgp.c,6,37,0,14,43,6,37,6,27,0,0,0,12,145,16,26,5,0,21,11,11,16,1,1,0,3,0,0
422,No,No,789589968ed90e82a832dbc60e958c76b787be7e,No,No,default,Static,Static Function,_free_pirq_struct(struct rcu_head *),xen/common/domain.c,0,4,0,1,4,0,4,1,1,0,0,0,2,1,1,1,0,0,1,1,1,1,1,0,0,0,0,0
422,No,No,789589968ed90e82a832dbc60e958c76b787be7e,No,No,default,Static,Static Function,"_get_fpu(enum x86_emulate_fpu_type,struct x86_emulate_ctxt *,const struct x86_emulate_ops *)",xen/arch/x86/x86_emulate/x86_emulate.c,12,68,2,18,82,12,68,8,45,2,0,0,8,39936,55,80,4,3,73,35,33,46,23,53,50,3,50,0
422,No,No,789589968ed90e82a832dbc60e958c76b787be7e,No,No,default,Static,Static Function,_get_lock_level(),xen/arch/x86/mm/mm-locks.h,0,4,0,4,4,0,4,1,1,0,0,0,2,1,1,1,0,0,1,1,1,1,1,0,0,0,0,0
422,No,No,789589968ed90e82a832dbc60e958c76b787be7e,No,No,default,Static,Static Function,"_get_maptrack_handle(struct grant_table *,struct vcpu *)",xen/common/grant_table.c,6,24,5,8,35,6,24,4,15,5,0,0,6,3,13,15,1,0,14,4,4,4,4,4,4,2,4,0
422,No,No,789589968ed90e82a832dbc60e958c76b787be7e,No,No,default,Static,Static Function,"_get_page_type(struct page_info *,unsigned long,bool)",xen/arch/x86/mm.c,17,112,16,10,145,17,112,8,84,16,0,0,33,20272,51,80,6,3,71,36,36,48,14,46,46,5,45,0
422,No,No,789589968ed90e82a832dbc60e958c76b787be7e,No,No,default,Static,Static Function,"_handle_iomem_range(unsigned long,unsigned long,struct memory_map_context *)",xen/arch/x86/mm.c,2,25,0,9,27,2,25,5,14,0,0,0,10,5,13,17,3,0,14,5,5,6,5,6,6,3,6,0
422,No,No,789589968ed90e82a832dbc60e958c76b787be7e,No,No,default,Static,Static Function,"_hvm_hw_fix_cpu(void *,uint32_t)",xen/include/public/arch-x86/hvm/save.h,3,15,5,6,23,3,15,6,8,5,0,0,7,2,9,10,3,0,7,2,2,2,1,0,0,1,0,0
422,No,No,789589968ed90e82a832dbc60e958c76b787be7e,No,No,default,Static,Static Function,"_invalidate_all_devices(u16,struct ivrs_mappings *)",xen/drivers/passthrough/amd/iommu_init.c,2,21,0,5,23,2,21,6,9,0,0,0,6,3,13,15,4,0,11,3,3,3,1,0,0,2,0,0
422,No,No,789589968ed90e82a832dbc60e958c76b787be7e,No,No,default,Static,Static Function,"_iomem_has_perm(void *,u32,unsigned long,unsigned long)",xen/xsm/flask/hooks.c,4,13,0,8,17,4,13,5,9,0,0,0,7,2,11,12,3,1,8,2,2,2,1,1,0,1,0,0
422,No,No,789589968ed90e82a832dbc60e958c76b787be7e,No,No,default,Static,Static Function,"_lock_level(const struct domain *,int)",xen/arch/x86/mm/mm-locks.h,1,5,0,7,6,1,5,1,2,0,0,0,2,1,2,2,0,0,2,2,2,3,1,0,0,0,0,0
422,No,No,789589968ed90e82a832dbc60e958c76b787be7e,No,No,default,Static,Static Function,"_map_io_bitmap(struct vcpu *,u64)",xen/arch/x86/hvm/vmx/vvmx.c,2,11,0,4,13,2,11,4,6,0,0,0,5,1,8,8,3,0,5,2,2,2,1,0,0,0,0,0
422,No,No,789589968ed90e82a832dbc60e958c76b787be7e,No,No,default,Static,Static Function,_map_msr_bitmap(struct vcpu *),xen/arch/x86/hvm/vmx/vvmx.c,4,11,0,3,15,4,11,3,7,0,0,0,7,2,7,8,2,0,6,2,2,2,1,1,0,1,0,0
422,No,No,789589968ed90e82a832dbc60e958c76b787be7e,No,No,default,Static,Static Function,_mask_and_ack_8259A_irq(unsigned int),xen/arch/x86/i8259.c,6,31,27,5,58,6,31,5,22,27,0,0,8,12,18,23,4,0,19,6,6,7,1,1,0,2,0,0
422,No,No,789589968ed90e82a832dbc60e958c76b787be7e,No,No,default,Static,Static Function,"_mm_enforce_order_lock_post(const struct domain *,int,int *,unsigned short *)",xen/arch/x86/mm/mm-locks.h,0,15,0,5,15,0,15,3,6,0,0,0,5,3,3,5,0,0,5,3,3,3,1,1,0,2,0,0
422,No,No,789589968ed90e82a832dbc60e958c76b787be7e,No,No,default,Static,Static Function,"_mm_enforce_order_lock_pre(const struct domain *,int)",xen/arch/x86/mm/mm-locks.h,0,4,0,4,4,0,4,1,1,0,0,0,2,1,1,1,0,0,1,1,1,1,1,0,0,0,0,0
422,No,No,789589968ed90e82a832dbc60e958c76b787be7e,No,No,default,Static,Static Function,"_mm_lock(const struct domain *,mm_lock_t *,const char *,int,int)",xen/arch/x86/mm/mm-locks.h,0,15,0,12,15,0,15,2,9,0,0,0,12,6,6,9,0,0,9,4,4,5,1,1,0,1,0,0
422,No,No,789589968ed90e82a832dbc60e958c76b787be7e,No,No,default,Static,Static Function,"_mm_read_lock(const struct domain *,mm_rwlock_t *,int)",xen/arch/x86/mm/mm-locks.h,0,6,2,6,8,0,6,2,2,2,0,0,3,1,2,2,0,0,2,1,1,1,1,0,0,0,0,0
422,No,No,789589968ed90e82a832dbc60e958c76b787be7e,No,No,default,Static,Static Function,"_mm_write_lock(const struct domain *,mm_rwlock_t *,const char *,int)",xen/arch/x86/mm/mm-locks.h,0,14,0,7,14,0,14,2,8,0,0,0,13,2,7,8,0,0,8,2,2,2,1,0,0,1,0,0
422,No,No,789589968ed90e82a832dbc60e958c76b787be7e,No,No,default,Static,Static Function,"_mode_iopl(struct x86_emulate_ctxt *,const struct x86_emulate_ops *)",xen/arch/x86/x86_emulate/x86_emulate.c,0,10,0,6,10,0,10,5,4,0,0,0,2,2,3,4,1,0,3,2,2,2,1,1,0,1,0,0
422,No,No,789589968ed90e82a832dbc60e958c76b787be7e,No,No,default,Static,Static Function,_ns16550_resume(struct serial_port *),xen/drivers/char/ns16550.c,4,19,1,4,24,1,5,1,2,0,16,2,2,1,2,2,0,0,2,1,1,1,1,0,0,0,0,0
422,No,No,789589968ed90e82a832dbc60e958c76b787be7e,No,No,default,Static,Static Function,"_p2m_get_mem_access(struct p2m_domain *,gfn_t,xenmem_access_t *)",xen/arch/x86/mm/mem_access.c,6,35,1,5,42,6,33,17,24,1,0,2,10,4,13,16,4,0,12,4,4,4,4,3,3,1,3,0
422,No,No,789589968ed90e82a832dbc60e958c76b787be7e,No,No,default,Static,Static Function,"_parse_loglvl(const char *,int *,int *)",xen/drivers/char/console.c,1,9,0,5,10,1,9,1,6,0,0,0,4,4,4,6,0,0,6,4,4,4,1,0,0,1,0,0
422,No,No,789589968ed90e82a832dbc60e958c76b787be7e,No,No,default,Static,Static Function,_pci_cleanup_msix(struct arch_msix *),xen/arch/x86/msi.c,0,12,0,8,12,0,12,1,7,0,0,0,3,5,2,5,0,0,5,4,4,4,1,0,0,2,0,0
422,No,No,789589968ed90e82a832dbc60e958c76b787be7e,No,No,default,Static,Static Function,_pci_hide_device(struct pci_dev *),xen/drivers/passthrough/pci.c,0,7,0,6,7,0,7,1,4,0,0,0,3,2,3,4,0,0,4,2,2,2,1,1,0,1,0,0
422,No,No,789589968ed90e82a832dbc60e958c76b787be7e,No,No,default,Static,Static Function,"_phys_pkg_id(u32,int)",xen/arch/x86/cpu/common.c,0,4,0,3,4,0,4,1,1,0,0,0,1,1,1,1,0,0,1,1,1,1,1,0,0,0,0,0
422,No,No,789589968ed90e82a832dbc60e958c76b787be7e,No,No,default,Static,Static Function,"_put_final_page_type(struct page_info *,unsigned long,bool,struct page_info *)",xen/arch/x86/mm.c,2,32,1,10,35,2,32,3,19,1,0,0,15,8,18,24,1,0,23,10,10,12,1,2,0,3,0,0
422,No,No,789589968ed90e82a832dbc60e958c76b787be7e,No,No,default,Static,Static Function,"_put_page_type(struct page_info *,bool,struct page_info *)",xen/arch/x86/mm.c,13,53,18,9,84,13,53,4,38,18,0,0,18,94,28,43,2,3,38,18,16,22,9,26,26,5,25,0
422,No,No,789589968ed90e82a832dbc60e958c76b787be7e,No,No,default,Static,Static Function,"_runq_assign(struct csched2_vcpu *,struct csched2_runqueue_data *)",xen/common/sched_credit2.c,5,21,1,14,27,5,21,6,11,1,0,0,11,2,11,12,3,0,9,2,2,2,1,0,0,1,0,0
422,No,No,789589968ed90e82a832dbc60e958c76b787be7e,No,No,default,Static,Static Function,_runq_deassign(struct csched2_vcpu *),xen/common/sched_credit2.c,4,11,1,10,16,4,11,3,7,1,0,0,9,4,9,11,1,0,10,5,5,5,1,0,0,2,0,0
422,No,No,789589968ed90e82a832dbc60e958c76b787be7e,No,No,default,Static,Static Function,"_set_gate_lower(idt_entry_t *,unsigned long,unsigned long,void *)",xen/include/asm-x86/desc.h,0,14,0,5,14,0,14,3,9,0,0,0,3,1,4,4,1,0,3,1,1,1,1,0,0,0,0,0
422,No,No,789589968ed90e82a832dbc60e958c76b787be7e,No,No,default,Static,Static Function,_set_lock_level(int),xen/arch/x86/mm/mm-locks.h,0,4,0,7,4,0,4,1,1,0,0,0,2,1,1,1,0,0,1,1,1,1,1,0,0,0,0,0
422,No,No,789589968ed90e82a832dbc60e958c76b787be7e,No,No,default,Static,Static Function,"_set_status(unsigned,domid_t,int,int,grant_entry_header_t *,struct active_grant_entry *,grant_status_t *)",xen/common/grant_table.c,1,13,0,9,14,1,13,7,4,0,0,0,3,2,2,3,0,0,3,2,2,2,1,1,0,1,0,0
422,No,No,789589968ed90e82a832dbc60e958c76b787be7e,No,No,default,Static,Static Function,"_set_status_v1(domid_t,int,int,grant_entry_header_t *,struct active_grant_entry *)",xen/common/grant_table.c,10,44,17,11,71,10,44,9,26,17,0,0,8,50,27,34,4,3,27,11,11,13,7,9,9,4,9,0
422,No,No,789589968ed90e82a832dbc60e958c76b787be7e,No,No,default,Static,Static Function,"_set_status_v2(domid_t,int,int,grant_entry_header_t *,struct active_grant_entry *,grant_status_t *)",xen/common/grant_table.c,8,67,10,14,84,8,67,11,39,10,0,0,7,48,37,44,5,0,39,12,12,19,7,9,9,3,9,0
422,No,No,789589968ed90e82a832dbc60e958c76b787be7e,No,No,default,Static,Static Function,"_sh_resync(struct vcpu *,mfn_t,struct oos_fixup *,mfn_t)",xen/arch/x86/mm/shadow/common.c,6,20,6,12,32,6,20,3,14,6,0,0,11,2,12,13,1,0,12,2,2,2,1,1,0,1,0,0
422,No,No,789589968ed90e82a832dbc60e958c76b787be7e,No,No,default,Static,Static Function,"_sh_resync_l1(struct vcpu *,mfn_t,mfn_t)",xen/arch/x86/mm/shadow/common.c,2,12,1,6,15,2,12,2,9,1,0,0,8,4,6,9,1,0,8,4,4,4,1,2,0,1,0,0
422,No,No,789589968ed90e82a832dbc60e958c76b787be7e,No,No,default,none,Function,_shadow_io_bitmap(struct vcpu *),xen/arch/x86/hvm/vmx/vvmx.c,2,10,0,3,12,2,10,4,5,0,0,0,3,1,7,7,3,0,4,3,3,3,1,0,0,0,0,0
422,No,No,789589968ed90e82a832dbc60e958c76b787be7e,No,No,default,Static,Static Function,"_shadow_prealloc(struct domain *,unsigned int)",xen/arch/x86/mm/shadow/common.c,9,40,10,15,59,9,40,5,25,10,0,0,13,12,25,32,4,0,28,11,11,12,8,10,10,4,10,0
422,No,No,789589968ed90e82a832dbc60e958c76b787be7e,No,No,default,Static,Static Function,"_show_registers(const struct cpu_user_regs *,const struct reg_ctxt *,bool,const struct vcpu *)",xen/arch/arm/traps.c,4,51,0,9,55,4,28,4,18,0,15,8,8,3,15,17,0,0,17,3,3,3,1,1,0,2,0,0
422,No,No,789589968ed90e82a832dbc60e958c76b787be7e,No,No,default,Static,Static Function,"_show_trace(unsigned long,unsigned long __maybe_unused)",xen/arch/x86/traps.c,1,11,0,2,12,1,11,3,6,0,0,0,3,3,4,6,2,0,4,3,3,3,1,0,0,2,0,0
422,No,No,789589968ed90e82a832dbc60e958c76b787be7e,No,No,default,Static,Static Function,_svm_cpu_up(bool),xen/arch/x86/hvm/svm/svm.c,9,22,5,2,36,9,22,5,15,5,0,0,13,3,15,17,4,0,13,3,3,4,3,2,2,1,2,0
422,No,No,789589968ed90e82a832dbc60e958c76b787be7e,No,No,default,Static,Static Function,"_update_gate_addr_lower(idt_entry_t *,void *)",xen/include/asm-x86/desc.h,2,10,0,3,12,2,10,2,6,0,0,0,3,1,6,6,1,0,5,1,1,1,1,0,0,0,0,0
422,No,No,789589968ed90e82a832dbc60e958c76b787be7e,No,No,default,Static,Static Function,_update_runstate_area(struct vcpu *),xen/arch/x86/domain.c,0,6,0,4,6,0,6,1,3,0,0,0,6,2,1,2,0,0,2,2,2,4,1,0,0,1,0,0
422,No,No,789589968ed90e82a832dbc60e958c76b787be7e,No,No,default,none,Function,_vmx_cpu_up(bool),xen/arch/x86/hvm/vmx/vmcs.c,13,71,8,3,89,13,71,4,54,8,0,0,21,82,34,48,3,0,45,17,15,22,10,13,13,2,13,0
422,No,No,789589968ed90e82a832dbc60e958c76b787be7e,No,No,default,Static,Static Function,_vmx_get_cpl(struct vcpu *),xen/arch/x86/hvm/vmx/vmx.c,2,8,0,1,10,2,8,2,4,0,0,0,4,1,5,5,1,0,4,1,1,1,1,0,0,0,0,0
422,No,No,789589968ed90e82a832dbc60e958c76b787be7e,No,No,default,Static,Static Function,_wbinvd(struct x86_emulate_ctxt *),xen/arch/x86/pv/emul-priv-op.c,1,8,5,1,14,1,8,1,4,5,0,0,3,2,3,4,0,1,3,2,2,2,1,1,0,1,0,0
422,No,No,789589968ed90e82a832dbc60e958c76b787be7e,No,No,default,Static,Static Function,"_write_gate_lower(volatile idt_entry_t *,const idt_entry_t *)",xen/include/asm-x86/desc.h,0,6,0,6,6,0,6,2,2,0,0,0,3,1,2,2,0,0,2,1,1,1,1,0,0,0,0,0
422,No,No,789589968ed90e82a832dbc60e958c76b787be7e,No,No,default,Static,Static Function,"access_allowed(const struct pci_dev *,unsigned long,unsigned int)",xen/drivers/vpci/msix.c,2,10,1,8,13,2,10,2,6,1,0,0,2,2,3,4,0,0,4,2,2,4,1,1,0,1,0,0
422,No,No,789589968ed90e82a832dbc60e958c76b787be7e,No,No,default,Static,Static Function,"accumulate_tlbflush(bool *,const struct page_info *,uint32_t *)",xen/include/xen/mm.h,0,13,0,9,13,0,13,3,6,0,0,0,4,2,2,3,0,0,3,2,2,5,1,0,0,1,0,0
422,No,No,789589968ed90e82a832dbc60e958c76b787be7e,No,No,default,none,Function,ack_bad_irq(unsigned int),xen/arch/x86/apic.c,0,6,9,2,15,0,6,1,3,9,0,0,2,2,2,3,0,0,3,2,2,2,1,0,0,1,0,1
422,No,No,789589968ed90e82a832dbc60e958c76b787be7e,No,No,default,Static,Static Function,ack_maskable_msi_irq(struct irq_desc *),xen/arch/x86/msi.c,0,5,1,1,5,0,5,1,2,1,0,0,2,1,2,2,0,0,2,1,1,1,1,0,0,0,0,0
422,No,No,789589968ed90e82a832dbc60e958c76b787be7e,No,No,default,Static,Static Function,ack_none(struct irq_desc *),xen/arch/arm/irq.c,0,4,0,2,4,0,4,1,1,0,0,0,1,1,1,1,0,0,1,1,1,1,1,0,0,0,0,0
422,No,No,789589968ed90e82a832dbc60e958c76b787be7e,No,No,default,Static,Static Function,ack_none(struct irq_desc *),xen/arch/x86/irq.c,0,4,0,2,4,0,4,1,1,0,0,0,1,1,1,1,0,0,1,1,1,1,1,0,0,0,0,0
422,No,No,789589968ed90e82a832dbc60e958c76b787be7e,No,No,default,none,Function,ack_nonmaskable_msi_irq(struct irq_desc *),xen/arch/x86/msi.c,0,5,0,2,5,0,5,1,2,0,0,0,2,1,2,2,0,0,2,1,1,1,1,0,0,0,0,0
422,No,No,789589968ed90e82a832dbc60e958c76b787be7e,No,No,default,Static,Static Function,"acpi_c1e_quirk(int,unsigned int,unsigned int,uint32_t *)",xen/arch/x86/hvm/svm/svm.c,2,13,0,4,15,2,13,2,7,0,0,0,7,4,6,8,0,0,8,4,4,5,1,1,0,2,0,0
422,No,No,789589968ed90e82a832dbc60e958c76b787be7e,No,No,default,none,Function,acpi_pm_tick_to_ns(uint64_t),xen/arch/x86/time.c,0,4,0,1,4,0,4,1,1,0,0,0,2,1,1,1,0,0,1,1,1,1,1,0,0,0,0,0
422,No,No,789589968ed90e82a832dbc60e958c76b787be7e,No,No,default,Static,Static Function,"acquire_grant_for_copy(struct domain *,grant_ref_t,domid_t,bool,mfn_t *,struct page_info **,uint16_t *,uint16_t *,bool)",xen/common/grant_table.c,27,196,34,34,256,27,196,20,141,34,0,0,38,752,123,147,15,0,132,32,32,51,18,65,64,3,64,0
422,No,No,789589968ed90e82a832dbc60e958c76b787be7e,No,No,default,Static,Static Function,"acquire_grant_table(struct domain *,unsigned int,unsigned long,unsigned int,xen_pfn_t [])",xen/common/memory.c,7,29,1,5,37,7,29,7,18,1,0,0,8,10,14,20,3,0,17,7,6,7,3,6,4,3,3,0
422,No,No,789589968ed90e82a832dbc60e958c76b787be7e,No,No,default,Static,Static Function,acquire_resource(__guest_handle_xen_mem_acquire_resource_t),xen/common/memory.c,19,70,12,11,101,19,70,8,50,12,0,0,15,143,32,50,6,0,44,18,18,22,12,17,16,3,16,0
422,No,No,789589968ed90e82a832dbc60e958c76b787be7e,No,No,default,Static,Static Function,"act_set_gfn(struct active_grant_entry *,gfn_t)",xen/common/grant_table.c,0,6,0,3,6,0,4,1,1,0,0,2,3,1,1,1,0,0,1,1,1,1,1,0,0,0,0,0
422,No,No,789589968ed90e82a832dbc60e958c76b787be7e,No,No,default,none,Function,activate_debugregs(const struct vcpu *),xen/arch/x86/traps.c,3,18,5,8,26,3,18,1,13,5,0,0,5,8,12,15,0,0,15,5,5,5,1,0,0,2,0,0
422,No,No,789589968ed90e82a832dbc60e958c76b787be7e,No,No,default,Static,Static Function,"activate_runqueue(struct csched2_private *,int)",xen/common/sched_credit2.c,4,12,0,9,16,4,12,2,8,0,0,0,8,2,10,11,1,0,10,3,3,3,1,0,0,2,0,0
422,No,No,789589968ed90e82a832dbc60e958c76b787be7e,No,No,default,Static,Static Function,"active_entry_acquire(struct grant_table *,grant_ref_t)",xen/common/grant_table.c,3,8,7,15,18,3,8,4,3,7,0,0,2,1,4,4,1,0,3,1,1,1,1,0,0,0,0,0
422,No,No,789589968ed90e82a832dbc60e958c76b787be7e,No,No,default,Static,Static Function,active_entry_release(struct active_grant_entry *),xen/common/grant_table.c,0,4,0,14,4,0,4,1,1,0,0,0,2,1,1,1,0,0,1,1,1,1,1,0,0,0,0,0
422,No,No,789589968ed90e82a832dbc60e958c76b787be7e,No,No,default,Static,Static Function,"add_rdm_entry(libxl__gc *,libxl_domain_config *,uint64_t,uint64_t,int)",tools/libxl/libxl_dm.c,1,11,0,9,12,1,11,3,6,0,0,0,8,1,5,5,0,0,5,1,1,1,1,0,0,0,0,0
422,No,No,789589968ed90e82a832dbc60e958c76b787be7e,No,No,default,none,Function,add_taint(unsigned int),xen/common/kernel.c,0,4,0,1,4,0,4,1,1,0,0,0,1,1,1,1,0,0,1,1,1,1,1,0,0,0,0,0
422,No,No,789589968ed90e82a832dbc60e958c76b787be7e,No,No,default,Static,Static Function,"addr_to_dma_page_maddr(struct domain *,u64,int)",xen/drivers/passthrough/vtd/iommu.c,9,49,8,13,66,9,49,11,36,8,0,0,12,33,35,42,8,0,34,11,11,12,8,10,10,3,10,0
422,No,No,789589968ed90e82a832dbc60e958c76b787be7e,No,No,default,Static,Static Function,"addr_vioapic(const struct domain *,unsigned long)",xen/arch/x86/hvm/vioapic.c,3,13,0,9,16,3,13,4,6,0,0,0,2,3,6,8,2,0,6,3,3,4,3,3,3,2,3,0
422,No,No,789589968ed90e82a832dbc60e958c76b787be7e,No,No,default,Static,Static Function,"adjust_bnd(struct x86_emulate_ctxt *,const struct x86_emulate_ops *,enum vex_pfx)",xen/arch/x86/x86_emulate/x86_emulate.c,3,21,7,6,31,3,21,5,11,7,0,0,4,12,13,19,3,2,14,9,9,16,7,8,8,3,8,0
422,No,No,789589968ed90e82a832dbc60e958c76b787be7e,No,No,default,Static,Static Function,adjust_irq_affinity(struct acpi_drhd_unit *),xen/drivers/passthrough/vtd/iommu.c,1,11,0,7,12,1,11,5,8,0,0,0,7,2,5,6,3,0,3,3,3,5,1,0,0,1,0,0
422,No,No,789589968ed90e82a832dbc60e958c76b787be7e,No,No,default,Static,Static Function,"adjust_vmx_controls(const char *,u32,u32,u32,bool_t *)",xen/arch/x86/hvm/vmx/vmcs.c,4,15,3,5,20,4,15,3,9,3,0,0,5,2,7,8,1,0,7,2,2,2,1,0,0,1,0,0
422,No,No,789589968ed90e82a832dbc60e958c76b787be7e,No,No,default,none,Function,adjust_vtd_irq_affinities(),xen/drivers/passthrough/vtd/iommu.c,3,9,0,2,12,3,9,2,5,0,0,0,3,2,4,5,1,0,4,2,2,2,1,1,0,1,0,0
422,No,No,789589968ed90e82a832dbc60e958c76b787be7e,No,No,default,Static,Static Function,"admin_io_okay(unsigned int,unsigned int,const struct domain *)",xen/arch/x86/pv/emul-priv-op.c,2,9,5,7,16,2,9,2,5,5,0,0,3,3,3,5,0,0,5,3,3,4,3,2,2,1,2,0
422,No,No,789589968ed90e82a832dbc60e958c76b787be7e,No,No,default,none,Function,"advance_pc(struct cpu_user_regs *,const union hsr)",xen/arch/arm/traps.c,6,22,11,16,39,6,22,2,16,11,0,0,6,6,14,17,1,0,16,6,6,8,1,1,0,2,0,0
422,No,No,789589968ed90e82a832dbc60e958c76b787be7e,No,No,default,Static,Static Function,"all_restrict_cb(Xentoolcore__Active_Handle *,domid_t)",tools/xenstore/xs.c,0,4,0,2,4,0,4,2,2,0,0,0,3,1,2,2,1,0,1,1,1,1,1,0,0,0,0,0
422,No,No,789589968ed90e82a832dbc60e958c76b787be7e,No,No,default,Static,Static Function,alloc_amd_iommu_pgtable(),xen/include/asm-x86/hvm/svm/amd-iommu-proto.h,1,12,0,0,13,1,12,3,7,0,0,0,5,2,8,9,2,0,7,2,2,2,1,1,0,1,0,0
422,No,No,789589968ed90e82a832dbc60e958c76b787be7e,No,No,default,none,Function,alloc_cpu_id(),xen/arch/x86/smpboot.c,1,8,0,0,9,1,8,3,3,0,0,0,3,1,5,5,2,0,3,2,2,2,1,0,0,0,0,0
422,No,No,789589968ed90e82a832dbc60e958c76b787be7e,No,No,default,none,Function,"alloc_direct_apic_vector(uint8_t *,void (*) ())",xen/arch/x86/irq.c,1,11,0,4,12,1,11,3,5,0,0,0,5,2,5,6,1,0,5,2,2,2,1,0,0,1,0,0
422,No,No,789589968ed90e82a832dbc60e958c76b787be7e,No,No,default,none,Function,alloc_domain_struct(),xen/arch/arm/domain.c,1,10,0,0,11,1,10,3,6,0,0,0,3,2,7,8,2,0,6,2,2,2,1,1,0,1,0,0
422,No,No,789589968ed90e82a832dbc60e958c76b787be7e,No,No,default,none,Function,alloc_domain_struct(),xen/arch/x86/domain.c,4,23,4,0,31,4,17,6,9,4,1,5,6,6,12,15,5,0,10,4,4,4,1,0,0,2,0,0
422,No,No,789589968ed90e82a832dbc60e958c76b787be7e,No,No,default,none,Function,"alloc_domheap_pages(struct domain *,unsigned int,unsigned int)",xen/common/page_alloc.c,7,35,0,28,42,7,35,5,26,0,0,0,9,42,17,26,3,0,23,16,16,21,6,7,6,3,6,0
422,No,No,789589968ed90e82a832dbc60e958c76b787be7e,No,No,default,Static,Static Function,"alloc_evtchn_bucket(struct domain *,unsigned int)",xen/common/event_channel.c,2,21,0,4,23,2,21,5,12,0,0,0,7,5,12,16,2,0,14,5,5,5,4,4,4,3,4,0
422,No,No,789589968ed90e82a832dbc60e958c76b787be7e,No,No,default,Static,Static Function,"alloc_heap_pages(unsigned int,unsigned int,unsigned int,unsigned int,struct domain *)",xen/common/page_alloc.c,27,111,24,15,161,27,111,12,82,24,0,0,34,50708,66,90,8,0,82,34,34,44,5,6,4,4,4,0
422,No,No,789589968ed90e82a832dbc60e958c76b787be7e,No,No,default,none,Function,alloc_hipriority_vector(),xen/arch/x86/irq.c,0,7,0,1,7,0,7,2,4,0,0,0,2,1,4,4,1,0,3,1,1,1,1,0,0,0,0,0
422,No,No,789589968ed90e82a832dbc60e958c76b787be7e,No,No,default,Static,Static Function,alloc_hotadd_mfn(struct mem_hotadd_info *),xen/arch/x86/x86_64/mm.c,2,9,0,7,11,2,9,2,4,0,0,0,5,2,6,7,1,0,6,3,3,4,1,0,0,2,0,0
422,No,No,789589968ed90e82a832dbc60e958c76b787be7e,No,No,default,Static,Static Function,alloc_ivrs_mappings(u16),xen/drivers/passthrough/amd/iommu_init.c,8,28,1,5,37,8,28,3,19,1,0,0,13,5,19,23,2,0,21,5,5,5,3,2,2,2,2,0
422,No,No,789589968ed90e82a832dbc60e958c76b787be7e,No,No,default,Static,Static Function,alloc_msi_entry(unsigned int),xen/arch/x86/msi.c,3,17,0,4,20,3,17,2,11,0,0,0,8,3,10,12,1,0,11,3,3,3,1,1,0,1,0,0
422,No,No,789589968ed90e82a832dbc60e958c76b787be7e,No,No,default,Static,Static Function,"alloc_page_type(struct page_info *,unsigned long,int)",xen/arch/x86/mm.c,4,72,2,1,78,0,6,2,2,0,69,3,2,1,2,2,0,0,2,1,1,1,1,0,0,0,0,0
422,No,No,789589968ed90e82a832dbc60e958c76b787be7e,No,No,default,Static,Static Function,"alloc_pdev(struct pci_seg *,u8,u8)",xen/drivers/passthrough/pci.c,15,87,1,21,103,15,87,7,65,1,0,0,27,24,45,60,6,1,53,15,10,19,11,12,12,4,12,0
422,No,No,789589968ed90e82a832dbc60e958c76b787be7e,No,No,default,none,Function,"alloc_pgtable_maddr(struct acpi_drhd_unit *,unsigned long)",xen/drivers/passthrough/vtd/iommu.c,5,25,0,6,30,5,25,6,16,0,0,0,10,6,18,21,5,0,16,5,5,5,1,1,0,1,0,0
422,No,No,789589968ed90e82a832dbc60e958c76b787be7e,No,No,default,none,Function,alloc_pirq_struct(struct domain *),xen/arch/arm/irq.c,0,4,0,0,4,0,4,1,1,0,0,0,1,1,1,1,0,0,1,1,1,1,1,0,0,0,0,0
422,No,No,789589968ed90e82a832dbc60e958c76b787be7e,No,No,default,none,Function,alloc_pirq_struct(struct domain *),xen/arch/x86/irq.c,2,15,0,4,17,2,15,4,8,0,0,0,8,3,5,7,2,0,5,4,4,4,1,0,0,2,0,0
422,No,No,789589968ed90e82a832dbc60e958c76b787be7e,No,No,default,Static,Static Function,alloc_pseg(u16),xen/drivers/passthrough/pci.c,5,18,0,5,23,5,18,2,13,0,0,0,8,4,10,13,1,0,12,4,4,4,3,2,2,1,2,0
422,No,No,789589968ed90e82a832dbc60e958c76b787be7e,No,No,default,Static,Static Function,"alloc_remap_entry(struct iommu *,unsigned int)",xen/drivers/passthrough/vtd/intremap.c,6,29,2,7,36,6,29,6,19,2,0,0,7,40,17,24,4,0,20,9,9,9,4,5,5,3,4,0
422,No,No,789589968ed90e82a832dbc60e958c76b787be7e,No,No,default,none,Function,"alloc_stub_page(unsigned int,unsigned long *)",xen/arch/x86/smpboot.c,6,28,0,3,34,6,28,5,19,0,0,0,14,9,14,19,4,0,15,7,7,7,3,4,3,2,3,0
422,No,No,789589968ed90e82a832dbc60e958c76b787be7e,No,No,default,none,Function,"alloc_unbound_xen_event_channel(struct domain *,unsigned int,domid_t,xen_event_channel_notification_t)",xen/common/event_channel.c,8,25,0,7,33,8,25,5,17,0,0,0,13,4,17,19,2,0,17,4,4,4,3,2,2,1,2,0
422,No,No,789589968ed90e82a832dbc60e958c76b787be7e,No,No,default,Static,Static Function,alloc_vcpu_guest_context(),xen/include/asm-arm/domain.h,0,4,0,0,4,0,4,1,1,0,0,0,2,1,1,1,0,0,1,1,1,1,1,0,0,0,0,0
422,No,No,789589968ed90e82a832dbc60e958c76b787be7e,No,No,default,none,Function,alloc_vcpu_struct(const struct domain *),xen/arch/x86/domain.c,1,11,6,1,18,1,11,5,7,6,0,0,5,2,7,8,3,0,5,3,3,4,1,0,0,1,0,0
422,No,No,789589968ed90e82a832dbc60e958c76b787be7e,No,No,default,none,Function,alloc_vcpu_struct(const struct domain *),xen/arch/arm/domain.c,3,13,0,0,16,3,13,4,6,0,0,0,4,3,9,11,3,0,8,3,3,3,1,0,0,2,0,0
422,No,No,789589968ed90e82a832dbc60e958c76b787be7e,No,No,default,none,Function,alloc_xen_pagetable(),xen/arch/x86/mm.c,2,10,0,10,12,2,10,2,5,0,0,0,7,3,5,7,1,0,6,4,4,5,1,1,0,3,0,0
422,No,No,789589968ed90e82a832dbc60e958c76b787be7e,No,No,default,none,Function,"alloc_xenheap_pages(unsigned int,unsigned int)",xen/common/page_alloc.c,5,16,0,25,21,5,16,3,11,0,0,0,7,24,12,17,2,0,15,7,7,8,1,1,0,2,0,0
422,No,No,789589968ed90e82a832dbc60e958c76b787be7e,No,No,default,none,Function,"allocate_and_map_gsi_pirq(struct domain *,int,int *)",xen/arch/x86/irq.c,6,35,1,9,42,6,35,2,22,1,0,0,8,10,15,20,1,0,19,6,6,7,4,5,4,2,4,0
422,No,No,789589968ed90e82a832dbc60e958c76b787be7e,No,No,default,none,Function,"allocate_and_map_msi_pirq(struct domain *,int,int *,int,struct msi_info *)",xen/arch/x86/irq.c,8,56,1,11,65,8,56,3,38,1,0,0,15,69,23,36,1,0,35,12,10,13,3,5,3,3,3,0
422,No,No,789589968ed90e82a832dbc60e958c76b787be7e,No,No,default,Static,Static Function,allocate_domain_resources(struct domain_iommu *),xen/drivers/passthrough/amd/pci_amd_iommu.c,2,8,0,4,10,2,8,2,4,0,0,0,4,1,5,5,1,0,4,1,1,1,1,0,0,0,0,0
422,No,No,789589968ed90e82a832dbc60e958c76b787be7e,No,No,default,Static,Static Function,"allocate_pirq(struct domain *,int,int,int,int,int *)",xen/arch/x86/irq.c,3,48,0,11,51,3,48,3,31,0,0,0,7,16,16,28,1,0,27,13,13,16,11,18,18,5,18,0
422,No,No,789589968ed90e82a832dbc60e958c76b787be7e,No,No,default,Static,Static Function,amd_dump_p2m_table(struct domain *),xen/drivers/passthrough/amd/pci_amd_iommu.c,2,8,0,5,10,2,8,2,5,0,0,0,2,2,4,5,1,0,4,2,2,2,1,1,0,1,0,0
422,No,No,789589968ed90e82a832dbc60e958c76b787be7e,No,No,default,Static,Static Function,"amd_dump_p2m_table_level(struct page_info *,int,paddr_t,int)",xen/drivers/passthrough/amd/pci_amd_iommu.c,11,51,0,5,62,11,51,7,36,0,0,0,10,19,24,31,5,0,26,8,8,9,6,5,5,2,4,0
422,No,No,789589968ed90e82a832dbc60e958c76b787be7e,No,No,default,Static,Static Function,"amd_iommu_add_device(u8,struct pci_dev *)",xen/drivers/passthrough/amd/pci_amd_iommu.c,4,26,1,9,31,4,26,3,17,1,0,0,5,4,11,14,2,0,12,4,4,5,4,4,4,2,4,0
422,No,No,789589968ed90e82a832dbc60e958c76b787be7e,No,No,default,none,Function,amd_iommu_alloc_root(struct domain_iommu *),xen/drivers/passthrough/amd/pci_amd_iommu.c,1,10,0,5,11,1,10,1,5,0,0,0,6,3,3,5,0,0,5,3,3,3,3,2,2,2,2,0
422,No,No,789589968ed90e82a832dbc60e958c76b787be7e,No,No,default,Static,Static Function,"amd_iommu_assign_device(struct domain *,u8,struct pci_dev *,u32)",xen/drivers/passthrough/amd/pci_amd_iommu.c,2,18,0,11,20,2,18,6,11,0,0,0,5,2,5,6,3,0,3,2,2,2,1,0,0,1,0,0
422,No,No,789589968ed90e82a832dbc60e958c76b787be7e,No,No,default,none,Function,amd_iommu_crash_shutdown(),xen/drivers/passthrough/amd/iommu_init.c,1,6,0,1,7,1,6,2,2,0,0,0,2,1,2,2,1,0,1,1,1,1,1,0,0,0,0,0
422,No,No,789589968ed90e82a832dbc60e958c76b787be7e,No,No,default,none,Function,"amd_iommu_disable_domain_device(struct domain *,struct amd_iommu *,u8,struct pci_dev *)",xen/drivers/passthrough/amd/pci_amd_iommu.c,7,31,0,16,38,7,31,7,21,0,0,0,15,6,15,18,4,0,14,4,4,7,1,0,0,2,0,0
422,No,No,789589968ed90e82a832dbc60e958c76b787be7e,No,No,default,Static,Static Function,amd_iommu_domain_destroy(struct domain *),xen/drivers/passthrough/amd/pci_amd_iommu.c,0,5,0,1,5,0,5,1,2,0,0,0,2,1,2,2,0,0,2,1,1,1,1,0,0,0,0,0
422,No,No,789589968ed90e82a832dbc60e958c76b787be7e,No,No,default,Static,Static Function,amd_iommu_domain_init(struct domain *),xen/drivers/passthrough/amd/pci_amd_iommu.c,1,6,2,2,9,1,6,2,3,2,0,0,5,1,3,3,1,0,2,2,2,2,1,0,0,0,0,0
422,No,No,789589968ed90e82a832dbc60e958c76b787be7e,No,No,default,Static,Static Function,amd_iommu_erratum_746_workaround(struct amd_iommu *),xen/drivers/passthrough/amd/iommu_init.c,6,21,2,6,29,6,21,5,17,2,0,0,3,3,12,14,4,0,10,3,3,5,3,2,2,1,2,0
422,No,No,789589968ed90e82a832dbc60e958c76b787be7e,No,No,default,none,Function,amd_iommu_flush_iotlb_all(struct domain *),xen/drivers/passthrough/amd/iommu_map.c,1,5,0,1,6,1,5,1,2,0,0,0,2,1,2,2,0,0,2,1,1,1,1,0,0,0,0,0
422,No,No,789589968ed90e82a832dbc60e958c76b787be7e,No,No,default,none,Function,"amd_iommu_flush_iotlb_pages(struct domain *,dfn_t,unsigned int,unsigned int)",xen/drivers/passthrough/amd/iommu_map.c,5,24,11,5,39,5,24,4,17,11,0,0,8,6,11,16,1,0,15,6,6,7,3,5,2,1,2,0
422,No,No,789589968ed90e82a832dbc60e958c76b787be7e,No,No,default,none,Function,amd_iommu_get_address_from_pte(void *),xen/drivers/passthrough/amd/iommu_map.c,3,15,0,4,18,3,15,4,10,0,0,0,2,1,7,7,3,0,4,1,1,1,1,0,0,0,0,0
422,No,No,789589968ed90e82a832dbc60e958c76b787be7e,No,No,default,Static,Static Function,"amd_iommu_group_id(u16,u8,u8)",xen/drivers/passthrough/amd/pci_amd_iommu.c,1,5,0,3,6,1,5,2,2,0,0,0,2,1,2,2,1,0,1,2,2,2,1,0,0,0,0,0
422,No,No,789589968ed90e82a832dbc60e958c76b787be7e,No,No,default,Static,Static Function,"amd_iommu_has_feature(struct amd_iommu *,uint32_t)",xen/include/asm-x86/hvm/svm/amd-iommu-proto.h,0,6,0,3,6,0,6,1,3,0,0,0,2,2,2,3,0,0,3,2,2,2,1,1,0,1,0,0
422,No,No,789589968ed90e82a832dbc60e958c76b787be7e,No,No,default,none,Function,amd_iommu_init(),xen/drivers/passthrough/amd/iommu_init.c,13,50,9,3,72,13,50,3,43,9,0,0,18,2048,28,39,2,0,37,12,12,14,10,18,18,1,18,0
422,No,No,789589968ed90e82a832dbc60e958c76b787be7e,No,No,default,Static,Static Function,amd_iommu_init_cleanup(),xen/drivers/passthrough/amd/iommu_init.c,5,23,4,9,32,5,23,2,16,4,0,0,10,2,14,15,1,0,14,2,2,2,1,0,0,1,0,0
422,No,No,789589968ed90e82a832dbc60e958c76b787be7e,No,No,default,Static,Static Function,amd_iommu_init_one(struct amd_iommu *),xen/drivers/passthrough/amd/iommu_init.c,13,30,1,11,44,13,30,1,26,1,0,0,19,192,18,26,0,0,26,9,9,9,8,13,13,2,13,0
422,No,No,789589968ed90e82a832dbc60e958c76b787be7e,No,No,default,none,Function,"amd_iommu_map_page(struct domain *,dfn_t,mfn_t,unsigned int,unsigned int *)",xen/drivers/passthrough/amd/iommu_map.c,9,44,3,8,56,9,44,5,30,3,0,0,15,7,28,33,3,0,30,9,9,10,6,5,5,3,5,0
422,No,No,789589968ed90e82a832dbc60e958c76b787be7e,No,No,default,Static,Static Function,"amd_iommu_msi_enable(struct amd_iommu *,int)",xen/drivers/passthrough/amd/iommu_init.c,0,5,0,11,5,0,5,1,2,0,0,0,1,1,1,1,0,0,1,1,1,1,1,0,0,0,0,0
422,No,No,789589968ed90e82a832dbc60e958c76b787be7e,No,No,default,Static,Static Function,"amd_iommu_remove_device(u8,struct pci_dev *)",xen/drivers/passthrough/amd/pci_amd_iommu.c,2,19,0,7,21,2,19,3,12,0,0,0,4,3,9,11,2,0,9,3,3,3,3,2,2,1,2,0
422,No,No,789589968ed90e82a832dbc60e958c76b787be7e,No,No,default,none,Function,"amd_iommu_reserve_domain_unity_map(struct domain *,paddr_t,unsigned long,int,int)",xen/drivers/passthrough/amd/iommu_map.c,5,27,1,6,33,5,27,9,18,1,0,0,6,12,15,19,6,0,13,5,5,6,3,2,2,2,2,0
422,No,No,789589968ed90e82a832dbc60e958c76b787be7e,No,No,default,none,Function,amd_iommu_resume(),xen/drivers/passthrough/amd/iommu_init.c,2,14,5,0,21,2,14,2,7,5,0,0,6,2,5,6,1,0,5,2,2,2,1,0,0,1,0,0
422,No,No,789589968ed90e82a832dbc60e958c76b787be7e,No,No,default,none,Function,"amd_iommu_set_root_page_table(uint32_t *,uint64_t,uint16_t,uint8_t,uint8_t)",xen/drivers/passthrough/amd/iommu_map.c,3,36,0,6,39,3,36,4,30,0,0,0,2,1,14,14,1,0,13,2,2,2,1,0,0,0,0,0
422,No,No,789589968ed90e82a832dbc60e958c76b787be7e,No,No,default,Static,Static Function,"amd_iommu_setup_device_table(u16,struct ivrs_mappings *)",xen/drivers/passthrough/amd/iommu_init.c,7,29,3,6,39,7,29,4,19,3,0,0,12,4,14,17,2,0,15,4,4,4,1,1,0,2,0,0
422,No,No,789589968ed90e82a832dbc60e958c76b787be7e,No,No,default,Static,Static Function,"amd_iommu_setup_domain_device(struct domain *,struct amd_iommu *,u8,struct pci_dev *)",xen/drivers/passthrough/amd/pci_amd_iommu.c,13,45,2,22,60,13,45,9,34,2,0,0,17,36,20,26,6,0,20,7,7,12,1,0,0,2,0,0
422,No,No,789589968ed90e82a832dbc60e958c76b787be7e,No,No,default,none,Function,amd_iommu_share_p2m(struct domain *),xen/drivers/passthrough/amd/iommu_map.c,3,16,1,4,20,3,16,4,9,1,0,0,10,2,9,10,3,0,7,2,2,2,1,0,0,1,0,0
422,No,No,789589968ed90e82a832dbc60e958c76b787be7e,No,No,default,none,Function,amd_iommu_suspend(),xen/drivers/passthrough/amd/iommu_init.c,1,5,0,0,6,1,5,1,2,0,0,0,2,1,2,2,0,0,2,1,1,1,1,0,0,0,0,0
422,No,No,789589968ed90e82a832dbc60e958c76b787be7e,No,No,default,none,Function,"amd_iommu_unmap_page(struct domain *,dfn_t,unsigned int *)",xen/drivers/passthrough/amd/iommu_map.c,10,39,3,6,52,10,39,5,26,3,0,0,13,8,23,29,3,0,26,9,9,10,6,5,5,4,5,0
422,No,No,789589968ed90e82a832dbc60e958c76b787be7e,No,No,default,Static,Static Function,amd_sp5100_erratum28(),xen/drivers/passthrough/amd/iommu_init.c,5,22,1,1,28,5,22,4,12,1,0,0,4,5,13,16,3,0,13,4,4,5,4,4,4,2,4,0
422,No,No,789589968ed90e82a832dbc60e958c76b787be7e,No,No,default,Static,Static Function,"amd_xc_cpuid_policy(const struct cpuid_domain_info *,const unsigned int *,unsigned int *)",tools/libxc/xc_cpuid_x86.c,7,40,17,5,55,7,31,2,22,17,0,9,1,7,11,19,0,0,19,8,4,8,6,7,7,2,7,0
422,No,No,789589968ed90e82a832dbc60e958c76b787be7e,No,No,default,Static,Static Function,ap_resume(void *),xen/arch/x86/guest/xen.c,0,5,0,0,5,0,5,1,2,0,0,0,2,1,2,2,0,0,2,1,1,1,1,0,0,0,0,0
422,No,No,789589968ed90e82a832dbc60e958c76b787be7e,No,No,default,Static,Static Function,apic_pm_activate(),xen/arch/x86/apic.c,0,4,0,1,4,0,4,1,1,0,0,0,2,1,1,1,0,0,1,1,1,1,1,0,0,0,0,0
422,No,No,789589968ed90e82a832dbc60e958c76b787be7e,No,No,default,none,Function,apic_timer_interrupt(struct cpu_user_regs *),xen/arch/x86/apic.c,0,6,0,0,6,0,6,1,3,0,0,0,3,1,3,3,0,0,3,1,1,1,1,0,0,0,0,0
422,No,No,789589968ed90e82a832dbc60e958c76b787be7e,No,No,default,Static,Static Function,apicid_to_bdf(int),xen/drivers/passthrough/vtd/intremap.c,2,10,0,6,12,2,10,3,6,0,0,0,4,1,5,5,2,0,3,1,1,1,1,0,0,0,0,0
422,No,No,789589968ed90e82a832dbc60e958c76b787be7e,No,No,default,Static,Static Function,apply_microcode(unsigned int),xen/arch/x86/microcode_amd.c,12,30,7,8,49,12,30,7,21,7,0,0,14,8,21,25,6,0,19,6,6,7,4,3,3,2,3,0
422,No,No,789589968ed90e82a832dbc60e958c76b787be7e,No,No,default,Static,Static Function,apply_quirks(struct pci_dev *),xen/drivers/passthrough/pci.c,1,22,16,7,39,1,22,16,16,16,0,0,4,3,8,10,5,0,5,3,3,4,1,0,0,2,0,0
422,No,No,789589968ed90e82a832dbc60e958c76b787be7e,No,No,default,none,Function,"arch_acquire_resource(struct domain *,unsigned int,unsigned int,unsigned long,unsigned int,xen_pfn_t [],unsigned int *)",xen/arch/x86/mm.c,8,36,0,2,44,3,14,5,5,0,25,2,1,1,4,5,1,0,4,1,2,1,1,0,0,1,0,0
422,No,No,789589968ed90e82a832dbc60e958c76b787be7e,No,No,default,Static,Static Function,"arch_acquire_resource(struct domain *,unsigned int,unsigned int,unsigned long,unsigned int,xen_pfn_t [],unsigned int *)",xen/include/asm-arm/mm.h,0,7,0,0,7,0,7,4,1,0,0,0,1,1,1,1,0,0,1,1,1,1,1,0,0,0,0,0
422,No,No,789589968ed90e82a832dbc60e958c76b787be7e,No,No,default,none,Function,arch_cpu_up(int),xen/arch/arm/arm32/smpboot.c,0,4,0,1,4,0,4,1,1,0,0,0,2,1,1,1,0,0,1,1,1,1,1,0,0,0,0,0
422,No,No,789589968ed90e82a832dbc60e958c76b787be7e,No,No,default,none,Function,"arch_do_domctl(struct xen_domctl *,struct domain *,__guest_handle_xen_domctl_t)",xen/arch/arm/domctl.c,29,99,17,20,145,29,99,17,75,17,0,0,19,29,54,80,15,0,65,26,22,26,21,82,82,3,81,0
422,No,No,789589968ed90e82a832dbc60e958c76b787be7e,No,No,default,none,Function,"arch_do_domctl(struct xen_domctl *,struct domain *,__guest_handle_xen_domctl_t)",xen/arch/x86/domctl.c,168,967,40,132,1157,165,923,72,742,39,29,18,153,10657,482,678,66,1,611,194,140,235,103,1222,1128,6,1123,0
422,No,No,789589968ed90e82a832dbc60e958c76b787be7e,No,No,default,none,Function,arch_do_multicall_call(struct mc_state *),xen/arch/arm/traps.c,5,24,0,7,29,5,24,3,17,0,0,0,8,4,10,13,2,0,11,5,5,6,4,3,3,1,3,0
422,No,No,789589968ed90e82a832dbc60e958c76b787be7e,No,No,default,none,Function,arch_do_multicall_call(struct mc_state *),xen/arch/x86/hypercall.c,0,4,0,0,4,0,4,1,1,0,0,0,1,1,1,1,0,0,1,1,1,1,1,0,0,0,0,0
422,No,No,789589968ed90e82a832dbc60e958c76b787be7e,No,No,default,none,Function,arch_do_multicall_call(struct mc_state *),xen/arch/x86/pv/hypercall.c,4,35,0,6,39,3,21,4,15,0,13,2,9,3,7,9,3,0,6,5,5,6,1,1,0,2,0,0
422,No,No,789589968ed90e82a832dbc60e958c76b787be7e,No,No,default,none,Function,"arch_do_vcpu_op(int,struct vcpu *,__guest_handle_void)",xen/arch/arm/domain.c,0,4,0,0,4,0,4,1,1,0,0,0,1,1,1,1,0,0,1,1,1,1,1,0,0,0,0,0
422,No,No,789589968ed90e82a832dbc60e958c76b787be7e,No,No,default,none,Function,"arch_do_vcpu_op(int,struct vcpu *,__guest_handle_void)",xen/arch/x86/domain.c,13,41,0,9,54,13,41,6,28,0,0,0,11,9,20,27,3,0,24,7,6,8,7,13,13,2,13,0
422,No,No,789589968ed90e82a832dbc60e958c76b787be7e,No,No,default,none,Function,"arch_domain_create(struct domain *,struct xen_domctl_createdomain *)",xen/arch/arm/domain.c,20,52,13,8,85,20,52,4,43,13,0,0,26,4609,30,45,2,0,43,16,15,17,10,20,17,2,17,0
422,No,No,789589968ed90e82a832dbc60e958c76b787be7e,No,No,default,none,Function,"arch_domain_create(struct domain *,struct xen_domctl_createdomain *)",xen/arch/x86/domain.c,33,118,14,16,163,33,118,10,93,14,0,0,49,10251,60,81,4,0,77,25,25,28,19,31,31,2,31,0
422,No,No,789589968ed90e82a832dbc60e958c76b787be7e,No,No,default,none,Function,arch_domain_creation_finished(struct domain *),xen/arch/arm/domain.c,0,5,8,1,13,0,5,1,2,8,0,0,3,2,1,2,0,0,2,2,2,2,1,0,0,1,0,1
422,No,No,789589968ed90e82a832dbc60e958c76b787be7e,No,No,default,none,Function,arch_domain_creation_finished(struct domain *),xen/arch/x86/domain.c,0,3,0,0,3,0,3,1,0,0,0,0,0,1,0,0,0,0,0,1,1,1,1,0,0,0,0,0
422,No,No,789589968ed90e82a832dbc60e958c76b787be7e,No,No,default,none,Function,arch_domain_destroy(struct domain *),xen/arch/arm/domain.c,0,13,3,2,16,0,9,1,6,3,2,2,6,1,6,6,0,0,6,1,1,1,1,0,0,0,0,0
422,No,No,789589968ed90e82a832dbc60e958c76b787be7e,No,No,default,none,Function,arch_domain_destroy(struct domain *),xen/arch/x86/domain.c,6,18,0,7,24,6,18,1,15,0,0,0,12,8,12,15,0,0,15,4,4,4,1,0,0,1,0,0
422,No,No,789589968ed90e82a832dbc60e958c76b787be7e,No,No,default,none,Function,arch_domain_pause(struct domain *),xen/arch/arm/domain.c,0,3,0,0,3,0,3,1,0,0,0,0,0,1,0,0,0,0,0,1,1,1,1,0,0,0,0,0
422,No,No,789589968ed90e82a832dbc60e958c76b787be7e,No,No,default,none,Function,arch_domain_pause(struct domain *),xen/arch/x86/domain.c,0,5,0,1,5,0,5,1,2,0,0,0,2,2,1,2,0,0,2,2,2,2,1,0,0,1,0,0
422,No,No,789589968ed90e82a832dbc60e958c76b787be7e,No,No,default,none,Function,arch_domain_shutdown(struct domain *),xen/arch/arm/domain.c,0,3,0,0,3,0,3,1,0,0,0,0,0,1,0,0,0,0,0,1,1,1,1,0,0,0,0,0
422,No,No,789589968ed90e82a832dbc60e958c76b787be7e,No,No,default,none,Function,arch_domain_shutdown(struct domain *),xen/arch/x86/domain.c,0,5,0,1,5,0,5,1,2,0,0,0,2,2,1,2,0,0,2,2,2,2,1,0,0,1,0,0
422,No,No,789589968ed90e82a832dbc60e958c76b787be7e,No,No,default,none,Function,arch_domain_soft_reset(struct domain *),xen/arch/arm/domain.c,0,4,0,0,4,0,4,1,1,0,0,0,1,1,1,1,0,0,1,1,1,1,1,0,0,0,0,0
422,No,No,789589968ed90e82a832dbc60e958c76b787be7e,No,No,default,none,Function,arch_domain_soft_reset(struct domain *),xen/arch/x86/domain.c,13,68,9,5,90,13,68,8,46,9,0,0,25,261,39,50,7,0,43,13,13,13,10,9,9,3,9,0
422,No,No,789589968ed90e82a832dbc60e958c76b787be7e,No,No,default,none,Function,arch_domain_unpause(struct domain *),xen/arch/arm/domain.c,0,3,0,0,3,0,3,1,0,0,0,0,0,1,0,0,0,0,0,1,1,1,1,0,0,0,0,0
422,No,No,789589968ed90e82a832dbc60e958c76b787be7e,No,No,default,none,Function,arch_domain_unpause(struct domain *),xen/arch/x86/domain.c,0,5,0,1,5,0,5,1,2,0,0,0,2,2,1,2,0,0,2,2,2,2,1,0,0,1,0,0
422,No,No,789589968ed90e82a832dbc60e958c76b787be7e,No,No,default,none,Function,arch_dump_domain_info(struct domain *),xen/arch/arm/domain.c,0,4,0,1,4,0,4,1,1,0,0,0,1,1,1,1,0,0,1,1,1,1,1,0,0,0,0,0
422,No,No,789589968ed90e82a832dbc60e958c76b787be7e,No,No,default,none,Function,arch_dump_domain_info(struct domain *),xen/arch/x86/domain.c,0,4,0,1,4,0,4,1,1,0,0,0,1,1,1,1,0,0,1,1,1,1,1,0,0,0,0,0
422,No,No,789589968ed90e82a832dbc60e958c76b787be7e,No,No,default,none,Function,arch_dump_shared_mem_info(),xen/arch/x86/mm.c,0,6,0,0,6,0,6,1,3,0,0,0,3,1,1,1,0,0,1,1,1,1,1,0,0,0,0,0
422,No,No,789589968ed90e82a832dbc60e958c76b787be7e,No,No,default,none,Function,arch_dump_shared_mem_info(),xen/arch/arm/mm.c,0,3,0,0,3,0,3,1,0,0,0,0,0,1,0,0,0,0,0,1,1,1,1,0,0,0,0,0
422,No,No,789589968ed90e82a832dbc60e958c76b787be7e,No,No,default,none,Function,arch_dump_vcpu_info(struct vcpu *),xen/arch/arm/domain.c,0,5,0,1,5,0,5,1,2,0,0,0,2,1,2,2,0,0,2,1,1,1,1,0,0,0,0,0
422,No,No,789589968ed90e82a832dbc60e958c76b787be7e,No,No,default,none,Function,arch_dump_vcpu_info(struct vcpu *),xen/arch/x86/domain.c,1,5,0,1,6,1,5,1,2,0,0,0,2,1,2,2,0,0,2,1,1,1,1,0,0,0,0,0
422,No,No,789589968ed90e82a832dbc60e958c76b787be7e,No,No,default,none,Function,"arch_evtchn_bind_pirq(struct domain *,int)",xen/arch/x86/irq.c,3,15,0,5,18,3,15,4,10,0,0,0,7,5,9,12,3,0,9,4,4,4,1,1,0,1,0,0
422,No,No,789589968ed90e82a832dbc60e958c76b787be7e,No,No,default,none,Function,arch_evtchn_inject(struct vcpu *),xen/arch/x86/irq.c,0,5,0,2,5,0,5,1,2,0,0,0,2,2,1,2,0,0,2,2,2,2,1,0,0,1,0,0
422,No,No,789589968ed90e82a832dbc60e958c76b787be7e,No,No,default,none,Function,"arch_get_domain_info(const struct domain *,struct xen_domctl_getdomaininfo *)",xen/arch/arm/domctl.c,0,5,1,0,6,0,5,2,1,1,0,0,1,1,1,1,0,0,1,1,1,1,1,0,0,0,0,0
422,No,No,789589968ed90e82a832dbc60e958c76b787be7e,No,No,default,none,Function,"arch_get_domain_info(const struct domain *,struct xen_domctl_getdomaininfo *)",xen/arch/x86/domctl.c,1,7,0,3,8,1,7,2,3,0,0,0,4,2,2,3,0,0,3,2,2,2,1,0,0,1,0,0
422,No,No,789589968ed90e82a832dbc60e958c76b787be7e,No,No,default,none,Function,"arch_get_info_guest(struct vcpu *,vcpu_guest_context_u)",xen/arch/arm/domctl.c,3,12,0,10,15,3,12,3,9,0,0,0,7,2,8,9,2,0,7,2,2,2,1,0,0,1,0,0
422,No,No,789589968ed90e82a832dbc60e958c76b787be7e,No,No,default,none,Function,"arch_get_info_guest(struct vcpu *,vcpu_guest_context_u)",xen/arch/x86/domctl.c,9,117,1,51,127,9,115,8,88,1,0,2,61,5200,74,90,6,1,83,43,43,43,1,5,0,3,0,0
422,No,No,789589968ed90e82a832dbc60e958c76b787be7e,No,No,default,none,Function,arch_get_xen_caps(xen_capabilities_info_t *),xen/arch/arm/setup.c,2,15,1,1,18,2,11,3,5,1,2,2,3,2,5,6,2,0,4,2,2,2,1,0,0,1,0,0
422,No,No,789589968ed90e82a832dbc60e958c76b787be7e,No,No,default,none,Function,arch_get_xen_caps(xen_capabilities_info_t *),xen/arch/x86/setup.c,2,22,1,1,25,2,22,3,14,1,0,0,4,4,13,15,2,0,13,3,3,3,1,0,0,1,0,0
422,No,No,789589968ed90e82a832dbc60e958c76b787be7e,No,No,default,none,Function,arch_init_one_irq_desc(struct irq_desc *),xen/arch/arm/irq.c,0,5,0,0,5,0,5,1,2,0,0,0,4,1,2,2,0,0,2,1,1,1,1,0,0,0,0,0
422,No,No,789589968ed90e82a832dbc60e958c76b787be7e,No,No,default,none,Function,arch_init_one_irq_desc(struct irq_desc *),xen/arch/x86/irq.c,4,19,0,5,23,4,19,1,12,0,0,0,8,4,9,12,0,0,12,4,4,4,4,3,3,1,3,0
422,No,No,789589968ed90e82a832dbc60e958c76b787be7e,No,No,default,none,Function,"arch_initialise_vcpu(struct vcpu *,__guest_handle_void)",xen/arch/arm/domain.c,0,4,0,2,4,0,4,1,1,0,0,0,2,1,1,1,0,0,1,1,1,1,1,0,0,0,0,0
422,No,No,789589968ed90e82a832dbc60e958c76b787be7e,No,No,default,none,Function,"arch_initialise_vcpu(struct vcpu *,__guest_handle_void)",xen/arch/x86/domain.c,4,17,0,5,21,4,17,4,10,0,0,0,7,3,9,11,3,0,8,4,4,4,3,3,3,2,3,0
422,No,No,789589968ed90e82a832dbc60e958c76b787be7e,No,No,default,none,Function,arch_iommu_domain_destroy(struct domain *),xen/drivers/passthrough/x86/iommu.c,0,3,0,1,3,0,3,1,0,0,0,0,0,1,0,0,0,0,0,1,1,1,1,0,0,0,0,0
422,No,No,789589968ed90e82a832dbc60e958c76b787be7e,No,No,default,none,Function,arch_iommu_domain_init(struct domain *),xen/drivers/passthrough/x86/iommu.c,2,7,0,6,9,2,7,2,4,0,0,0,3,1,4,4,1,0,3,1,1,1,1,0,0,0,0,0
422,No,No,789589968ed90e82a832dbc60e958c76b787be7e,No,No,default,none,Function,arch_iommu_populate_page_table(struct domain *),xen/drivers/passthrough/x86/iommu.c,9,53,11,11,73,9,53,6,37,11,0,0,28,264,21,31,5,0,26,11,11,17,4,3,3,3,3,0
422,No,No,789589968ed90e82a832dbc60e958c76b787be7e,No,No,default,none,Function,"arch_memory_op(int,__guest_handle_void)",xen/arch/arm/mm.c,2,12,1,1,15,2,12,1,7,1,0,0,1,2,3,6,0,0,6,3,2,3,1,1,0,1,0,0
422,No,No,789589968ed90e82a832dbc60e958c76b787be7e,No,No,default,none,Function,"arch_memory_op(unsigned long,__guest_handle_void)",xen/arch/x86/mm.c,42,187,1,22,230,33,138,18,97,1,56,2,31,84,69,100,13,0,87,31,28,37,28,91,91,4,91,0
422,No,No,789589968ed90e82a832dbc60e958c76b787be7e,No,No,default,Static,Static Function,arch_mfn_in_directmap(unsigned long),xen/include/asm-x86/mm.h,1,5,0,1,6,1,5,2,2,0,0,0,3,1,2,2,1,0,1,1,1,1,1,0,0,0,0,0
422,No,No,789589968ed90e82a832dbc60e958c76b787be7e,No,No,default,none,Function,"arch_p2m_set_access_required(struct domain *,bool)",xen/arch/x86/mm/mem_access.c,3,17,0,3,20,2,5,1,2,0,11,2,4,1,2,2,0,0,2,1,1,1,1,0,0,0,0,0
422,No,No,789589968ed90e82a832dbc60e958c76b787be7e,No,No,default,none,Function,"arch_p2m_set_access_required(struct domain *,bool)",xen/arch/arm/mem_access.c,0,5,0,3,5,0,5,1,2,0,0,0,4,1,2,2,0,0,2,1,1,1,1,0,0,0,0,0
422,No,No,789589968ed90e82a832dbc60e958c76b787be7e,No,No,default,none,Function,arch_sanitise_domain_config(struct xen_domctl_createdomain *),xen/arch/arm/domain.c,8,37,2,5,47,8,37,2,23,2,0,0,9,11,15,22,1,0,21,7,6,7,7,9,9,2,9,0
422,No,No,789589968ed90e82a832dbc60e958c76b787be7e,No,No,default,none,Function,arch_sanitise_domain_config(struct xen_domctl_createdomain *),xen/arch/x86/domain.c,4,18,0,3,22,4,18,3,10,0,0,0,3,3,8,10,2,0,8,5,5,5,3,2,2,1,2,0
422,No,No,789589968ed90e82a832dbc60e958c76b787be7e,No,No,default,none,Function,"arch_set_info_guest(struct vcpu *,vcpu_guest_context_u)",xen/arch/arm/domain.c,8,41,0,17,49,7,32,4,26,0,8,2,13,10,17,25,2,0,23,9,9,14,8,13,12,2,12,0
422,No,No,789589968ed90e82a832dbc60e958c76b787be7e,No,No,default,none,Function,"arch_set_info_guest(struct vcpu *,vcpu_guest_context_u)",xen/arch/x86/domain.c,56,319,19,44,390,16,90,6,66,5,275,6,21,308,44,60,4,0,56,24,24,36,8,17,15,4,14,0
422,No,No,789589968ed90e82a832dbc60e958c76b787be7e,No,No,default,Static,Static Function,arch_vcpu_block(struct vcpu *),xen/include/asm-arm/domain.h,0,1,0,0,1,0,1,1,0,0,0,0,0,1,0,0,0,0,0,1,1,1,1,0,0,0,0,0
422,No,No,789589968ed90e82a832dbc60e958c76b787be7e,No,No,default,none,Function,arch_vcpu_create(struct vcpu *),xen/arch/arm/domain.c,13,30,5,8,48,13,30,5,26,5,0,0,21,10,20,25,2,0,23,6,6,6,5,6,6,1,6,0
422,No,No,789589968ed90e82a832dbc60e958c76b787be7e,No,No,default,none,Function,arch_vcpu_create(struct vcpu *),xen/arch/x86/domain.c,15,45,2,7,61,15,45,3,34,2,0,0,22,39,25,34,2,0,32,10,10,10,8,13,11,2,11,0
422,No,No,789589968ed90e82a832dbc60e958c76b787be7e,No,No,default,none,Function,arch_vcpu_destroy(struct vcpu *),xen/arch/arm/domain.c,0,6,0,3,6,0,6,1,3,0,0,0,3,1,3,3,0,0,3,1,1,1,1,0,0,0,0,0
422,No,No,789589968ed90e82a832dbc60e958c76b787be7e,No,No,default,none,Function,arch_vcpu_destroy(struct vcpu *),xen/arch/x86/domain.c,4,14,0,6,18,4,14,1,11,0,0,0,10,4,8,10,0,0,10,3,3,3,1,1,0,1,0,0
422,No,No,789589968ed90e82a832dbc60e958c76b787be7e,No,No,default,none,Function,arch_vcpu_regs_init(struct vcpu *),xen/arch/x86/domain.c,1,8,0,5,9,1,8,1,5,0,0,0,7,1,5,5,0,0,5,1,1,1,1,0,0,0,0,0
422,No,No,789589968ed90e82a832dbc60e958c76b787be7e,No,No,default,none,Function,arch_vcpu_reset(struct vcpu *),xen/arch/arm/domain.c,0,5,0,1,5,0,5,1,2,0,0,0,2,1,2,2,0,0,2,1,1,1,1,0,0,0,0,0
422,No,No,789589968ed90e82a832dbc60e958c76b787be7e,No,No,default,none,Function,arch_vcpu_reset(struct vcpu *),xen/arch/x86/domain.c,1,10,0,1,11,1,10,1,5,0,0,0,5,2,4,5,0,0,5,2,2,2,1,1,0,1,0,0
422,No,No,789589968ed90e82a832dbc60e958c76b787be7e,No,No,default,none,Function,argo_destroy(struct domain *),xen/common/argo.c,4,15,0,3,19,4,15,2,9,0,0,0,8,4,9,11,0,0,11,4,4,4,1,0,0,2,0,0
422,No,No,789589968ed90e82a832dbc60e958c76b787be7e,No,No,default,Static,Static Function,argo_destroy(struct domain *),xen/include/xen/argo.h,0,3,0,2,3,0,3,1,0,0,0,0,1,1,0,0,0,0,0,1,1,1,1,0,0,0,0,0
422,No,No,789589968ed90e82a832dbc60e958c76b787be7e,No,No,default,Static,Static Function,argo_domain_init(struct argo_domain *),xen/common/argo.c,2,14,0,9,16,2,14,3,7,0,0,0,3,2,9,10,1,0,9,2,2,2,1,0,0,1,0,0
422,No,No,789589968ed90e82a832dbc60e958c76b787be7e,No,No,default,none,Function,argo_init(struct domain *),xen/common/argo.c,8,19,0,2,27,8,19,3,12,0,0,0,8,3,11,13,1,0,12,3,3,4,3,2,2,1,2,0
422,No,No,789589968ed90e82a832dbc60e958c76b787be7e,No,No,default,Static,Static Function,argo_init(struct domain *),xen/include/xen/argo.h,0,4,0,1,4,0,4,1,1,0,0,0,1,1,1,1,0,0,1,1,1,1,1,0,0,0,0,0
422,No,No,789589968ed90e82a832dbc60e958c76b787be7e,No,No,default,none,Function,argo_soft_reset(struct domain *),xen/common/argo.c,4,14,5,2,23,4,14,2,8,5,0,0,6,2,7,8,0,0,8,2,2,2,1,0,0,1,0,0
422,No,No,789589968ed90e82a832dbc60e958c76b787be7e,No,No,default,Static,Static Function,argo_soft_reset(struct domain *),xen/include/xen/argo.h,0,3,0,1,3,0,3,1,0,0,0,0,1,1,0,0,0,0,0,1,1,1,1,0,0,0,0,0
422,No,No,789589968ed90e82a832dbc60e958c76b787be7e,No,No,default,Static,Static Function,arm_smmu_add_device(struct device *),xen/drivers/passthrough/arm/smmu.c,9,41,4,5,54,9,41,8,28,4,0,0,16,6,26,31,7,0,24,6,6,6,6,7,7,2,7,0
422,No,No,789589968ed90e82a832dbc60e958c76b787be7e,No,No,default,Static,Static Function,"arm_smmu_assign_dev(struct domain *,u8,struct device *,u32)",xen/drivers/passthrough/arm/smmu.c,13,44,5,14,62,13,44,6,31,5,0,0,18,63,23,32,3,0,29,10,10,10,8,9,8,2,8,0
422,No,No,789589968ed90e82a832dbc60e958c76b787be7e,No,No,default,Static,Static Function,"arm_smmu_attach_dev(struct iommu_domain *,struct device *)",xen/drivers/passthrough/arm/smmu.c,8,36,6,8,50,8,36,7,26,6,0,0,12,11,22,29,4,0,25,8,8,8,7,6,6,2,6,0
422,No,No,789589968ed90e82a832dbc60e958c76b787be7e,No,No,default,Static,Static Function,"arm_smmu_context_fault(int,void *)",xen/drivers/passthrough/arm/smmu.c,6,26,0,10,32,6,22,8,16,0,2,2,6,2,16,17,7,0,10,2,2,2,1,1,0,1,0,0
422,No,No,789589968ed90e82a832dbc60e958c76b787be7e,No,No,default,Static,Static Function,"arm_smmu_context_fault_xen(int,void *,struct cpu_user_regs *)",xen/drivers/passthrough/arm/smmu.c,0,5,0,2,5,0,5,2,1,0,0,0,1,1,1,1,0,0,1,1,1,1,1,0,0,0,0,0
422,No,No,789589968ed90e82a832dbc60e958c76b787be7e,No,No,default,Static,Static Function,"arm_smmu_deassign_dev(struct domain *,struct device *)",xen/drivers/passthrough/arm/smmu.c,7,17,0,15,24,7,17,3,12,0,0,0,9,3,11,13,2,0,11,3,3,4,1,1,0,1,0,0
422,No,No,789589968ed90e82a832dbc60e958c76b787be7e,No,No,default,Static,Static Function,arm_smmu_destroy_domain_context(struct iommu_domain *),xen/drivers/passthrough/arm/smmu.c,4,18,1,13,23,4,18,6,12,1,0,0,4,3,12,14,5,0,9,3,3,3,1,1,0,1,0,0
422,No,No,789589968ed90e82a832dbc60e958c76b787be7e,No,No,default,Static,Static Function,arm_smmu_destroy_iommu_domain(struct iommu_domain *),xen/drivers/passthrough/arm/smmu.c,0,6,0,4,6,0,6,1,3,0,0,0,3,1,3,3,0,0,3,1,1,1,1,0,0,0,0,0
422,No,No,789589968ed90e82a832dbc60e958c76b787be7e,No,No,default,Static,Static Function,"arm_smmu_detach_dev(struct iommu_domain *,struct device *)",xen/drivers/passthrough/arm/smmu.c,2,10,0,5,12,2,10,4,6,0,0,0,5,2,6,7,2,0,5,2,2,2,1,1,0,1,0,0
422,No,No,789589968ed90e82a832dbc60e958c76b787be7e,No,No,default,Static,Static Function,arm_smmu_device_cfg_probe(struct arm_smmu_device *),xen/drivers/passthrough/arm/smmu.c,24,131,8,12,163,24,117,5,85,7,8,10,7,2233,61,84,19,0,65,20,20,25,10,13,12,2,12,0
422,No,No,789589968ed90e82a832dbc60e958c76b787be7e,No,No,default,Static,Static Function,arm_smmu_device_dt_probe(struct dt_device_node *),xen/drivers/passthrough/arm/smmu.c,21,118,0,14,139,21,118,11,91,0,0,0,35,2737,72,90,9,1,80,19,19,20,14,29,29,2,29,0
422,No,No,789589968ed90e82a832dbc60e958c76b787be7e,No,No,default,Static,Static Function,arm_smmu_device_reset(struct arm_smmu_device *),xen/drivers/passthrough/arm/smmu.c,11,31,15,8,57,11,31,5,24,15,0,0,4,4,27,29,4,0,25,7,7,7,1,0,0,1,0,0
422,No,No,789589968ed90e82a832dbc60e958c76b787be7e,No,No,default,Static,Static Function,"arm_smmu_domain_add_master(struct arm_smmu_domain *,struct arm_smmu_master_cfg *)",xen/drivers/passthrough/arm/smmu.c,4,18,1,11,23,4,18,6,11,1,0,0,3,3,12,14,4,0,10,5,5,5,1,1,0,1,0,0
422,No,No,789589968ed90e82a832dbc60e958c76b787be7e,No,No,default,Static,Static Function,arm_smmu_domain_destroy(struct iommu_domain *),xen/drivers/passthrough/arm/smmu.c,1,6,4,3,11,1,6,2,3,4,0,0,2,1,3,3,1,0,2,1,1,1,1,0,0,0,0,0
422,No,No,789589968ed90e82a832dbc60e958c76b787be7e,No,No,default,Static,Static Function,arm_smmu_domain_init(struct iommu_domain *),xen/drivers/passthrough/arm/smmu.c,2,10,5,2,17,2,10,2,6,5,0,0,5,2,6,7,1,0,6,2,2,2,1,1,0,1,0,0
422,No,No,789589968ed90e82a832dbc60e958c76b787be7e,No,No,default,Static,Static Function,"arm_smmu_domain_remove_master(struct arm_smmu_domain *,struct arm_smmu_master_cfg *)",xen/drivers/passthrough/arm/smmu.c,4,15,6,10,25,4,15,6,9,6,0,0,2,3,9,11,4,0,7,4,4,5,1,1,0,1,0,0
422,No,No,789589968ed90e82a832dbc60e958c76b787be7e,No,No,default,Static,Static Function,"arm_smmu_get_domain(struct domain *,struct device *)",xen/drivers/passthrough/arm/smmu.c,5,16,4,9,25,5,16,5,8,4,0,0,3,3,8,10,3,0,7,3,3,3,3,2,2,1,2,0
422,No,No,789589968ed90e82a832dbc60e958c76b787be7e,No,No,default,Static,Static Function,"arm_smmu_global_fault(int,void *)",xen/drivers/passthrough/arm/smmu.c,4,19,0,5,23,4,19,4,15,0,0,0,6,2,12,13,3,0,10,3,3,3,1,1,0,1,0,0
422,No,No,789589968ed90e82a832dbc60e958c76b787be7e,No,No,default,Static,Static Function,"arm_smmu_global_fault_xen(int,void *,struct cpu_user_regs *)",xen/drivers/passthrough/arm/smmu.c,0,5,0,2,5,0,5,2,1,0,0,0,1,1,1,1,0,0,1,1,1,1,1,0,0,0,0,0
422,No,No,789589968ed90e82a832dbc60e958c76b787be7e,No,No,default,Static,Static Function,arm_smmu_id_size_to_bits(int),xen/drivers/passthrough/arm/smmu.c,0,18,0,2,18,0,18,1,14,0,0,0,1,6,6,13,0,0,13,7,2,7,1,15,0,1,0,0
422,No,No,789589968ed90e82a832dbc60e958c76b787be7e,No,No,default,Static,Static Function,arm_smmu_init_context_bank(struct arm_smmu_domain *),xen/drivers/passthrough/arm/smmu.c,18,139,22,20,179,18,132,7,117,22,2,5,7,215424,76,111,6,0,105,34,17,34,1,49,0,3,0,0
422,No,No,789589968ed90e82a832dbc60e958c76b787be7e,No,No,default,Static,Static Function,"arm_smmu_init_domain_context(struct iommu_domain *,struct arm_smmu_device *)",xen/drivers/passthrough/arm/smmu.c,9,55,22,20,86,9,55,6,46,22,0,0,16,192,34,44,4,0,40,10,8,10,5,11,10,1,10,0
422,No,No,789589968ed90e82a832dbc60e958c76b787be7e,No,No,default,Static,Static Function,arm_smmu_iommu_domain_init(struct domain *),xen/drivers/passthrough/arm/smmu.c,5,13,1,6,19,5,13,2,9,1,0,0,8,3,8,10,1,0,9,3,3,3,1,1,0,1,0,0
422,No,No,789589968ed90e82a832dbc60e958c76b787be7e,No,No,default,Static,Static Function,arm_smmu_iommu_domain_teardown(struct domain *),xen/drivers/passthrough/arm/smmu.c,1,6,0,5,7,1,6,2,3,0,0,0,4,2,4,5,1,0,4,3,3,3,1,0,0,2,0,0
422,No,No,789589968ed90e82a832dbc60e958c76b787be7e,No,No,default,Static,Static Function,"arm_smmu_iotlb_flush(struct domain *,dfn_t,unsigned int,unsigned int)",xen/drivers/passthrough/arm/smmu.c,1,7,1,2,9,1,7,3,2,1,0,0,4,2,3,4,0,0,4,3,3,3,1,0,0,2,0,0
422,No,No,789589968ed90e82a832dbc60e958c76b787be7e,No,No,default,Static,Static Function,arm_smmu_iotlb_flush_all(struct domain *),xen/drivers/passthrough/arm/smmu.c,2,13,5,9,20,2,13,3,8,5,0,0,6,2,9,10,2,0,8,2,2,2,1,0,0,1,0,0
422,No,No,789589968ed90e82a832dbc60e958c76b787be7e,No,No,default,Static,Static Function,"arm_smmu_map_page(struct domain *,dfn_t,mfn_t,unsigned int,unsigned int *)",xen/drivers/passthrough/arm/smmu.c,4,13,13,4,30,4,13,4,7,13,0,0,9,8,8,11,1,0,10,7,7,7,1,1,0,2,0,1
422,No,No,789589968ed90e82a832dbc60e958c76b787be7e,No,No,default,Static,Static Function,"arm_smmu_master_configure_smrs(struct arm_smmu_device *,struct arm_smmu_master_cfg *)",xen/drivers/passthrough/arm/smmu.c,8,42,3,14,52,8,42,10,31,3,0,0,12,9,23,30,5,0,25,8,8,8,6,7,7,2,6,0
422,No,No,789589968ed90e82a832dbc60e958c76b787be7e,No,No,default,Static,Static Function,"arm_smmu_master_free_smrs(struct arm_smmu_device *,struct arm_smmu_master_cfg *)",xen/drivers/passthrough/arm/smmu.c,4,16,1,8,21,4,16,6,10,1,0,0,5,3,11,13,4,0,9,3,3,3,1,1,0,1,0,0
422,No,No,789589968ed90e82a832dbc60e958c76b787be7e,No,No,default,Static,Static Function,"arm_smmu_reassign_dev(struct domain *,struct domain *,u8,struct device *)",xen/drivers/passthrough/arm/smmu.c,5,18,2,5,25,5,18,3,13,2,0,0,3,6,8,13,1,0,12,6,6,7,6,5,5,2,5,0
422,No,No,789589968ed90e82a832dbc60e958c76b787be7e,No,No,default,Static,Static Function,arm_smmu_tlb_inv_context(struct arm_smmu_domain *),xen/drivers/passthrough/arm/smmu.c,2,17,0,10,19,2,17,5,13,0,0,0,2,2,9,10,4,0,6,2,2,2,1,1,0,1,0,0
422,No,No,789589968ed90e82a832dbc60e958c76b787be7e,No,No,default,Static,Static Function,arm_smmu_tlb_sync(struct arm_smmu_device *),xen/drivers/passthrough/arm/smmu.c,1,16,0,5,17,1,16,3,11,0,0,0,7,3,7,9,2,0,7,3,3,3,3,2,2,2,2,0
422,No,No,789589968ed90e82a832dbc60e958c76b787be7e,No,No,default,Static,Static Function,"arm_smmu_unmap_page(struct domain *,dfn_t,unsigned int *)",xen/drivers/passthrough/arm/smmu.c,1,7,4,2,12,1,7,2,3,4,0,0,6,2,2,3,0,0,3,2,2,2,1,1,0,1,0,0
422,No,No,789589968ed90e82a832dbc60e958c76b787be7e,No,No,default,Static,Static Function,"array_index_mask_nospec(unsigned long,unsigned long)",xen/include/xen/nospec.h,0,6,5,13,11,0,6,2,2,5,0,0,2,1,2,2,0,0,2,1,1,1,1,0,0,0,0,0
422,No,No,789589968ed90e82a832dbc60e958c76b787be7e,No,No,default,none,Function,asm_domain_crash_synchronous(unsigned long),xen/arch/x86/traps.c,4,11,10,2,25,4,11,1,8,10,0,0,5,4,7,9,0,3,6,3,3,3,1,0,0,1,0,0
422,No,No,789589968ed90e82a832dbc60e958c76b787be7e,No,No,default,Static,Static Function,"assign_device(struct domain *,u16,u8,u8,u32)",xen/drivers/passthrough/pci.c,11,47,2,19,60,11,47,4,36,2,0,0,17,84,24,35,3,1,31,13,13,17,9,8,8,2,8,0
422,No,No,789589968ed90e82a832dbc60e958c76b787be7e,No,No,default,Static,Static Function,"assign_integer_param(const struct kernel_param *,uint64_t)",xen/common/kernel.c,1,27,0,4,28,1,27,1,22,0,0,0,5,8,13,21,0,0,21,8,5,11,8,25,25,2,25,0
422,No,No,789589968ed90e82a832dbc60e958c76b787be7e,No,No,default,none,Function,"assign_irq_vector(int,const cpumask_t *)",xen/arch/x86/irq.c,2,15,0,8,17,2,15,4,9,0,0,0,7,2,10,11,3,0,8,3,3,4,1,0,0,1,0,0
422,No,No,789589968ed90e82a832dbc60e958c76b787be7e,No,No,default,none,Function,"assign_pages(struct domain *,struct page_info *,unsigned int,unsigned int)",xen/common/page_alloc.c,6,43,1,12,49,6,43,7,26,1,0,0,15,70,22,30,2,0,28,11,11,13,4,3,3,3,3,0
422,No,No,789589968ed90e82a832dbc60e958c76b787be7e,No,No,default,none,Function,async_exception_cleanup(struct vcpu *),xen/arch/x86/traps.c,4,25,2,5,31,4,25,2,17,2,0,0,10,17,11,17,1,0,16,7,7,8,6,5,5,3,5,0
422,No,No,789589968ed90e82a832dbc60e958c76b787be7e,No,No,default,Static,Static Function,"async_exec_done(libxl__egc *,libxl__ev_child *,pid_t,int)",tools/libxl/libxl_aoutils.c,3,14,0,8,17,3,14,5,8,0,0,0,6,3,6,8,3,0,5,3,3,3,1,0,0,2,0,0
422,No,No,789589968ed90e82a832dbc60e958c76b787be7e,No,No,default,Static,Static Function,"async_exec_timeout(libxl__egc *,libxl__ev_time *,const struct timeval *,int)",tools/libxl/libxl_aoutils.c,5,18,0,7,23,5,18,6,11,0,0,0,11,8,11,14,3,1,10,5,5,5,1,1,0,1,0,0
422,No,No,789589968ed90e82a832dbc60e958c76b787be7e,No,No,default,Static,Static Function,"atomic_write_ept_entry(ept_entry_t *,ept_entry_t,int)",xen/arch/x86/mm/p2m-ept.c,11,44,1,11,56,11,44,7,31,1,0,0,13,153,21,31,4,0,27,11,11,14,8,12,12,3,12,0
422,No,No,789589968ed90e82a832dbc60e958c76b787be7e,No,No,default,Static,Static Function,audit(),xen/arch/x86/mm/mem_sharing.c,16,108,8,1,132,0,4,1,1,0,125,3,1,1,1,1,0,0,1,1,1,1,1,0,0,0,0,0
422,No,No,789589968ed90e82a832dbc60e958c76b787be7e,No,No,default,Static,Static Function,auto_autoballoon(),tools/xl/xl.c,3,17,1,3,20,3,17,4,11,1,0,0,5,3,10,12,3,0,9,3,3,3,3,2,2,1,2,0
422,No,No,789589968ed90e82a832dbc60e958c76b787be7e,No,No,default,Static,Static Function,auto_demotion_disable(void *),xen/arch/x86/cpu/mwait-idle.c,1,7,0,2,8,1,7,2,3,0,0,0,2,1,4,4,1,0,3,1,1,1,1,0,0,0,0,0
422,No,No,789589968ed90e82a832dbc60e958c76b787be7e,No,No,default,none,Function,avail_domheap_pages(),xen/common/page_alloc.c,0,6,0,1,6,0,6,1,3,0,0,0,2,1,1,1,0,0,1,1,1,1,1,0,0,0,0,0
422,No,No,789589968ed90e82a832dbc60e958c76b787be7e,No,No,default,none,Function,"avail_domheap_pages_region(unsigned int,unsigned int,unsigned int)",xen/common/page_alloc.c,3,10,0,3,13,3,10,3,5,0,0,0,4,1,6,6,1,0,5,5,5,5,1,0,0,0,0,0
422,No,No,789589968ed90e82a832dbc60e958c76b787be7e,No,No,default,Static,Static Function,"avail_heap_pages(unsigned int,unsigned int,unsigned int)",xen/common/page_alloc.c,3,17,0,8,20,3,17,4,11,0,0,0,2,12,8,12,2,0,10,5,5,6,1,0,0,2,0,0
422,No,No,789589968ed90e82a832dbc60e958c76b787be7e,No,No,default,none,Function,avail_node_heap_pages(unsigned int),xen/common/page_alloc.c,0,4,0,1,4,0,4,1,1,0,0,0,2,1,1,1,0,0,1,1,1,1,1,0,0,0,0,0
422,No,No,789589968ed90e82a832dbc60e958c76b787be7e,No,No,default,Static,Static Function,"avc_current_has_perm(u32,u16,u32,struct avc_audit_data *)",xen/xsm/flask/hooks.c,0,6,0,21,6,0,6,3,2,0,0,0,3,1,2,2,1,0,1,1,1,1,1,0,0,0,0,0
422,No,No,789589968ed90e82a832dbc60e958c76b787be7e,No,No,default,Static,Static Function,"avc_unknown_permission(const char *,int)",xen/xsm/flask/hooks.c,2,15,0,12,17,2,15,2,7,0,0,0,3,2,6,7,1,0,6,2,2,3,1,1,0,1,0,0
422,No,No,789589968ed90e82a832dbc60e958c76b787be7e,No,No,default,none,Function,avx512_broadcast(),xen/arch/x86/x86_emulate/x86_emulate.c,0,9,5,6,14,0,9,3,5,5,0,0,4,12,12,16,0,2,14,8,8,8,3,4,2,3,2,0
422,No,No,789589968ed90e82a832dbc60e958c76b787be7e,No,No,default,Static,Static Function,"balance_load(const struct scheduler *,int,s_time_t)",xen/common/sched_credit2.c,39,124,22,21,185,39,124,20,91,22,0,0,32,524290,67,88,17,0,71,23,23,24,12,13,13,2,13,0
422,No,No,789589968ed90e82a832dbc60e958c76b787be7e,No,No,default,Static,Static Function,"bar_write(const struct pci_dev *,unsigned int,uint32_t,void *)",xen/drivers/vpci/header.c,5,34,5,12,44,5,34,5,24,5,0,0,5,5,14,17,3,0,14,8,8,8,1,2,0,1,0,0
422,No,No,789589968ed90e82a832dbc60e958c76b787be7e,No,No,default,Static,Static Function,"batch_memory_op(unsigned int,unsigned int,const struct list_head *)",xen/arch/x86/pv/shim.c,3,25,0,7,28,3,25,10,16,0,0,0,10,6,13,16,5,0,11,6,6,7,3,0,0,2,0,0
422,No,No,789589968ed90e82a832dbc60e958c76b787be7e,No,No,default,Static,Static Function,bdw_erratum_bdf14_fixup(),xen/arch/x86/hvm/vmx/vmx.c,1,6,9,1,16,1,6,2,3,9,0,0,1,1,3,3,1,0,2,1,1,1,1,0,0,0,0,1
422,No,No,789589968ed90e82a832dbc60e958c76b787be7e,No,No,default,Static,Static Function,blowfish_check_regs(const struct cpu_user_regs *),tools/tests/x86_emulator/test_x86_emulator.c,0,4,0,3,4,0,4,1,1,0,0,0,1,1,1,1,0,0,1,1,1,2,1,0,0,0,0,0
422,No,No,789589968ed90e82a832dbc60e958c76b787be7e,No,No,default,Static,Static Function,blowfish_set_regs(struct cpu_user_regs *),tools/tests/x86_emulator/test_x86_emulator.c,0,5,0,0,5,0,5,1,2,0,0,0,3,1,2,2,0,0,2,1,1,1,1,0,0,0,0,0
422,No,No,789589968ed90e82a832dbc60e958c76b787be7e,No,No,default,none,Function,bogus_8259A_irq(unsigned int),xen/arch/x86/i8259.c,0,4,0,2,4,0,4,1,1,0,0,0,2,1,1,1,0,0,1,1,1,1,1,0,0,0,0,0
422,No,No,789589968ed90e82a832dbc60e958c76b787be7e,No,No,default,Static,Static Function,build(xc_interface *),tools/helpers/init-xenstore-domain.c,14,137,7,4,157,14,137,13,93,7,0,0,25,2359297,64,87,5,0,82,25,25,26,20,20,19,2,19,0
422,No,No,789589968ed90e82a832dbc60e958c76b787be7e,No,No,default,Static,Static Function,build_assertions(),xen/arch/x86/x86_emulate/x86_emulate.c,1,15,5,0,21,1,15,1,12,5,0,0,1,1,12,12,0,0,12,1,1,1,1,0,0,0,0,0
422,No,No,789589968ed90e82a832dbc60e958c76b787be7e,No,No,default,none,Function,"burn_credits(struct csched2_runqueue_data *,struct csched2_vcpu *,s_time_t)",xen/common/sched_credit2.c,8,42,0,15,50,8,42,8,22,0,0,0,16,28,23,30,5,1,24,11,11,11,1,2,0,3,0,0
422,No,No,789589968ed90e82a832dbc60e958c76b787be7e,No,No,default,Static,Static Function,"bus_to_context_maddr(struct iommu *,u8)",xen/drivers/passthrough/vtd/iommu.c,1,25,0,7,26,1,25,6,15,0,0,0,9,3,18,20,3,0,17,5,5,5,3,2,2,2,2,0
422,No,No,789589968ed90e82a832dbc60e958c76b787be7e,No,No,default,Static,Static Function,byt_auto_demotion_disable(void *),xen/arch/x86/cpu/mwait-idle.c,0,5,0,0,5,0,5,1,2,0,0,0,1,1,2,2,0,0,2,1,1,1,1,0,0,0,0,0
422,No,No,789589968ed90e82a832dbc60e958c76b787be7e,No,No,default,Static,Static Function,c1e_promotion_disable(void *),xen/arch/x86/cpu/mwait-idle.c,1,7,0,0,8,1,7,2,3,0,0,0,2,1,4,4,1,0,3,1,1,1,1,0,0,0,0,0
422,No,No,789589968ed90e82a832dbc60e958c76b787be7e,No,No,default,Static,Static Function,c2r(unsigned int),xen/common/sched_credit2.c,0,4,0,7,4,0,4,1,1,0,0,0,2,1,1,1,0,0,1,1,1,1,1,0,0,0,0,0
422,No,No,789589968ed90e82a832dbc60e958c76b787be7e,No,No,default,Static,Static Function,"c2rqd(const struct scheduler *,unsigned int)",xen/common/sched_credit2.c,0,5,0,18,5,0,5,2,1,0,0,0,3,1,1,1,0,0,1,1,1,1,1,0,0,0,0,0
422,No,No,789589968ed90e82a832dbc60e958c76b787be7e,No,No,default,Static,Static Function,"c2t(struct csched2_runqueue_data *,s_time_t,struct csched2_vcpu *)",xen/common/sched_credit2.c,0,4,0,6,4,0,4,1,1,0,0,0,1,1,1,1,0,0,1,1,1,1,1,0,0,0,0,0
422,No,No,789589968ed90e82a832dbc60e958c76b787be7e,No,No,default,Static,Static Function,"cache_flush(const gnttab_cache_flush_t *,grant_ref_t *)",xen/common/grant_table.c,13,63,1,9,77,13,63,7,45,1,0,0,19,22,35,46,6,0,40,14,14,20,8,10,7,2,7,0
422,No,No,789589968ed90e82a832dbc60e958c76b787be7e,No,No,default,Static,Static Function,calc_ler_msr(),xen/arch/x86/traps.c,3,24,0,3,27,3,24,1,15,0,0,0,1,6,6,15,0,0,15,7,4,7,6,11,11,2,11,0
422,No,No,789589968ed90e82a832dbc60e958c76b787be7e,No,No,default,Static,Static Function,"cap_check(const char *,u32,u32)",xen/arch/x86/hvm/vmx/vmcs.c,0,6,0,4,6,0,6,1,3,0,0,0,2,2,2,3,0,0,3,2,2,2,1,0,0,1,0,0
422,No,No,789589968ed90e82a832dbc60e958c76b787be7e,No,No,default,Static,Static Function,"cat_check_cbm(const struct feat_node *,uint32_t *)",xen/arch/x86/psr.c,5,16,3,4,24,5,16,4,12,3,0,0,4,4,9,12,3,0,9,4,4,5,4,3,3,1,3,0
422,No,No,789589968ed90e82a832dbc60e958c76b787be7e,No,No,default,Static,Static Function,"cat_get_feat_info(const struct feat_node *,uint32_t [],unsigned int)",xen/arch/x86/psr.c,2,10,0,6,12,2,10,2,6,0,0,0,1,2,5,6,0,0,6,2,2,2,1,1,0,1,0,0
422,No,No,789589968ed90e82a832dbc60e958c76b787be7e,No,No,default,Static,Static Function,"cat_init_feature(const struct cpuid_leaf *,struct feat_node *,struct psr_socket_info *,enum psr_feat_type)",xen/arch/x86/psr.c,16,51,5,10,72,16,51,10,40,5,0,0,16,8,22,30,2,0,28,9,7,10,6,12,12,2,12,0
422,No,No,789589968ed90e82a832dbc60e958c76b787be7e,No,No,default,Static,Static Function,"change_entry_type_global(struct p2m_domain *,p2m_type_t,p2m_type_t)",xen/arch/x86/mm/p2m.c,0,6,0,4,6,0,6,2,2,0,0,0,3,1,2,2,0,0,2,1,1,1,1,0,0,0,0,0
422,No,No,789589968ed90e82a832dbc60e958c76b787be7e,No,No,default,Static,Static Function,"change_type_range(struct p2m_domain *,unsigned long,unsigned long,p2m_type_t,p2m_type_t)",xen/arch/x86/mm/p2m.c,6,57,25,11,88,6,57,9,41,25,0,0,11,202,28,40,6,0,34,14,13,15,1,5,0,3,0,0
422,No,No,789589968ed90e82a832dbc60e958c76b787be7e,No,No,default,Static,Static Function,check_and_stop_scrub(struct page_info *),xen/common/page_alloc.c,1,16,1,8,18,1,16,1,9,1,0,0,8,4,10,13,0,3,10,4,4,4,4,2,2,3,2,0
422,No,No,789589968ed90e82a832dbc60e958c76b787be7e,No,No,default,Static,Static Function,"check_base_size(unsigned int,uint64_t)",xen/arch/arm/guest_walk.c,2,7,0,3,9,2,7,2,4,0,0,0,2,2,3,4,1,0,3,2,2,3,1,1,0,1,0,0
422,No,No,789589968ed90e82a832dbc60e958c76b787be7e,No,No,default,none,Function,"check_conditional_instr(struct cpu_user_regs *,const union hsr)",xen/arch/arm/traps.c,12,30,19,18,61,12,30,4,20,19,0,0,5,11,17,24,3,0,21,10,10,14,7,6,6,3,6,0
422,No,No,789589968ed90e82a832dbc60e958c76b787be7e,No,No,default,none,Function,"check_descriptor(const struct domain *,seg_desc_t *)",xen/arch/x86/x86_64/mm.c,14,49,23,5,85,14,49,5,35,23,0,0,8,91,28,38,4,0,34,12,12,13,9,18,18,3,18,0
422,No,No,789589968ed90e82a832dbc60e958c76b787be7e,No,No,default,Static,Static Function,check_domain(xc_interface *),tools/helpers/init-xenstore-domain.c,2,19,0,4,21,2,19,4,9,0,0,0,4,5,9,12,3,0,9,4,4,5,4,4,4,2,4,0
422,No,No,789589968ed90e82a832dbc60e958c76b787be7e,No,No,default,Static,Static Function,"check_entry(mfn_t,p2m_type_t,p2m_type_t,unsigned int)",xen/arch/x86/mm/p2m-pt.c,0,15,0,5,15,0,15,2,11,0,0,0,7,3,5,7,0,0,7,3,3,7,1,2,0,1,0,0
422,No,No,789589968ed90e82a832dbc60e958c76b787be7e,No,No,default,Static,Static Function,check_final_patch_levels(unsigned int),xen/arch/x86/microcode_amd.c,3,11,5,6,19,3,11,3,7,5,0,0,3,4,7,10,2,0,8,4,4,4,4,4,4,2,4,0
422,No,No,789589968ed90e82a832dbc60e958c76b787be7e,No,No,default,Static,Static Function,check_for_pcpu_work(),xen/arch/arm/traps.c,1,11,4,2,16,1,11,1,6,4,0,0,9,4,6,8,0,0,8,4,4,4,1,0,0,2,0,0
422,No,No,789589968ed90e82a832dbc60e958c76b787be7e,No,No,default,none,Function,check_for_unexpected_msi(unsigned int),xen/arch/x86/apic.c,0,4,0,1,4,0,4,1,1,0,0,0,2,1,1,1,0,0,1,1,1,1,1,0,0,0,0,0
422,No,No,789589968ed90e82a832dbc60e958c76b787be7e,No,No,default,Static,Static Function,check_for_vcpu_work(),xen/arch/arm/traps.c,3,10,4,3,17,3,10,2,7,4,0,0,5,2,6,7,1,0,6,2,2,2,1,1,0,1,0,0
422,No,No,789589968ed90e82a832dbc60e958c76b787be7e,No,No,default,none,Function,"check_get_page_from_gfn(struct domain *,gfn_t,bool,p2m_type_t *,struct page_info **)",xen/common/memory.c,6,30,0,6,36,4,13,5,7,0,15,4,5,2,8,9,3,0,6,3,3,3,1,1,0,1,0,0
422,No,No,789589968ed90e82a832dbc60e958c76b787be7e,No,No,default,Static,Static Function,"check_guest_io_breakpoint(struct vcpu *,unsigned int,unsigned int)",xen/arch/x86/pv/emul-priv-op.c,6,27,0,13,33,6,27,5,17,0,0,0,1,22,18,27,2,0,25,9,6,11,4,8,4,2,2,0
422,No,No,789589968ed90e82a832dbc60e958c76b787be7e,No,No,default,none,Function,check_local_cpu_errata(),xen/arch/arm/cpuerrata.c,0,4,0,1,4,0,4,1,1,0,0,0,1,1,1,1,0,0,1,1,1,1,1,0,0,0,0,0
422,No,No,789589968ed90e82a832dbc60e958c76b787be7e,No,No,default,Static,Static Function,check_low_mem_virq(),xen/common/page_alloc.c,3,23,7,7,33,3,23,3,16,7,0,0,6,5,10,14,1,0,13,5,5,5,1,2,0,2,0,0
422,No,No,789589968ed90e82a832dbc60e958c76b787be7e,No,No,default,Static,Static Function,check_memory_layout_alignment_constraints(),xen/arch/arm/mm.c,0,18,3,0,21,0,8,1,6,3,3,7,5,1,6,6,0,0,6,1,1,1,1,0,0,0,0,0
422,No,No,789589968ed90e82a832dbc60e958c76b787be7e,No,No,default,Static,Static Function,check_multicall_32bit_clean(struct multicall_entry *),xen/arch/arm/traps.c,2,15,0,7,17,2,15,2,7,0,0,0,4,3,9,11,1,0,10,4,4,4,3,3,3,3,3,0
422,No,No,789589968ed90e82a832dbc60e958c76b787be7e,No,No,default,Static,Static Function,check_one_page(struct page_info *),xen/common/page_alloc.c,2,13,0,1,15,0,3,1,0,0,10,2,0,1,0,0,0,0,0,1,1,1,1,0,0,0,0,0
422,No,No,789589968ed90e82a832dbc60e958c76b787be7e,No,No,default,Static,Static Function,check_open_fds(const char *),tools/libxl/libxl_exec.c,6,40,0,2,46,6,36,7,26,0,0,4,10,41,24,33,6,0,27,10,10,10,7,6,6,3,5,0
422,No,No,789589968ed90e82a832dbc60e958c76b787be7e,No,No,default,Static,Static Function,check_pdev(const struct pci_dev *),xen/drivers/passthrough/pci.c,3,50,1,8,54,3,45,6,33,1,0,5,4,50,18,27,5,0,22,9,8,9,4,3,3,2,3,0
422,No,No,789589968ed90e82a832dbc60e958c76b787be7e,No,No,default,Static,Static Function,check_stack_alignment_constraints(),xen/arch/arm/traps.c,0,12,0,0,12,0,5,4,3,0,4,3,1,1,6,6,3,0,3,1,1,1,1,0,0,0,0,0
422,No,No,789589968ed90e82a832dbc60e958c76b787be7e,No,No,default,Static,Static Function,"check_stack_limit(unsigned int,unsigned int,unsigned int,unsigned int)",xen/arch/x86/pv/emul-gate-op.c,0,6,0,5,6,0,6,2,2,0,0,0,1,1,1,1,0,0,1,2,2,3,1,0,0,0,0,0
422,No,No,789589968ed90e82a832dbc60e958c76b787be7e,No,No,default,Static,Static Function,"check_tsc_warp(unsigned long,unsigned long *)",xen/arch/x86/time.c,6,31,16,4,53,6,31,5,18,16,0,0,6,10,19,24,4,1,19,6,6,7,4,3,3,3,3,0
422,No,No,789589968ed90e82a832dbc60e958c76b787be7e,No,No,default,none,Function,child_report(xlchildnum),tools/xl/xl.c,0,15,0,3,15,0,15,3,10,0,0,0,5,3,7,9,2,0,7,3,3,3,3,2,2,1,2,0
422,No,No,789589968ed90e82a832dbc60e958c76b787be7e,No,No,default,Static,Static Function,choose_hwdom_vcpu(),xen/arch/x86/cpu/vpmu.c,3,8,0,4,11,3,8,2,4,0,0,0,2,2,4,5,1,0,4,2,2,2,1,1,0,1,0,0
422,No,No,789589968ed90e82a832dbc60e958c76b787be7e,No,No,default,Static,Static Function,cleanup_cpu_root_pgt(unsigned int),xen/arch/x86/smpboot.c,15,44,1,4,60,15,44,11,28,1,0,0,14,31,30,38,10,0,28,9,9,9,8,4,4,4,4,0
422,No,No,789589968ed90e82a832dbc60e958c76b787be7e,No,No,default,none,Function,cleanup_domain_irq_mapping(struct domain *),xen/arch/x86/irq.c,0,6,0,8,6,0,6,1,3,0,0,0,2,2,2,3,0,0,3,2,2,2,1,0,0,1,0,0
422,No,No,789589968ed90e82a832dbc60e958c76b787be7e,No,No,default,Static,Static Function,"cleanup_domain_irq_pirq(struct domain *,int,struct pirq *)",xen/arch/x86/irq.c,0,6,0,8,6,0,6,2,2,0,0,0,2,1,2,2,0,0,2,1,1,1,1,0,0,0,0,0
422,No,No,789589968ed90e82a832dbc60e958c76b787be7e,No,No,default,Static,Static Function,cleanup_frame_table(struct mem_hotadd_info *),xen/arch/x86/x86_64/mm.c,9,42,2,4,53,9,42,5,28,2,0,0,19,25,22,28,4,0,24,9,9,10,4,2,2,3,2,0
422,No,No,789589968ed90e82a832dbc60e958c76b787be7e,No,No,default,Static,Static Function,cleanup_page_cacheattr(struct page_info *),xen/arch/x86/mm.c,4,10,0,3,14,4,10,3,7,0,0,0,9,3,6,8,1,0,7,4,4,4,1,1,0,2,0,0
422,No,No,789589968ed90e82a832dbc60e958c76b787be7e,No,No,default,none,Function,clear_and_clean_page(struct page_info *),xen/arch/arm/mm.c,1,7,0,2,8,1,7,2,4,0,0,0,4,1,4,4,1,0,3,1,1,1,1,0,0,0,0,0
422,No,No,789589968ed90e82a832dbc60e958c76b787be7e,No,No,default,Static,Static Function,"clear_domain_irq_pirq(struct domain *,int,struct pirq *)",xen/arch/x86/irq.c,0,7,0,6,7,0,7,1,4,0,0,0,6,1,2,2,0,0,2,1,1,1,1,0,0,0,0,0
422,No,No,789589968ed90e82a832dbc60e958c76b787be7e,No,No,default,none,Function,clear_domain_page(mfn_t),xen/common/memory.c,1,6,0,7,7,1,6,2,3,0,0,0,3,1,3,3,1,0,2,1,1,1,1,0,0,0,0,0
422,No,No,789589968ed90e82a832dbc60e958c76b787be7e,No,No,default,none,Function,clear_fault_bits(struct iommu *),xen/drivers/passthrough/vtd/iommu.c,1,10,0,6,11,1,10,3,5,0,0,0,5,1,7,7,2,0,5,1,1,1,1,0,0,0,0,0
422,No,No,789589968ed90e82a832dbc60e958c76b787be7e,No,No,default,none,Function,clear_fixmap(unsigned),xen/arch/arm/mm.c,0,6,0,3,6,0,6,2,3,0,0,0,4,1,3,3,1,0,2,1,1,1,1,0,0,0,0,0
422,No,No,789589968ed90e82a832dbc60e958c76b787be7e,No,No,default,Static,Static Function,clear_global_virq_handlers(struct domain *),xen/common/event_channel.c,4,20,0,4,24,4,20,3,10,0,0,0,5,9,10,14,2,0,12,5,5,5,1,0,0,2,0,0
422,No,No,789589968ed90e82a832dbc60e958c76b787be7e,No,No,default,none,Function,"clear_identity_p2m_entry(struct domain *,unsigned long)",xen/arch/x86/mm/p2m.c,4,32,0,6,36,4,32,7,19,0,0,0,13,4,16,19,6,0,13,4,4,5,3,4,3,2,3,0
422,No,No,789589968ed90e82a832dbc60e958c76b787be7e,No,No,default,Static,Static Function,"clear_iommu_pte_present(unsigned long,unsigned long)",xen/drivers/passthrough/amd/iommu_map.c,5,14,0,3,19,5,14,4,8,0,0,0,6,1,8,8,2,0,6,2,2,2,1,0,0,0,0,0
422,No,No,789589968ed90e82a832dbc60e958c76b787be7e,No,No,default,none,Function,clear_irq_vector(int),xen/arch/x86/irq.c,1,7,0,2,8,1,7,2,3,0,0,0,3,1,4,4,1,0,3,1,1,1,1,0,0,0,0,0
422,No,No,789589968ed90e82a832dbc60e958c76b787be7e,No,No,default,none,Function,clear_local_APIC(),xen/arch/x86/apic.c,7,47,15,3,67,7,37,3,29,15,6,4,3,128,24,31,2,0,29,8,8,8,1,0,0,1,0,0
422,No,No,789589968ed90e82a832dbc60e958c76b787be7e,No,No,default,none,Function,"clear_mmio_p2m_entry(struct domain *,unsigned long,mfn_t,unsigned int)",xen/arch/x86/mm/p2m.c,5,35,1,6,41,5,35,9,23,1,0,0,12,9,18,22,7,0,15,5,5,6,4,3,3,1,3,0
422,No,No,789589968ed90e82a832dbc60e958c76b787be7e,No,No,default,Static,Static Function,"clear_pirq_eoi(struct domain *,unsigned int)",xen/arch/x86/irq.c,0,8,0,5,8,0,8,1,3,0,0,0,3,2,2,3,0,0,3,2,2,2,1,0,0,1,0,0
422,No,No,789589968ed90e82a832dbc60e958c76b787be7e,No,No,default,Static,Static Function,clear_table(void *),xen/arch/arm/mm.c,0,5,0,1,5,0,5,1,2,0,0,0,2,1,2,2,0,0,2,1,1,1,1,0,0,0,0,0
422,No,No,789589968ed90e82a832dbc60e958c76b787be7e,No,No,default,Static,Static Function,"clear_vvmcs_launched(struct list_head *,paddr_t)",xen/arch/x86/hvm/vmx/vvmx.c,1,16,0,5,17,1,16,4,7,0,0,0,4,2,6,7,2,0,5,2,2,2,1,0,0,1,0,0
422,No,No,789589968ed90e82a832dbc60e958c76b787be7e,No,No,default,none,Function,clocksource_is_tsc(),xen/arch/x86/time.c,0,4,0,4,4,0,4,1,1,0,0,0,1,1,1,1,0,0,1,1,1,1,1,0,0,0,0,0
422,No,No,789589968ed90e82a832dbc60e958c76b787be7e,No,No,default,Static,Static Function,"clone_mapping(const void *,root_pgentry_t *)",xen/arch/x86/smpboot.c,12,93,4,3,109,12,93,6,66,4,0,0,28,72,46,58,5,0,53,13,13,16,12,17,16,3,16,0
422,No,No,789589968ed90e82a832dbc60e958c76b787be7e,No,No,default,Static,Static Function,close_fds_free(struct xs_handle *),tools/xenstore/xs.c,2,9,0,6,11,2,9,1,6,0,0,0,3,2,5,6,0,0,6,2,2,2,1,0,0,1,0,0
422,No,No,789589968ed90e82a832dbc60e958c76b787be7e,No,No,default,Static,Static Function,close_free_msgs(struct xs_handle *),tools/xenstore/xs.c,2,11,0,9,13,2,11,2,6,0,0,0,3,4,21,23,1,0,22,3,3,3,1,0,0,1,0,0
422,No,No,789589968ed90e82a832dbc60e958c76b787be7e,No,No,default,Static,Static Function,"cmd_write(const struct pci_dev *,unsigned int,uint32_t,void *)",xen/drivers/vpci/header.c,1,11,10,6,22,1,11,5,7,10,0,0,3,2,4,5,2,0,3,2,2,2,1,1,0,1,0,0
422,No,No,789589968ed90e82a832dbc60e958c76b787be7e,No,No,default,none,Function,"cmdline_strcmp(const char *,const char *)",xen/common/kernel.c,2,14,4,2,20,2,14,3,7,4,0,0,1,4,6,9,2,2,5,4,4,8,3,2,2,3,2,0
422,No,No,789589968ed90e82a832dbc60e958c76b787be7e,No,No,default,Static,Static Function,"cmpxchg(enum x86_segment,unsigned long,void *,void *,unsigned int,bool,struct x86_emulate_ctxt *)",tools/tests/x86_emulator/test_x86_emulator.c,1,16,0,4,17,1,16,8,6,0,0,0,4,4,4,6,0,0,6,3,3,3,1,1,0,1,0,0
422,No,No,789589968ed90e82a832dbc60e958c76b787be7e,No,No,default,Static,Static Function,"collect_cpu_info(unsigned int,struct cpu_signature *)",xen/arch/x86/microcode_amd.c,5,15,0,5,20,5,15,2,10,0,0,0,4,2,7,8,1,0,7,2,2,3,1,1,0,1,0,0
422,No,No,789589968ed90e82a832dbc60e958c76b787be7e,No,No,default,Static,Static Function,"compare_val(const uint32_t [],const struct feat_node *,const struct feat_props *,unsigned int)",xen/arch/x86/psr.c,4,24,12,8,40,4,24,6,10,12,0,0,1,5,9,13,2,0,11,5,5,5,5,9,9,3,9,0
422,No,No,789589968ed90e82a832dbc60e958c76b787be7e,No,No,default,none,Function,"compat_set_gdt(__guest_handle_uint,unsigned int)",xen/arch/x86/pv/descriptor-tables.c,9,25,1,4,35,9,25,7,16,1,0,0,9,7,16,21,5,0,16,6,6,6,5,5,5,2,5,0
422,No,No,789589968ed90e82a832dbc60e958c76b787be7e,No,No,default,Static,Static Function,"compat_show_guest_stack(struct vcpu *,const struct cpu_user_regs *,int)",xen/arch/x86/traps.c,5,58,0,10,63,5,58,7,37,0,0,0,10,683,32,46,4,0,42,17,17,18,10,10,10,3,10,0
422,No,No,789589968ed90e82a832dbc60e958c76b787be7e,No,No,default,none,Function,"compat_update_descriptor(uint32_t,uint32_t,uint32_t,uint32_t)",xen/arch/x86/pv/descriptor-tables.c,2,7,0,4,9,2,7,3,2,0,0,0,3,1,3,3,1,0,2,1,1,1,1,0,0,0,0,0
422,No,No,789589968ed90e82a832dbc60e958c76b787be7e,No,No,default,Static,Static Function,complete_domain_destroy(struct rcu_head *),xen/common/domain.c,15,40,7,8,62,15,31,4,24,7,3,6,18,27,25,31,3,0,28,7,7,7,3,1,1,2,1,0
422,No,No,789589968ed90e82a832dbc60e958c76b787be7e,No,No,default,none,Function,config_parsed(),xen/drivers/char/ns16550.c,0,4,1,0,5,0,4,4,1,1,0,0,2,1,2,2,0,0,2,1,1,1,1,0,0,0,0,0
422,No,No,789589968ed90e82a832dbc60e958c76b787be7e,No,No,default,Static,Static Function,conring_puts(const char *),xen/drivers/char/console.c,3,9,0,6,12,3,9,2,5,0,0,0,5,8,5,8,1,0,7,5,5,5,1,0,0,2,0,0
422,No,No,789589968ed90e82a832dbc60e958c76b787be7e,No,No,default,Static,Static Function,"consider(balance_state_t *,struct csched2_vcpu *,struct csched2_vcpu *)",xen/common/sched_credit2.c,3,27,2,9,32,3,27,4,15,2,0,0,4,16,12,16,1,0,15,5,5,5,1,0,0,1,0,0
422,No,No,789589968ed90e82a832dbc60e958c76b787be7e,No,No,default,none,Function,console_end_log_everything(),xen/drivers/char/console.c,0,5,0,2,5,0,5,1,2,0,0,0,2,1,2,2,0,0,2,1,1,1,1,0,0,0,0,0
422,No,No,789589968ed90e82a832dbc60e958c76b787be7e,No,No,default,none,Function,console_end_sync(),xen/drivers/char/console.c,0,5,0,2,5,0,5,1,2,0,0,0,2,1,2,2,0,0,2,1,1,1,1,0,0,0,0,0
422,No,No,789589968ed90e82a832dbc60e958c76b787be7e,No,No,default,none,Function,console_force_unlock(),xen/drivers/char/console.c,0,8,0,4,8,0,8,1,5,0,0,0,5,1,5,5,0,0,5,1,1,1,1,0,0,0,0,0
422,No,No,789589968ed90e82a832dbc60e958c76b787be7e,No,No,default,none,Function,console_giveback(int),xen/drivers/char/console.c,0,5,0,2,5,0,5,1,2,0,0,0,1,2,1,2,0,0,2,2,2,2,1,0,0,1,0,0
422,No,No,789589968ed90e82a832dbc60e958c76b787be7e,No,No,default,none,Function,console_input_domain(),xen/drivers/char/console.c,0,6,0,1,6,0,6,1,3,0,0,0,2,2,2,3,0,0,3,2,2,2,1,1,0,1,0,0
422,No,No,789589968ed90e82a832dbc60e958c76b787be7e,No,No,default,none,Function,console_lock_recursive_irqsave(),xen/drivers/char/console.c,2,7,0,2,9,2,7,2,3,0,0,0,3,1,4,4,1,0,3,1,1,1,1,0,0,0,0,0
422,No,No,789589968ed90e82a832dbc60e958c76b787be7e,No,No,default,none,Function,console_resume(),xen/drivers/char/console.c,0,6,0,1,6,0,6,1,3,0,0,0,3,1,3,3,0,0,3,1,1,1,1,0,0,0,0,0
422,No,No,789589968ed90e82a832dbc60e958c76b787be7e,No,No,default,none,Function,console_start_log_everything(),xen/drivers/char/console.c,0,5,0,2,5,0,5,1,2,0,0,0,2,1,2,2,0,0,2,1,1,1,1,0,0,0,0,0
422,No,No,789589968ed90e82a832dbc60e958c76b787be7e,No,No,default,none,Function,console_start_sync(),xen/drivers/char/console.c,0,5,0,6,5,0,5,1,2,0,0,0,2,1,2,2,0,0,2,1,1,1,1,0,0,0,0,0
422,No,No,789589968ed90e82a832dbc60e958c76b787be7e,No,No,default,none,Function,"console_steal(int,void (*) ())",xen/drivers/char/console.c,2,9,0,5,11,2,9,1,6,0,0,0,2,3,4,6,0,0,6,3,3,4,3,2,2,1,2,0
422,No,No,789589968ed90e82a832dbc60e958c76b787be7e,No,No,default,none,Function,console_suspend(),xen/drivers/char/console.c,0,6,0,1,6,0,6,1,3,0,0,0,4,1,3,3,0,0,3,1,1,1,1,0,0,0,0,0
422,No,No,789589968ed90e82a832dbc60e958c76b787be7e,No,No,default,none,Function,console_unlock_recursive_irqrestore(unsigned long),xen/drivers/char/console.c,0,5,0,3,5,0,5,1,2,0,0,0,2,1,2,2,0,0,2,1,1,1,1,0,0,0,0,0
422,No,No,789589968ed90e82a832dbc60e958c76b787be7e,No,No,default,Static,Static Function,"construct_memop_from_reservation(const struct xen_memory_reservation *,struct memop_args *)",xen/common/memory.c,6,44,0,13,50,6,44,6,27,0,0,0,11,15,20,28,3,0,25,9,9,10,7,8,8,4,8,0
422,No,No,789589968ed90e82a832dbc60e958c76b787be7e,No,No,default,Static,Static Function,construct_vmcs(struct vcpu *),xen/arch/x86/hvm/vmx/vmcs.c,54,199,34,30,283,54,199,9,174,34,0,0,40,663552,131,152,8,0,144,26,26,31,3,3,2,2,2,0
422,No,No,789589968ed90e82a832dbc60e958c76b787be7e,No,No,default,Static,Static Function,"container_fast_forward(const void *,size_t,size_t *)",xen/arch/x86/microcode_amd.c,7,24,0,4,31,7,24,3,17,0,0,0,1,10,14,20,2,3,15,7,7,9,7,17,17,2,17,0
422,No,No,789589968ed90e82a832dbc60e958c76b787be7e,No,No,default,Static,Static Function,"context_get_domain_id(struct context_entry *,struct iommu *)",xen/drivers/passthrough/vtd/iommu.c,3,18,0,6,21,3,18,4,11,0,0,0,2,3,7,9,2,0,7,3,3,5,1,1,0,2,0,0
422,No,No,789589968ed90e82a832dbc60e958c76b787be7e,No,No,default,none,Function,context_saved(struct vcpu *),xen/common/schedule.c,4,8,2,4,14,4,8,1,5,2,0,0,8,1,5,5,0,0,5,2,2,2,1,0,0,0,0,0
422,No,No,789589968ed90e82a832dbc60e958c76b787be7e,No,No,default,Static,Static Function,"context_set_domain_id(struct context_entry *,struct domain *,struct iommu *)",xen/drivers/passthrough/vtd/iommu.c,4,32,0,8,36,4,32,5,18,0,0,0,11,9,15,19,2,0,17,5,5,5,5,4,4,2,4,0
422,No,No,789589968ed90e82a832dbc60e958c76b787be7e,No,No,default,none,Function,"context_switch(struct vcpu *,struct vcpu *)",xen/arch/arm/domain.c,6,13,9,2,28,6,13,1,10,9,0,0,10,16,12,16,0,0,16,8,8,8,1,0,0,2,0,0
422,No,No,789589968ed90e82a832dbc60e958c76b787be7e,No,No,default,none,Function,"context_switch(struct vcpu *,struct vcpu *)",xen/arch/x86/domain.c,19,59,21,11,99,19,59,9,41,21,0,0,31,224,33,42,7,0,35,11,11,16,1,1,0,3,0,0
422,No,No,789589968ed90e82a832dbc60e958c76b787be7e,No,No,default,none,Function,"continue_hypercall_on_cpu(unsigned int,long (*) (),void *)",xen/common/domain.c,9,35,1,7,45,9,35,4,26,1,0,0,16,5,20,24,2,0,22,6,6,7,4,4,4,3,4,0
422,No,No,789589968ed90e82a832dbc60e958c76b787be7e,No,No,default,Static,Static Function,continue_hypercall_tasklet_handler(unsigned long),xen/common/domain.c,3,16,1,7,20,3,16,3,11,1,0,0,10,3,9,11,2,0,9,4,4,4,1,0,0,2,0,0
422,No,No,789589968ed90e82a832dbc60e958c76b787be7e,No,No,default,Static,Static Function,continue_idle_domain(struct vcpu *),xen/arch/x86/domain.c,0,4,0,0,4,0,4,1,1,0,0,0,2,1,1,1,0,0,1,1,1,1,1,0,0,0,0,0
422,No,No,789589968ed90e82a832dbc60e958c76b787be7e,No,No,default,Static,Static Function,continue_new_vcpu(struct vcpu *),xen/arch/arm/domain.c,2,12,2,3,16,2,12,1,9,2,0,0,7,3,6,8,0,0,8,3,3,3,1,2,0,1,0,0
422,No,No,789589968ed90e82a832dbc60e958c76b787be7e,No,No,default,none,Function,continue_running(struct vcpu *),xen/arch/arm/domain.c,0,3,1,0,4,0,3,1,0,1,0,0,0,1,0,0,0,0,0,1,1,1,1,0,0,0,0,0
422,No,No,789589968ed90e82a832dbc60e958c76b787be7e,No,No,default,none,Function,continue_running(struct vcpu *),xen/arch/x86/domain.c,0,5,1,4,6,0,5,1,2,1,0,0,2,1,2,2,0,0,2,1,1,1,1,0,0,0,0,0
422,No,No,789589968ed90e82a832dbc60e958c76b787be7e,No,No,default,Static,Static Function,"control_read(const struct pci_dev *,unsigned int,void *)",xen/drivers/vpci/msix.c,1,8,0,5,9,1,8,3,4,0,0,0,1,1,2,2,1,0,1,3,3,3,1,0,0,0,0,0
422,No,No,789589968ed90e82a832dbc60e958c76b787be7e,No,No,default,Static,Static Function,"control_write(const struct pci_dev *,unsigned int,uint32_t,void *)",xen/drivers/vpci/msix.c,5,47,27,14,79,5,47,8,31,27,0,0,9,16,23,33,6,0,27,10,9,17,9,12,12,3,12,0
422,No,No,789589968ed90e82a832dbc60e958c76b787be7e,No,No,default,none,Function,"copy_domain_page(mfn_t,mfn_t)",xen/common/memory.c,1,8,0,5,9,1,8,3,5,0,0,0,3,1,5,5,2,0,3,1,1,1,1,0,0,0,0,0
422,No,No,789589968ed90e82a832dbc60e958c76b787be7e,No,No,default,Static,Static Function,"cpsr_switch_mode(struct cpu_user_regs *,int)",xen/arch/arm/traps.c,2,13,0,3,15,2,13,2,10,0,0,0,2,8,7,10,1,0,9,4,4,4,1,0,0,1,0,0
422,No,No,789589968ed90e82a832dbc60e958c76b787be7e,No,No,default,none,Function,"cpu_add(uint32_t,uint32_t,uint32_t)",xen/arch/x86/smpboot.c,12,58,2,4,72,12,58,4,43,2,0,0,15,122,25,35,3,0,32,12,12,14,8,7,7,2,7,0
422,No,No,789589968ed90e82a832dbc60e958c76b787be7e,No,No,default,Static,Static Function,"cpu_callback(struct notifier_block *,unsigned long,void *)",xen/drivers/cpufreq/cpufreq.c,2,18,0,2,20,2,18,3,12,0,0,0,3,3,7,11,1,0,10,4,2,4,1,3,0,1,0,0
422,No,No,789589968ed90e82a832dbc60e958c76b787be7e,No,No,default,Static,Static Function,"cpu_callback(struct notifier_block *,unsigned long,void *)",xen/arch/x86/psr.c,2,20,0,2,22,2,20,4,14,0,0,0,5,4,9,14,2,0,12,6,3,6,1,3,0,1,0,0
422,No,No,789589968ed90e82a832dbc60e958c76b787be7e,No,No,default,Static,Static Function,"cpu_callback(struct notifier_block *,unsigned long,void *)",xen/arch/x86/cpu/vpmu.c,4,18,0,2,22,4,18,5,11,0,0,0,6,4,9,12,3,0,9,4,4,4,3,2,2,1,2,0
422,No,No,789589968ed90e82a832dbc60e958c76b787be7e,No,No,default,none,Function,cpu_disable_scheduler(unsigned int),xen/common/schedule.c,12,65,42,9,119,12,65,10,39,42,0,0,22,43,37,47,9,0,38,13,13,14,7,8,8,5,6,0
422,No,No,789589968ed90e82a832dbc60e958c76b787be7e,No,No,default,Static,Static Function,"cpu_errata_callback(struct notifier_block *,unsigned long,void *)",xen/arch/arm/cpuerrata.c,2,16,9,2,27,2,16,4,9,9,0,0,4,2,6,8,1,0,7,3,3,3,1,1,0,1,0,0
422,No,No,789589968ed90e82a832dbc60e958c76b787be7e,No,No,default,none,Function,cpu_exit_clear(unsigned int),xen/arch/x86/smpboot.c,0,5,0,4,5,0,5,1,2,0,0,0,3,1,4,4,0,0,4,2,2,2,1,0,0,1,0,0
422,No,No,789589968ed90e82a832dbc60e958c76b787be7e,No,No,default,none,Function,cpu_frequency_change(u64),xen/arch/x86/time.c,5,25,5,5,35,5,25,3,17,5,0,0,18,3,15,17,2,0,15,3,3,3,1,1,0,1,0,0
422,No,No,789589968ed90e82a832dbc60e958c76b787be7e,No,No,default,none,Function,cpu_has_pending_apic_eoi(),xen/arch/x86/irq.c,0,4,0,1,4,0,4,1,1,0,0,0,2,1,1,1,0,0,1,1,1,1,1,0,0,0,0,0
422,No,No,789589968ed90e82a832dbc60e958c76b787be7e,No,No,default,none,Function,cpu_init(),xen/arch/x86/cpu/common.c,6,20,4,3,30,6,20,2,16,4,0,0,9,6,16,19,1,3,15,4,4,4,1,0,0,2,0,0
422,No,No,789589968ed90e82a832dbc60e958c76b787be7e,No,No,default,Static,Static Function,cpu_mask_to_apicid_x2apic_cluster(const cpumask_t *),xen/arch/x86/genapic/x2apic.c,2,10,0,1,12,2,10,4,7,0,0,0,5,1,5,5,3,0,2,1,1,1,1,0,0,0,0,0
422,No,No,789589968ed90e82a832dbc60e958c76b787be7e,No,No,default,Static,Static Function,"cpu_request_microcode(unsigned int,const void *,size_t)",xen/arch/x86/microcode_amd.c,20,110,44,8,174,20,107,9,73,44,1,2,21,122304,52,72,7,0,65,23,23,24,16,22,22,4,21,0
422,No,No,789589968ed90e82a832dbc60e958c76b787be7e,No,No,default,Static,Static Function,"cpu_schedule_callback(struct notifier_block *,unsigned long,void *)",xen/common/schedule.c,2,25,33,4,60,2,25,6,19,33,0,0,8,5,13,18,4,0,14,8,5,8,5,8,8,1,8,1
422,No,No,789589968ed90e82a832dbc60e958c76b787be7e,No,No,default,Static,Static Function,cpu_schedule_down(unsigned int),xen/common/schedule.c,3,10,0,6,13,3,10,3,7,0,0,0,8,1,7,7,2,0,5,3,3,3,1,0,0,0,0,0
422,No,No,789589968ed90e82a832dbc60e958c76b787be7e,No,No,default,Static,Static Function,cpu_schedule_up(unsigned int),xen/common/schedule.c,8,31,16,10,55,8,31,4,25,16,0,0,17,12,20,26,3,0,23,10,10,10,6,6,6,3,6,0
422,No,No,789589968ed90e82a832dbc60e958c76b787be7e,No,No,default,Static,Static Function,cpu_smpboot_alloc(unsigned int),xen/arch/x86/smpboot.c,12,63,0,6,75,12,63,6,55,0,0,0,21,12288,41,55,5,0,50,16,16,21,11,10,10,2,10,0
422,No,No,789589968ed90e82a832dbc60e958c76b787be7e,No,No,default,Static,Static Function,"cpu_smpboot_callback(struct notifier_block *,unsigned long,void *)",xen/arch/x86/smpboot.c,2,20,0,3,22,2,20,4,14,0,0,0,4,4,9,14,2,0,12,6,3,6,1,3,0,1,0,0
422,No,No,789589968ed90e82a832dbc60e958c76b787be7e,No,No,default,Static,Static Function,"cpu_smpboot_free(unsigned int,bool)",xen/arch/x86/smpboot.c,11,51,0,10,62,11,51,6,37,0,0,0,22,252,35,45,5,0,40,14,14,14,4,2,2,3,2,0
422,No,No,789589968ed90e82a832dbc60e958c76b787be7e,No,No,default,Static,Static Function,"cpu_to_runqueue(struct csched2_private *,unsigned int)",xen/common/sched_credit2.c,7,26,13,7,46,7,26,5,16,13,0,0,9,66,17,24,3,0,21,11,11,18,5,6,6,3,6,0
422,No,No,789589968ed90e82a832dbc60e958c76b787be7e,No,No,default,none,Function,cpu_uninit(unsigned int),xen/arch/x86/cpu/common.c,0,4,0,3,4,0,4,1,1,0,0,0,1,1,1,1,0,0,1,1,1,1,1,0,0,0,0,0
422,No,No,789589968ed90e82a832dbc60e958c76b787be7e,No,No,default,Static,Static Function,"cpu_virt_paging_callback(struct notifier_block *,unsigned long,void *)",xen/arch/arm/p2m.c,1,15,0,1,16,1,15,3,8,0,0,0,4,3,6,9,0,0,9,4,4,4,1,1,0,3,0,0
422,No,No,789589968ed90e82a832dbc60e958c76b787be7e,No,No,default,none,Function,cpufeat_mask(),xen/arch/x86/apic.c,0,4,0,2,4,0,4,1,2,0,0,0,2,1,2,2,0,0,2,1,1,1,1,0,0,0,0,0
422,No,No,789589968ed90e82a832dbc60e958c76b787be7e,No,No,default,none,Function,cpufreq_add_cpu(unsigned int),xen/drivers/cpufreq/cpufreq.c,26,129,5,17,160,26,129,12,104,5,0,0,27,1456,71,94,9,0,85,24,24,28,19,31,31,4,31,0
422,No,No,789589968ed90e82a832dbc60e958c76b787be7e,No,No,default,Static,Static Function,cpufreq_cmdline_common_para(struct cpufreq_policy *),xen/drivers/cpufreq/cpufreq.c,0,7,0,3,7,0,7,1,4,0,0,0,3,4,2,4,0,0,4,3,3,3,1,0,0,1,0,0
422,No,No,789589968ed90e82a832dbc60e958c76b787be7e,No,No,default,none,Function,cpufreq_del_cpu(unsigned int),xen/drivers/cpufreq/cpufreq.c,13,49,5,13,67,13,49,7,39,5,0,0,15,71,30,40,6,0,34,11,11,13,6,4,4,1,4,0
422,No,No,789589968ed90e82a832dbc60e958c76b787be7e,No,No,default,none,Function,cpufreq_limit_change(unsigned int),xen/drivers/cpufreq/cpufreq.c,6,16,0,7,22,6,16,5,10,0,0,0,6,3,9,11,3,0,8,3,3,5,3,2,2,1,2,0
422,No,No,789589968ed90e82a832dbc60e958c76b787be7e,No,No,default,Static,Static Function,"cpuid(const unsigned int *,unsigned int *)",tools/libxc/xc_cpuid_x86.c,0,20,1,5,21,0,13,2,1,1,5,3,0,1,2,2,1,1,0,2,2,2,1,0,0,0,0,0
422,No,No,789589968ed90e82a832dbc60e958c76b787be7e,No,No,default,none,Function,"cpuid_hypervisor_leaves(const struct vcpu *,uint32_t,uint32_t,struct cpuid_leaf *)",xen/arch/x86/traps.c,19,84,25,19,119,19,84,8,73,25,0,0,17,42,48,67,6,0,61,21,14,25,10,32,27,3,27,0
422,No,No,789589968ed90e82a832dbc60e958c76b787be7e,No,No,default,none,Function,cpuid_policy_updated(struct vcpu *),xen/arch/x86/domain.c,0,5,0,3,5,0,5,1,2,0,0,0,2,2,1,2,0,0,2,2,2,2,1,0,0,1,0,0
422,No,No,789589968ed90e82a832dbc60e958c76b787be7e,No,No,default,none,Function,"cpuid_viridian_leaves(const struct vcpu *,uint32_t,uint32_t,struct cpuid_leaf *)",xen/arch/x86/hvm/viridian/viridian.c,14,71,19,22,101,14,71,12,59,19,0,0,15,37,40,58,6,0,52,18,13,21,9,21,21,2,21,0
422,No,No,789589968ed90e82a832dbc60e958c76b787be7e,No,No,default,Static,Static Function,"cpumap_to_cpulist(XcObject *,xc_cpumap_t)",tools/python/xen/lowlevel/xc/xc.c,3,22,0,5,25,3,22,5,13,0,0,0,7,6,13,17,4,0,13,5,5,5,1,1,0,2,0,0
422,No,No,789589968ed90e82a832dbc60e958c76b787be7e,No,No,default,Static,Static Function,cpus_have_cap(unsigned int),xen/include/asm-arm/cpufeature.h,1,6,0,1,7,1,6,1,3,0,0,0,2,2,2,3,0,0,3,2,2,2,1,1,0,1,0,0
422,No,No,789589968ed90e82a832dbc60e958c76b787be7e,No,No,default,Static,Static Function,cpus_set_cap(unsigned int),xen/include/asm-arm/cpufeature.h,0,8,0,1,8,0,8,1,5,0,0,0,2,2,2,3,0,0,3,2,2,2,1,1,0,1,0,0
422,No,No,789589968ed90e82a832dbc60e958c76b787be7e,No,No,default,Static,Static Function,"create_grant_host_mapping(uint64_t,mfn_t,unsigned int,unsigned int)",xen/include/asm-x86/grant_table.h,0,8,0,5,8,0,8,3,3,0,0,0,4,2,2,3,0,0,3,2,2,2,1,1,0,1,0,0
422,No,No,789589968ed90e82a832dbc60e958c76b787be7e,No,No,default,none,Function,"create_grant_host_mapping(unsigned long,mfn_t,unsigned int,unsigned int)",xen/arch/arm/mm.c,4,16,0,6,20,4,16,4,11,0,0,0,3,5,7,10,2,0,8,4,4,5,3,2,2,1,2,0
422,No,No,789589968ed90e82a832dbc60e958c76b787be7e,No,No,default,none,Function,create_irq(nodeid_t),xen/arch/x86/irq.c,5,39,0,9,44,5,39,4,24,0,0,0,11,51,17,26,3,0,23,10,10,10,3,4,3,3,2,0
422,No,No,789589968ed90e82a832dbc60e958c76b787be7e,No,No,default,none,Function,"create_perdomain_mapping(struct domain *,unsigned long,unsigned int,l1_pgentry_t **,struct page_info **)",xen/arch/x86/mm.c,12,109,1,8,122,12,109,9,71,1,0,0,30,2110,58,79,6,1,72,26,26,33,13,22,22,5,21,0
422,No,No,789589968ed90e82a832dbc60e958c76b787be7e,No,No,default,Static,Static Function,"create_xen_entries(enum xenmap_operation,unsigned long,mfn_t,unsigned long,unsigned int)",xen/arch/arm/mm.c,6,75,0,13,81,6,75,9,51,0,0,0,24,25,37,50,4,1,45,14,11,17,11,32,32,4,32,0
422,No,No,789589968ed90e82a832dbc60e958c76b787be7e,No,No,default,Static,Static Function,create_xen_table(lpae_t *),xen/arch/arm/mm.c,1,13,0,2,14,1,13,3,8,0,0,0,9,2,9,10,2,0,8,2,2,2,1,1,0,1,0,0
422,No,No,789589968ed90e82a832dbc60e958c76b787be7e,No,No,default,Static,Static Function,"csched2_aff_cntl(const struct scheduler *,struct vcpu *,const cpumask_t *,const cpumask_t *)",xen/common/sched_credit2.c,2,12,1,3,15,2,12,4,7,1,0,0,4,3,4,6,1,0,5,3,3,3,1,2,0,1,0,0
422,No,No,789589968ed90e82a832dbc60e958c76b787be7e,No,No,default,Static,Static Function,"csched2_alloc_domdata(const struct scheduler *,struct domain *)",xen/common/sched_credit2.c,7,23,1,8,31,7,23,5,17,1,0,0,16,2,17,18,3,0,15,2,2,2,1,1,0,1,0,0
422,No,No,789589968ed90e82a832dbc60e958c76b787be7e,No,No,default,Static,Static Function,"csched2_alloc_pdata(const struct scheduler *,int)",xen/common/sched_credit2.c,3,10,1,0,14,3,10,3,5,1,0,0,4,2,5,6,1,0,5,2,2,2,1,1,0,1,0,0
422,No,No,789589968ed90e82a832dbc60e958c76b787be7e,No,No,default,Static,Static Function,"csched2_alloc_vdata(const struct scheduler *,struct vcpu *,void *)",xen/common/sched_credit2.c,7,33,2,11,42,7,33,3,24,2,0,0,19,5,24,28,1,0,27,7,7,7,1,2,0,3,0,0
422,No,No,789589968ed90e82a832dbc60e958c76b787be7e,No,No,default,Static,Static Function,"csched2_context_saved(const struct scheduler *,struct vcpu *)",xen/common/sched_credit2.c,7,24,9,8,40,7,24,5,18,9,0,0,20,32,17,23,3,0,20,10,10,14,1,1,0,3,0,0
422,No,No,789589968ed90e82a832dbc60e958c76b787be7e,No,No,default,Static,Static Function,"csched2_cpu_pick(const struct scheduler *,struct vcpu *)",xen/common/sched_credit2.c,17,116,90,23,223,17,116,16,75,90,0,0,37,13824,57,73,13,0,60,20,20,22,8,10,9,2,9,0
422,No,No,789589968ed90e82a832dbc60e958c76b787be7e,No,No,default,Static,Static Function,csched2_deinit(struct scheduler *),xen/common/sched_credit2.c,1,8,0,1,9,1,8,3,3,0,0,0,4,1,4,4,1,0,3,1,1,1,1,0,0,0,0,0
422,No,No,789589968ed90e82a832dbc60e958c76b787be7e,No,No,default,Static,Static Function,"csched2_deinit_pdata(const struct scheduler *,void *,int)",xen/common/sched_credit2.c,12,29,14,12,55,12,29,6,21,14,0,0,15,12,23,27,4,0,23,7,7,8,1,1,0,2,0,0
422,No,No,789589968ed90e82a832dbc60e958c76b787be7e,No,No,default,Static,Static Function,csched2_dom(const struct domain *),xen/common/sched_credit2.c,0,4,0,4,4,0,4,1,1,0,0,0,1,1,1,1,0,0,1,1,1,1,1,0,0,0,0,0
422,No,No,789589968ed90e82a832dbc60e958c76b787be7e,No,No,default,Static,Static Function,"csched2_dom_cntl(const struct scheduler *,struct domain *,struct xen_domctl_scheduler_op *)",xen/common/sched_credit2.c,22,109,74,27,205,22,109,19,75,74,0,0,43,126,76,92,14,0,78,23,22,23,5,7,7,7,7,0
422,No,No,789589968ed90e82a832dbc60e958c76b787be7e,No,No,default,Static,Static Function,csched2_dump(const struct scheduler *),xen/common/sched_credit2.c,19,83,5,24,107,19,83,15,64,5,0,0,17,4,36,38,13,0,25,4,4,4,1,0,0,1,0,0
422,No,No,789589968ed90e82a832dbc60e958c76b787be7e,No,No,default,Static,Static Function,"csched2_dump_vcpu(struct csched2_private *,struct csched2_vcpu *)",xen/common/sched_credit2.c,4,16,0,16,20,4,16,2,12,0,0,0,2,2,5,6,0,0,6,2,2,2,1,0,0,1,0,0
422,No,No,789589968ed90e82a832dbc60e958c76b787be7e,No,No,default,Static,Static Function,"csched2_free_domdata(const struct scheduler *,void *)",xen/common/sched_credit2.c,4,15,0,5,19,4,15,5,8,0,0,0,6,2,8,9,3,0,6,2,2,2,1,0,0,1,0,0
422,No,No,789589968ed90e82a832dbc60e958c76b787be7e,No,No,default,Static,Static Function,"csched2_free_pdata(const struct scheduler *,void *,int)",xen/common/sched_credit2.c,2,8,7,5,17,2,8,3,4,7,0,0,5,4,6,8,1,0,7,5,5,6,1,0,0,2,0,0
422,No,No,789589968ed90e82a832dbc60e958c76b787be7e,No,No,default,Static,Static Function,"csched2_free_vdata(const struct scheduler *,void *)",xen/common/sched_credit2.c,1,6,0,1,7,1,6,3,2,0,0,0,1,1,2,2,1,0,1,1,1,1,1,0,0,0,0,0
422,No,No,789589968ed90e82a832dbc60e958c76b787be7e,No,No,default,Static,Static Function,csched2_init(struct scheduler *),xen/common/sched_credit2.c,10,40,7,10,57,10,40,4,32,7,0,0,16,6,22,26,2,0,24,6,6,6,3,2,2,2,2,0
422,No,No,789589968ed90e82a832dbc60e958c76b787be7e,No,No,default,Static,Static Function,"csched2_init_pdata(const struct scheduler *,void *,int)",xen/common/sched_credit2.c,3,14,2,6,19,3,14,6,7,2,0,0,8,1,10,10,4,0,6,1,1,1,1,0,0,0,0,0
422,No,No,789589968ed90e82a832dbc60e958c76b787be7e,No,No,default,Static,Static Function,csched2_pcpu(unsigned int),xen/common/sched_credit2.c,0,4,0,3,4,0,4,1,1,0,0,0,2,1,1,1,0,0,1,1,1,1,1,0,0,0,0,0
422,No,No,789589968ed90e82a832dbc60e958c76b787be7e,No,No,default,Static,Static Function,csched2_priv(const struct scheduler *),xen/common/sched_credit2.c,0,4,0,24,4,0,4,1,1,0,0,0,1,1,1,1,0,0,1,1,1,1,1,0,0,0,0,0
422,No,No,789589968ed90e82a832dbc60e958c76b787be7e,No,No,default,Static,Static Function,"csched2_runtime(const struct scheduler *,int,struct csched2_vcpu *,s_time_t)",xen/common/sched_credit2.c,10,49,36,16,94,10,49,10,32,36,0,0,10,181,21,31,7,0,24,12,12,13,1,3,0,2,0,0
422,No,No,789589968ed90e82a832dbc60e958c76b787be7e,No,No,default,Static,Static Function,"csched2_schedule(const struct scheduler *,s_time_t,bool)",xen/common/sched_credit2.c,20,109,54,22,183,20,109,14,73,54,0,0,48,22528,66,85,10,0,75,26,26,30,1,3,0,4,0,0
422,No,No,789589968ed90e82a832dbc60e958c76b787be7e,No,No,default,Static,Static Function,"csched2_switch_sched(struct scheduler *,unsigned int,void *,void *)",xen/common/sched_credit2.c,8,19,19,11,46,8,19,6,13,19,0,0,13,8,17,20,3,0,17,7,7,9,1,0,0,2,0,1
422,No,No,789589968ed90e82a832dbc60e958c76b787be7e,No,No,default,Static,Static Function,"csched2_sys_cntl(const struct scheduler *,struct xen_sysctl_scheduler_op *)",xen/common/sched_credit2.c,4,26,1,8,31,4,26,5,19,1,0,0,7,6,12,18,3,0,15,6,5,10,4,4,3,2,3,0
422,No,No,789589968ed90e82a832dbc60e958c76b787be7e,No,No,default,Static,Static Function,csched2_vcpu(const struct vcpu *),xen/common/sched_credit2.c,0,4,0,18,4,0,4,1,1,0,0,0,1,1,1,1,0,0,1,1,1,1,1,0,0,0,0,0
422,No,No,789589968ed90e82a832dbc60e958c76b787be7e,No,No,default,Static,Static Function,csched2_vcpu_check(struct vcpu *),xen/common/sched_credit2.c,1,18,0,8,19,1,18,4,10,0,0,0,6,24,13,19,2,0,17,12,12,12,1,1,0,3,0,0
422,No,No,789589968ed90e82a832dbc60e958c76b787be7e,No,No,default,Static,Static Function,"csched2_vcpu_insert(const struct scheduler *,struct vcpu *)",xen/common/sched_credit2.c,10,18,2,7,30,10,18,5,13,2,0,0,13,4,16,18,3,0,15,5,5,5,1,0,0,2,0,0
422,No,No,789589968ed90e82a832dbc60e958c76b787be7e,No,No,default,Static,Static Function,"csched2_vcpu_migrate(const struct scheduler *,struct vcpu *,unsigned int)",xen/common/sched_credit2.c,4,28,24,7,56,4,28,7,18,24,0,0,15,12,18,24,4,0,20,10,10,10,1,2,0,3,0,0
422,No,No,789589968ed90e82a832dbc60e958c76b787be7e,No,No,default,Static,Static Function,"csched2_vcpu_remove(const struct scheduler *,struct vcpu *)",xen/common/sched_credit2.c,6,13,1,5,20,6,13,4,8,1,0,0,10,4,11,13,2,0,11,5,5,5,1,0,0,2,0,0
422,No,No,789589968ed90e82a832dbc60e958c76b787be7e,No,No,default,Static,Static Function,"csched2_vcpu_sleep(const struct scheduler *,struct vcpu *)",xen/common/sched_credit2.c,2,19,0,7,21,2,19,3,11,0,0,0,12,8,10,14,1,0,13,7,7,7,1,2,0,3,0,0
422,No,No,789589968ed90e82a832dbc60e958c76b787be7e,No,No,default,Static,Static Function,"csched2_vcpu_wake(const struct scheduler *,struct vcpu *)",xen/common/sched_credit2.c,11,38,5,8,54,11,38,5,26,5,0,0,17,192,23,31,3,0,28,12,12,12,4,5,3,3,3,0
422,No,No,789589968ed90e82a832dbc60e958c76b787be7e,No,No,default,Static,Static Function,"csched2_vcpu_yield(const struct scheduler *,struct vcpu *)",xen/common/sched_credit2.c,1,6,0,2,7,1,6,3,2,0,0,0,2,1,2,2,1,0,1,1,1,1,1,0,0,0,0,0
422,No,No,789589968ed90e82a832dbc60e958c76b787be7e,No,No,default,none,Function,cstate_restore_tsc(),xen/arch/x86/time.c,1,6,0,1,7,1,6,1,3,0,0,0,4,2,2,3,0,0,3,2,2,2,1,1,0,1,0,0
422,No,No,789589968ed90e82a832dbc60e958c76b787be7e,No,No,default,Static,Static Function,ctxt_switch_from(struct vcpu *),xen/arch/arm/domain.c,15,55,11,4,81,15,36,1,31,11,11,8,31,9,27,31,0,0,31,5,5,6,1,1,0,1,0,0
422,No,No,789589968ed90e82a832dbc60e958c76b787be7e,No,No,default,none,Function,ctxt_switch_levelling(const struct vcpu *),xen/arch/x86/cpu/common.c,2,15,20,9,37,2,15,2,11,20,0,0,4,4,5,8,1,0,7,5,5,9,3,3,3,2,3,1
422,No,No,789589968ed90e82a832dbc60e958c76b787be7e,No,No,default,Static,Static Function,ctxt_switch_to(struct vcpu *),xen/arch/arm/domain.c,17,60,25,24,102,17,39,2,33,25,13,8,10,9,30,34,1,0,33,5,5,6,1,1,0,1,0,0
422,No,No,789589968ed90e82a832dbc60e958c76b787be7e,No,No,default,Static,Static Function,"current_has_perm(struct domain *,u16,u32)",xen/xsm/flask/hooks.c,0,4,0,26,4,0,4,1,1,0,0,0,2,1,1,1,0,0,1,1,1,1,1,0,0,0,0,0
422,No,No,789589968ed90e82a832dbc60e958c76b787be7e,No,No,default,none,Function,current_local_apic_mode(),xen/arch/x86/apic.c,4,10,4,1,18,4,10,2,6,4,0,0,3,3,5,7,1,0,6,3,3,4,3,2,2,1,2,0
422,No,No,789589968ed90e82a832dbc60e958c76b787be7e,No,No,default,Static,Static Function,current_locked_page_check(struct page_info *),xen/arch/x86/mm.c,0,3,0,3,3,0,3,1,1,0,0,0,2,1,1,1,0,0,1,1,1,1,1,0,0,0,0,0
422,No,No,789589968ed90e82a832dbc60e958c76b787be7e,No,No,default,Static,Static Function,current_locked_page_ne_check(struct page_info *),xen/arch/x86/mm.c,0,3,0,2,3,0,3,1,1,0,0,0,2,1,1,1,0,0,1,1,1,1,1,0,0,0,0,0
422,No,No,789589968ed90e82a832dbc60e958c76b787be7e,No,No,default,Static,Static Function,current_locked_page_set(struct page_info *),xen/arch/x86/mm.c,0,3,0,3,3,0,3,1,1,0,0,0,2,1,1,1,0,0,1,1,1,1,1,0,0,0,0,0
422,No,No,789589968ed90e82a832dbc60e958c76b787be7e,No,No,default,Static,Static Function,"datacopier_abort(libxl__egc *,libxl__ao_abortable *,int)",tools/libxl/libxl_aoutils.c,1,7,0,4,8,1,7,4,3,0,0,0,3,1,4,4,3,0,1,1,1,1,1,0,0,0,0,0
422,No,No,789589968ed90e82a832dbc60e958c76b787be7e,No,No,default,Static,Static Function,"datacopier_callback(libxl__egc *,libxl__datacopier_state *,int,int,int)",tools/libxl/libxl_aoutils.c,0,6,0,9,6,0,6,2,2,0,0,0,2,1,2,2,0,0,2,1,1,1,1,0,0,0,0,0
422,No,No,789589968ed90e82a832dbc60e958c76b787be7e,No,No,default,Static,Static Function,"datacopier_check_state(libxl__egc *,libxl__datacopier_state *)",tools/libxl/libxl_aoutils.c,1,23,2,11,26,1,23,3,16,2,0,0,7,5,10,14,3,0,11,5,5,7,5,6,6,3,6,0
422,No,No,789589968ed90e82a832dbc60e958c76b787be7e,No,No,default,Static,Static Function,"datacopier_pollhup_handled(libxl__egc *,libxl__datacopier_state *,int,short,int)",tools/libxl/libxl_aoutils.c,1,14,0,9,15,1,14,4,8,0,0,0,6,2,7,8,2,0,6,2,2,3,1,1,0,1,0,0
422,No,No,789589968ed90e82a832dbc60e958c76b787be7e,No,No,default,Static,Static Function,"datacopier_readable(libxl__egc *,libxl__ev_fd *,int,short,short)",tools/libxl/libxl_aoutils.c,4,95,3,18,102,4,95,9,77,3,0,0,29,1768,65,90,8,9,73,33,33,34,14,39,34,4,32,0
422,No,No,789589968ed90e82a832dbc60e958c76b787be7e,No,No,default,Static,Static Function,"datacopier_writable(libxl__egc *,libxl__ev_fd *,int,short,short)",tools/libxl/libxl_aoutils.c,2,42,0,10,44,2,42,6,35,0,0,0,17,132,39,52,5,8,39,19,19,19,9,22,20,3,17,0
422,No,No,789589968ed90e82a832dbc60e958c76b787be7e,No,No,default,Static,Static Function,dbgp_breathe(),xen/drivers/char/ehci-dbgp.c,0,4,1,1,5,0,4,1,1,1,0,0,1,1,1,1,0,0,1,1,1,1,1,0,0,0,0,0
422,No,No,789589968ed90e82a832dbc60e958c76b787be7e,No,No,default,Static,Static Function,"dbgp_bulk_read(struct ehci_dbgp *,unsigned int,unsigned int,unsigned int,u32 *)",xen/drivers/char/ehci-dbgp.c,4,18,0,11,22,4,18,4,12,0,0,0,7,3,10,12,1,0,11,3,3,3,1,2,0,1,0,0
422,No,No,789589968ed90e82a832dbc60e958c76b787be7e,No,No,default,Static,Static Function,"dbgp_bulk_write(struct ehci_dbgp *,unsigned int,unsigned int,const void *,unsigned int,u32 *)",xen/drivers/char/ehci-dbgp.c,4,18,0,12,22,4,18,4,12,0,0,0,8,3,11,13,1,0,12,3,3,3,1,1,0,1,0,0
422,No,No,789589968ed90e82a832dbc60e958c76b787be7e,No,No,default,Static,Static Function,"dbgp_check_for_completion(struct ehci_dbgp *,unsigned int,u8 *)",xen/drivers/char/ehci-dbgp.c,8,55,1,17,64,8,55,5,35,1,0,0,11,34,23,35,3,0,32,13,13,15,4,7,3,2,3,0
422,No,No,789589968ed90e82a832dbc60e958c76b787be7e,No,No,default,Static,Static Function,"dbgp_control_msg(struct ehci_dbgp *,unsigned int,int,int,int,int,void *,unsigned int)",xen/drivers/char/ehci-dbgp.c,6,36,3,13,45,6,36,7,26,3,0,0,15,8,24,29,4,0,25,7,7,7,3,2,2,2,2,0
422,No,No,789589968ed90e82a832dbc60e958c76b787be7e,No,No,default,Static,Static Function,"dbgp_get_data(struct ehci_dbg_port __iomem *,void *,int)",xen/drivers/char/ehci-dbgp.c,1,12,0,7,13,1,12,6,7,0,0,0,2,4,10,12,4,1,7,3,3,5,1,0,0,1,0,0
422,No,No,789589968ed90e82a832dbc60e958c76b787be7e,No,No,default,Static,Static Function,"dbgp_issue_command(struct ehci_dbgp *,u32,enum dbgp_state)",xen/drivers/char/ehci-dbgp.c,3,24,5,11,32,3,24,4,14,5,0,0,8,8,10,14,2,0,12,5,5,5,1,1,0,2,0,0
422,No,No,789589968ed90e82a832dbc60e958c76b787be7e,No,No,default,Static,Static Function,"dbgp_len_update(u32,u32)",xen/drivers/char/ehci-dbgp.c,0,4,0,4,4,0,4,1,1,0,0,0,1,1,1,1,0,0,1,1,1,1,1,0,0,0,0,0
422,No,No,789589968ed90e82a832dbc60e958c76b787be7e,No,No,default,Static,Static Function,dbgp_mdelay(unsigned int),xen/drivers/char/ehci-dbgp.c,1,9,0,5,10,1,9,2,3,0,0,0,2,3,4,6,1,0,5,3,3,3,1,0,0,2,0,0
422,No,No,789589968ed90e82a832dbc60e958c76b787be7e,No,No,default,none,Function,dbgp_op(const struct physdev_dbgp_op *),xen/drivers/char/ehci-dbgp.c,5,28,0,14,33,5,28,1,21,0,0,0,8,11,11,19,0,0,19,8,6,10,7,8,8,2,8,0
422,No,No,789589968ed90e82a832dbc60e958c76b787be7e,No,No,default,Static,Static Function,"dbgp_pid_read_update(u32,u32)",xen/drivers/char/ehci-dbgp.c,0,4,0,3,4,0,4,1,1,0,0,0,1,1,1,1,0,0,1,1,1,1,1,0,0,0,0,0
422,No,No,789589968ed90e82a832dbc60e958c76b787be7e,No,No,default,Static,Static Function,"dbgp_pid_write_update(u32,u32)",xen/drivers/char/ehci-dbgp.c,1,6,0,3,7,1,6,2,3,0,0,0,1,1,3,3,1,0,2,1,1,1,1,0,0,0,0,0
422,No,No,789589968ed90e82a832dbc60e958c76b787be7e,No,No,default,Static,Static Function,"dbgp_printk(const char *,...)",xen/drivers/char/ehci-dbgp.c,0,2,0,7,2,0,2,2,0,0,0,0,1,1,0,0,0,0,0,1,1,1,1,0,0,0,0,0
422,No,No,789589968ed90e82a832dbc60e958c76b787be7e,No,No,default,Static,Static Function,"dbgp_set_data(struct ehci_dbg_port __iomem *,const void *,unsigned int)",xen/drivers/char/ehci-dbgp.c,1,13,0,7,14,1,13,5,8,0,0,0,2,4,11,13,3,1,9,3,3,5,1,0,0,1,0,0
422,No,No,789589968ed90e82a832dbc60e958c76b787be7e,No,No,default,Static,Static Function,"dbgp_wait_until_complete(struct ehci_dbgp *,u8 *)",xen/drivers/char/ehci-dbgp.c,3,14,0,5,17,3,14,3,10,0,0,0,5,4,8,10,2,0,8,4,4,5,3,2,2,2,2,0
422,No,No,789589968ed90e82a832dbc60e958c76b787be7e,No,No,default,Static,Static Function,"dbgp_wait_until_done(struct ehci_dbgp *,u32,unsigned int)",xen/drivers/char/ehci-dbgp.c,5,26,12,7,43,5,26,4,14,12,0,0,7,9,11,17,2,2,13,7,7,10,5,7,7,3,7,0
422,No,No,789589968ed90e82a832dbc60e958c76b787be7e,No,No,default,Static,Static Function,"deactivate_runqueue(struct csched2_private *,int)",xen/common/sched_credit2.c,4,8,0,6,12,4,8,2,4,0,0,0,5,2,6,7,1,0,6,3,3,3,1,0,0,2,0,0
422,No,No,789589968ed90e82a832dbc60e958c76b787be7e,No,No,default,Static,Static Function,"deallocate_buffer(void *,uint32_t)",xen/drivers/passthrough/amd/iommu_init.c,0,9,0,4,9,0,9,2,4,0,0,0,3,2,3,4,1,0,3,2,2,2,1,0,0,1,0,0
422,No,No,789589968ed90e82a832dbc60e958c76b787be7e,No,No,default,Static,Static Function,deallocate_device_table(struct table_struct *),xen/drivers/passthrough/amd/iommu_init.c,0,5,0,4,5,0,5,1,2,0,0,0,4,1,2,2,0,0,2,1,1,1,1,0,0,0,0,0
422,No,No,789589968ed90e82a832dbc60e958c76b787be7e,No,No,default,Static,Static Function,deallocate_iommu_page_tables(struct domain *),xen/drivers/passthrough/amd/pci_amd_iommu.c,2,13,0,7,15,2,13,2,8,0,0,0,6,3,6,8,1,0,7,3,3,3,1,1,0,1,0,0
422,No,No,789589968ed90e82a832dbc60e958c76b787be7e,No,No,default,Static,Static Function,"deallocate_next_page_table(struct page_info *,int)",xen/drivers/passthrough/amd/pci_amd_iommu.c,0,7,0,6,7,0,7,1,4,0,0,0,4,1,4,4,0,0,4,1,1,1,1,0,0,0,0,0
422,No,No,789589968ed90e82a832dbc60e958c76b787be7e,No,No,default,Static,Static Function,deallocate_page_table(struct page_info *),xen/drivers/passthrough/amd/pci_amd_iommu.c,6,28,1,1,35,6,28,4,17,1,0,0,10,4,16,19,3,0,16,4,4,6,1,1,0,2,0,0
422,No,No,789589968ed90e82a832dbc60e958c76b787be7e,No,No,default,Static,Static Function,deallocate_ring_buffer(struct ring_buffer *),xen/drivers/passthrough/amd/iommu_init.c,0,7,0,4,7,0,7,1,4,0,0,0,6,1,4,4,0,0,4,1,1,1,1,0,0,0,0,0
422,No,No,789589968ed90e82a832dbc60e958c76b787be7e,No,No,default,none,Function,"deassign_device(struct domain *,u16,u8,u8)",xen/drivers/passthrough/pci.c,8,39,0,13,47,8,39,4,32,0,0,0,12,9,20,27,3,0,24,8,8,10,7,8,8,2,8,0
422,No,No,789589968ed90e82a832dbc60e958c76b787be7e,No,No,default,Static,Static Function,"debug_gfn(struct domain *,gfn_t)",xen/arch/x86/mm/mem_sharing.c,3,12,0,4,15,3,12,4,6,0,0,0,6,1,8,8,3,0,5,1,1,1,1,0,0,0,0,0
422,No,No,789589968ed90e82a832dbc60e958c76b787be7e,No,No,default,Static,Static Function,"debug_gref(struct domain *,grant_ref_t)",xen/arch/x86/mm/mem_sharing.c,3,17,0,4,20,3,17,4,9,0,0,0,4,2,8,9,3,0,6,2,2,2,1,1,0,1,0,0
422,No,No,789589968ed90e82a832dbc60e958c76b787be7e,No,No,default,Static,Static Function,debug_mfn(mfn_t),xen/arch/x86/mm/mem_sharing.c,3,19,1,5,23,3,19,3,12,1,0,0,6,2,8,9,2,0,7,2,2,2,1,1,0,1,0,0
422,No,No,789589968ed90e82a832dbc60e958c76b787be7e,No,No,default,Static,Static Function,debugtrace_dump(),xen/include/xen/lib.h,0,1,0,1,1,0,1,1,0,0,0,0,1,1,0,0,0,0,0,1,1,1,1,0,0,0,0,0
422,No,No,789589968ed90e82a832dbc60e958c76b787be7e,No,No,default,Static,Static Function,"debugtrace_printk(const char *,...)",xen/include/xen/lib.h,0,3,0,0,3,0,3,3,0,0,0,0,1,1,0,0,0,0,0,1,1,1,1,0,0,0,0,0
422,No,No,789589968ed90e82a832dbc60e958c76b787be7e,No,No,default,Static,Static Function,dec_linear_entries(struct page_info *),xen/arch/x86/mm.c,0,4,0,4,4,0,4,1,1,0,0,0,2,2,2,3,0,0,3,3,3,3,1,0,0,2,0,0
422,No,No,789589968ed90e82a832dbc60e958c76b787be7e,No,No,default,Static,Static Function,dec_linear_uses(struct page_info *),xen/arch/x86/mm.c,0,4,0,4,4,0,4,1,1,0,0,0,2,2,2,3,0,0,3,3,3,3,1,0,0,2,0,0
422,No,No,789589968ed90e82a832dbc60e958c76b787be7e,No,No,default,Static,Static Function,"decode_disp8scale(enum disp8scale,const struct x86_emulate_state *)",xen/arch/x86/x86_emulate/x86_emulate.c,6,36,2,10,44,6,36,2,26,2,0,0,3,10,13,27,0,1,26,14,8,14,9,18,17,2,17,0
422,No,No,789589968ed90e82a832dbc60e958c76b787be7e,No,No,default,Static,Static Function,"decode_featureset(const uint32_t *,const uint32_t,const char *,bool)",tools/misc/xen-cpuid.c,3,20,0,9,23,3,20,5,11,0,0,0,3,8,11,15,1,0,14,7,7,8,1,1,0,2,0,0
422,No,No,789589968ed90e82a832dbc60e958c76b787be7e,No,No,default,Static,Static Function,"decode_fsc(uint32_t,int *)",xen/arch/arm/traps.c,4,52,0,2,56,4,52,2,47,0,0,0,2,13,33,46,1,0,45,13,2,13,1,78,0,1,0,0
422,No,No,789589968ed90e82a832dbc60e958c76b787be7e,No,No,default,Static,Static Function,"decode_gpr(struct cpu_user_regs *,unsigned int)",xen/arch/x86/x86_emulate/x86_emulate.h,3,9,2,7,14,3,9,2,5,2,0,0,5,2,6,7,0,1,6,3,3,3,1,1,0,1,0,0
422,No,No,789589968ed90e82a832dbc60e958c76b787be7e,No,No,default,Static,Static Function,"decode_vex_gpr(unsigned int,struct cpu_user_regs *,const struct x86_emulate_ctxt *)",xen/arch/x86/x86_emulate/x86_emulate.c,0,6,0,3,6,0,6,3,1,0,0,0,2,1,1,1,0,0,1,2,2,2,1,0,0,0,0,0
422,No,No,789589968ed90e82a832dbc60e958c76b787be7e,No,No,default,Static,Static Function,"decode_vmx_inst(struct cpu_user_regs *,struct vmx_inst_decoded *,unsigned long *)",xen/arch/x86/hvm/vmx/vvmx.c,15,60,0,27,75,15,60,12,44,0,0,0,17,22,33,40,8,0,32,13,13,15,6,12,12,3,12,0
422,No,No,789589968ed90e82a832dbc60e958c76b787be7e,No,No,default,Static,Static Function,decrease_reservation(struct memop_args *),xen/common/memory.c,10,51,9,9,70,10,51,8,30,9,0,0,18,42,25,35,6,0,29,11,10,13,9,19,19,4,19,0
422,No,No,789589968ed90e82a832dbc60e958c76b787be7e,No,No,default,none,Function,default_dead_idle(),xen/arch/x86/domain.c,0,7,5,0,12,0,7,1,4,5,0,0,4,2,5,6,0,3,3,2,2,2,1,0,0,1,0,0
422,No,No,789589968ed90e82a832dbc60e958c76b787be7e,No,No,default,Static,Static Function,default_idle(),xen/arch/x86/domain.c,1,13,0,0,14,1,13,2,8,0,0,0,11,2,6,7,1,0,6,2,2,5,1,1,0,1,0,0
422,No,No,789589968ed90e82a832dbc60e958c76b787be7e,No,No,default,Static,Static Function,default_init(struct cpuinfo_x86 *),xen/arch/x86/cpu/common.c,0,5,2,3,7,0,5,1,2,2,0,0,2,1,2,2,0,0,2,1,1,1,1,0,0,0,0,0
422,No,No,789589968ed90e82a832dbc60e958c76b787be7e,No,No,default,none,Function,"default_initialise_vcpu(struct vcpu *,__guest_handle_void)",xen/common/domain.c,5,18,0,7,23,5,18,4,11,0,0,0,7,3,11,13,3,0,10,4,4,4,3,2,2,1,2,0
422,No,No,789589968ed90e82a832dbc60e958c76b787be7e,No,No,default,Static,Static Function,"default_set_debug_port(struct ehci_dbgp *,unsigned int)",xen/drivers/char/ehci-dbgp.c,0,3,0,0,3,0,3,1,0,0,0,0,0,1,0,0,0,0,0,1,1,1,1,0,0,0,0,0
422,No,No,789589968ed90e82a832dbc60e958c76b787be7e,No,No,default,Static,Static Function,"default_xen_notification_fn(struct vcpu *,unsigned int)",xen/common/event_channel.c,0,5,1,2,6,0,5,1,2,1,0,0,2,2,1,2,0,0,2,2,2,2,1,0,0,1,0,0
422,No,No,789589968ed90e82a832dbc60e958c76b787be7e,No,No,default,Static,Static Function,"defer_map(struct domain *,struct pci_dev *,struct rangeset *,uint16_t,bool)",xen/drivers/vpci/header.c,1,10,11,5,22,1,10,3,6,11,0,0,6,1,6,6,1,0,5,1,1,1,1,0,0,0,0,1
422,No,No,789589968ed90e82a832dbc60e958c76b787be7e,No,No,default,none,Function,"desc_guest_eoi(struct irq_desc *,struct pirq *)",xen/arch/x86/irq.c,8,42,0,13,50,8,42,4,26,0,0,0,15,8,21,27,3,0,24,7,7,8,4,4,3,2,3,0
422,No,No,789589968ed90e82a832dbc60e958c76b787be7e,No,No,default,Static,Static Function,destroy_compat_m2p_mapping(struct mem_hotadd_info *),xen/arch/x86/x86_64/mm.c,9,33,0,3,42,9,33,5,21,0,0,0,14,17,19,25,4,1,20,8,8,8,1,1,0,3,0,0
422,No,No,789589968ed90e82a832dbc60e958c76b787be7e,No,No,default,Static,Static Function,"destroy_finish_check(libxl__egc *,libxl__domain_destroy_state *)",tools/libxl/libxl_domain.c,1,7,0,7,8,1,7,2,3,0,0,0,1,2,2,3,0,0,3,2,2,3,1,1,0,1,0,0
422,No,No,789589968ed90e82a832dbc60e958c76b787be7e,No,No,default,none,Function,destroy_irq(unsigned int),xen/arch/x86/irq.c,7,31,1,11,39,7,31,5,24,1,0,0,18,3,23,25,4,0,21,4,4,4,1,0,0,2,0,0
422,No,No,789589968ed90e82a832dbc60e958c76b787be7e,No,No,default,Static,Static Function,destroy_m2p_mapping(struct mem_hotadd_info *),xen/arch/x86/x86_64/mm.c,9,40,5,4,54,9,40,6,25,5,0,0,14,9,23,27,5,1,21,5,5,6,4,2,2,2,2,0
422,No,No,789589968ed90e82a832dbc60e958c76b787be7e,No,No,default,none,Function,"destroy_perdomain_mapping(struct domain *,unsigned long,unsigned int)",xen/arch/x86/mm.c,10,42,0,6,52,10,42,7,28,0,0,0,16,32,23,32,5,1,26,12,12,15,6,5,5,5,5,0
422,No,No,789589968ed90e82a832dbc60e958c76b787be7e,No,No,default,none,Function,"destroy_ring_for_helper(void **,struct page_info *)",xen/common/memory.c,1,11,0,3,12,1,11,3,5,0,0,0,3,2,4,5,1,0,4,2,2,2,1,0,0,1,0,0
422,No,No,789589968ed90e82a832dbc60e958c76b787be7e,No,No,default,none,Function,"destroy_xen_mappings(unsigned long,unsigned long)",xen/arch/x86/mm.c,0,4,0,3,4,0,4,1,1,0,0,0,2,1,1,1,0,0,1,1,1,1,1,0,0,0,0,0
422,No,No,789589968ed90e82a832dbc60e958c76b787be7e,No,No,default,none,Function,"destroy_xen_mappings(unsigned long,unsigned long)",xen/arch/arm/mm.c,0,4,0,2,4,0,4,1,1,0,0,0,3,1,1,1,0,0,1,1,1,1,1,0,0,0,0,0
422,No,No,789589968ed90e82a832dbc60e958c76b787be7e,No,No,default,none,Function,detect_extended_topology(struct cpuinfo_x86 *),xen/arch/x86/cpu/common.c,13,40,3,8,56,13,40,5,30,3,0,0,10,8,25,30,4,0,26,7,7,8,5,4,4,2,4,0
422,No,No,789589968ed90e82a832dbc60e958c76b787be7e,No,No,default,none,Function,detect_ht(struct cpuinfo_x86 *),xen/arch/x86/cpu/common.c,9,28,0,6,37,9,28,3,22,0,0,0,9,7,14,19,2,0,17,6,6,9,1,2,0,2,0,0
422,No,No,789589968ed90e82a832dbc60e958c76b787be7e,No,No,default,Static,Static Function,dev_get_dev_node(struct device *),xen/drivers/passthrough/arm/smmu.c,2,12,1,3,14,1,4,1,1,1,7,2,1,1,1,1,0,0,1,1,1,1,1,0,0,0,0,0
422,No,No,789589968ed90e82a832dbc60e958c76b787be7e,No,No,default,Static,Static Function,"device_assigned(u16,u8,u8)",xen/drivers/passthrough/pci.c,2,8,0,5,10,2,8,2,4,0,0,0,4,1,5,5,1,0,4,2,2,2,1,0,0,0,0,0
422,No,No,789589968ed90e82a832dbc60e958c76b787be7e,No,No,default,Static,Static Function,"device_model_confirm(libxl__egc *,libxl__spawn_state *,const char *)",tools/libxl/libxl_dm.c,3,10,0,3,13,3,10,3,6,0,0,0,3,3,5,7,2,0,5,3,3,3,3,2,2,1,2,0
422,No,No,789589968ed90e82a832dbc60e958c76b787be7e,No,No,default,Static,Static Function,"device_model_detached(libxl__egc *,libxl__spawn_state *)",tools/libxl/libxl_dm.c,0,6,0,2,6,0,6,3,2,0,0,0,2,1,2,2,1,0,1,1,1,1,1,0,0,0,0,0
422,No,No,789589968ed90e82a832dbc60e958c76b787be7e,No,No,default,Static,Static Function,"device_model_qmp_cb(libxl__egc *,libxl__ev_qmp *,const libxl__json_object *,int)",tools/libxl/libxl_dm.c,5,36,0,9,41,5,36,8,25,0,0,0,9,16,22,26,5,0,21,5,5,5,4,7,6,1,6,0
422,No,No,789589968ed90e82a832dbc60e958c76b787be7e,No,No,default,Static,Static Function,"device_model_spawn_outcome(libxl__egc *,libxl__dm_spawn_state *,int)",tools/libxl/libxl_dm.c,4,23,0,11,27,4,23,6,14,0,0,0,7,6,11,14,4,0,10,4,4,4,3,2,2,2,2,0
422,No,No,789589968ed90e82a832dbc60e958c76b787be7e,No,No,default,Static,Static Function,"device_model_startup_failed(libxl__egc *,libxl__spawn_state *,int)",tools/libxl/libxl_dm.c,0,7,0,3,7,0,7,4,2,0,0,0,2,1,2,2,1,0,1,1,1,1,1,0,0,0,0,0
422,No,No,789589968ed90e82a832dbc60e958c76b787be7e,No,No,default,Static,Static Function,"devices_destroy_cb(libxl__egc *,libxl__devices_remove_state *,int)",tools/libxl/libxl_domain.c,13,73,7,10,92,13,73,10,57,7,0,0,24,23616,45,62,8,0,54,18,18,19,13,19,18,3,18,0
422,No,No,789589968ed90e82a832dbc60e958c76b787be7e,No,No,default,Static,Static Function,"devm_ioremap_resource(struct device *,struct resource *)",xen/drivers/passthrough/arm/smmu.c,3,17,0,6,20,3,17,3,10,0,0,0,6,3,7,9,1,0,8,3,3,4,3,2,2,1,2,0
422,No,No,789589968ed90e82a832dbc60e958c76b787be7e,No,No,default,Static,Static Function,"dfn_add(dfn_t,unsigned long)",xen/include/xen/iommu.h,0,4,0,4,4,0,4,1,1,0,0,0,3,1,1,1,0,0,1,1,1,1,1,0,0,0,0,0
422,No,No,789589968ed90e82a832dbc60e958c76b787be7e,No,No,default,Static,Static Function,"dfn_eq(dfn_t,dfn_t)",xen/include/xen/iommu.h,0,4,0,6,4,0,4,1,1,0,0,0,2,1,1,1,0,0,1,1,1,1,1,0,0,0,0,0
422,No,No,789589968ed90e82a832dbc60e958c76b787be7e,No,No,default,none,Function,disable_8259A_irq(struct irq_desc *),xen/arch/x86/i8259.c,0,4,0,2,4,0,4,1,1,0,0,0,1,1,1,1,0,0,1,1,1,1,1,0,0,0,0,0
422,No,No,789589968ed90e82a832dbc60e958c76b787be7e,No,No,default,none,Function,disable_APIC_timer(),xen/arch/x86/apic.c,2,9,1,1,12,2,9,2,4,1,0,0,2,2,4,5,1,0,4,2,2,2,1,0,0,1,0,0
422,No,No,789589968ed90e82a832dbc60e958c76b787be7e,No,No,default,none,Function,disable_intremap(struct iommu *),xen/drivers/passthrough/vtd/intremap.c,8,25,8,8,41,8,25,6,16,8,0,0,9,393,29,41,5,0,36,15,15,15,13,12,12,4,12,0
422,No,No,789589968ed90e82a832dbc60e958c76b787be7e,No,No,default,Static,Static Function,disable_iommu(struct amd_iommu *),xen/drivers/passthrough/amd/iommu_init.c,9,20,0,5,29,9,20,2,14,0,0,0,11,5,12,15,1,0,14,4,4,4,1,1,0,1,0,0
422,No,No,789589968ed90e82a832dbc60e958c76b787be7e,No,No,default,none,Function,disable_local_APIC(),xen/arch/x86/apic.c,5,37,5,3,46,5,37,3,27,5,0,0,8,10,20,26,2,0,24,6,4,7,1,6,0,2,0,0
422,No,No,789589968ed90e82a832dbc60e958c76b787be7e,No,No,default,Static,Static Function,disable_translation(u32 *),xen/drivers/passthrough/amd/pci_amd_iommu.c,1,12,0,2,13,1,12,2,8,0,0,0,2,1,5,5,1,0,4,1,1,1,1,0,0,0,0,0
422,No,No,789589968ed90e82a832dbc60e958c76b787be7e,No,No,default,none,Function,disconnect_bsp_APIC(int),xen/arch/x86/apic.c,3,37,11,1,51,3,37,2,29,11,0,0,5,3,20,22,1,0,21,3,3,3,1,2,0,2,0,0
422,No,No,789589968ed90e82a832dbc60e958c76b787be7e,No,No,default,none,Function,display_cacheinfo(struct cpuinfo_x86 *),xen/arch/x86/cpu/common.c,5,20,1,3,25,5,20,2,15,1,0,0,5,9,9,13,1,0,12,5,5,5,1,1,0,2,0,0
422,No,No,789589968ed90e82a832dbc60e958c76b787be7e,No,No,default,Static,Static Function,"div_dbl(unsigned long [2],unsigned long)",xen/arch/x86/x86_emulate/x86_emulate.c,0,7,0,3,7,0,7,1,3,0,0,0,1,2,3,4,0,1,3,2,2,3,1,1,0,1,0,0
422,No,No,789589968ed90e82a832dbc60e958c76b787be7e,No,No,default,Static,Static Function,"div_frac(u32,u32)",xen/arch/x86/time.c,0,10,0,4,10,0,10,2,2,0,0,0,3,2,5,6,1,1,4,3,3,3,1,0,0,2,0,0
422,No,No,789589968ed90e82a832dbc60e958c76b787be7e,No,No,default,Static,Static Function,"dm_destroy_cb(libxl__egc *,libxl__destroy_devicemodel_state *,int)",tools/libxl/libxl_domain.c,2,15,0,7,17,2,15,6,10,0,0,0,10,2,10,11,4,0,7,2,2,2,1,0,0,1,0,0
422,No,No,789589968ed90e82a832dbc60e958c76b787be7e,No,No,default,Static,Static Function,dm_keymap(const libxl_domain_config *),tools/libxl/libxl_dm.c,0,9,0,10,9,0,9,1,6,0,0,0,1,3,3,5,0,0,5,3,3,3,3,2,2,1,2,0
422,No,No,789589968ed90e82a832dbc60e958c76b787be7e,No,No,default,Static,Static Function,dm_sdl(const libxl_domain_config *),tools/libxl/libxl_dm.c,0,10,0,11,10,0,10,2,6,0,0,0,2,3,4,6,1,0,5,4,4,5,1,1,0,1,0,0
422,No,No,789589968ed90e82a832dbc60e958c76b787be7e,No,No,default,Static,Static Function,"dm_spice_options(libxl__gc *,const libxl_spice_info *)",tools/libxl/libxl_dm.c,6,37,0,11,43,6,37,3,28,0,0,0,5,67,16,25,1,0,24,10,10,11,5,6,5,2,5,0
422,No,No,789589968ed90e82a832dbc60e958c76b787be7e,No,No,default,Static,Static Function,"dm_state_fd_ready(libxl__egc *,libxl__ev_qmp *,const libxl__json_object *,int)",tools/libxl/libxl_qmp.c,7,31,3,8,41,7,31,7,23,3,0,0,16,16,23,28,5,1,22,7,7,7,4,7,6,1,6,0
422,No,No,789589968ed90e82a832dbc60e958c76b787be7e,No,No,default,Static,Static Function,"dm_state_saved(libxl__egc *,libxl__ev_qmp *,const libxl__json_object *,int)",tools/libxl/libxl_qmp.c,2,9,0,5,11,2,9,4,5,0,0,0,3,2,4,5,2,0,3,2,2,2,1,0,0,1,0,0
422,No,No,789589968ed90e82a832dbc60e958c76b787be7e,No,No,default,Static,Static Function,"dm_stopped(libxl__egc *,libxl__ev_qmp *,const libxl__json_object *,int)",tools/libxl/libxl_qmp.c,5,28,0,7,33,5,28,5,21,0,0,0,12,8,16,20,3,0,17,5,5,5,4,6,6,1,6,0
422,No,No,789589968ed90e82a832dbc60e958c76b787be7e,No,No,default,Static,Static Function,dma_msi_ack(struct irq_desc *),xen/drivers/passthrough/vtd/iommu.c,0,6,0,1,6,0,6,1,3,0,0,0,3,1,3,3,0,0,3,1,1,1,1,0,0,0,0,0
422,No,No,789589968ed90e82a832dbc60e958c76b787be7e,No,No,default,Static,Static Function,"dma_msi_end(struct irq_desc *,u8)",xen/drivers/passthrough/vtd/iommu.c,0,5,0,1,5,0,5,1,2,0,0,0,2,1,2,2,0,0,2,1,1,1,1,0,0,0,0,0
422,No,No,789589968ed90e82a832dbc60e958c76b787be7e,No,No,default,Static,Static Function,dma_msi_mask(struct irq_desc *),xen/drivers/passthrough/vtd/iommu.c,1,12,1,6,14,1,12,4,7,1,0,0,7,1,9,9,3,0,6,1,1,1,1,0,0,0,0,0
422,No,No,789589968ed90e82a832dbc60e958c76b787be7e,No,No,default,Static,Static Function,"dma_msi_set_affinity(struct irq_desc *,const cpumask_t *)",xen/drivers/passthrough/vtd/iommu.c,3,25,4,12,32,3,25,5,18,4,0,0,13,5,18,21,4,0,17,4,4,4,1,1,0,1,0,0
422,No,No,789589968ed90e82a832dbc60e958c76b787be7e,No,No,default,Static,Static Function,dma_msi_startup(struct irq_desc *),xen/drivers/passthrough/vtd/iommu.c,0,5,0,1,5,0,5,1,2,0,0,0,2,1,2,2,0,0,2,1,1,1,1,0,0,0,0,0
422,No,No,789589968ed90e82a832dbc60e958c76b787be7e,No,No,default,Static,Static Function,dma_msi_unmask(struct irq_desc *),xen/drivers/passthrough/vtd/iommu.c,1,12,1,7,14,1,12,4,7,1,0,0,7,1,9,9,3,0,6,1,1,1,1,0,0,0,0,0
422,No,No,789589968ed90e82a832dbc60e958c76b787be7e,No,No,default,Static,Static Function,"dma_pte_clear_one(struct domain *,u64,unsigned int *)",xen/drivers/passthrough/vtd/iommu.c,7,29,1,7,37,7,29,8,20,1,0,0,8,3,20,22,4,0,18,4,4,4,3,2,2,1,2,0
422,No,No,789589968ed90e82a832dbc60e958c76b787be7e,No,No,default,Static,Static Function,"dmss_dispose(libxl__gc *,libxl__dm_spawn_state *)",tools/libxl/libxl_dm.c,0,4,0,6,4,0,4,1,1,0,0,0,1,1,1,1,0,0,1,1,1,1,1,0,0,0,0,0
422,No,No,789589968ed90e82a832dbc60e958c76b787be7e,No,No,default,Static,Static Function,dmss_init(libxl__dm_spawn_state *),tools/libxl/libxl_dm.c,0,4,0,5,4,0,4,1,1,0,0,0,1,1,1,1,0,0,1,1,1,1,1,0,0,0,0,0
422,No,No,789589968ed90e82a832dbc60e958c76b787be7e,No,No,default,none,Function,do_IRQ(struct cpu_user_regs *),xen/arch/x86/irq.c,13,98,10,23,120,13,98,9,73,10,0,0,36,384,52,65,8,0,57,16,16,20,6,9,7,5,7,0
422,No,No,789589968ed90e82a832dbc60e958c76b787be7e,No,No,default,none,Function,"do_IRQ(struct cpu_user_regs *,unsigned int,int)",xen/arch/arm/irq.c,21,54,10,11,84,21,52,4,39,10,0,2,19,64,32,38,3,0,35,10,10,11,4,5,4,2,4,0
422,No,No,789589968ed90e82a832dbc60e958c76b787be7e,No,No,default,Static,Static Function,do_adj_thresh(unsigned char),xen/drivers/char/console.c,0,8,0,3,8,0,8,1,5,0,0,0,2,2,2,3,0,0,3,2,2,2,1,0,0,1,0,0
422,No,No,789589968ed90e82a832dbc60e958c76b787be7e,No,No,default,Static,Static Function,do_amd_iommu_irq(unsigned long),xen/drivers/passthrough/amd/iommu_init.c,3,14,5,2,22,3,14,2,7,5,0,0,5,3,5,7,1,0,6,3,3,3,1,1,0,1,0,0
422,No,No,789589968ed90e82a832dbc60e958c76b787be7e,No,No,default,none,Function,"do_argo_op(unsigned int,__guest_handle_void,__guest_handle_void,unsigned long,unsigned long)",xen/common/argo.c,25,101,10,9,136,25,101,25,67,10,0,0,13,20,58,73,17,0,56,17,14,23,15,38,38,2,38,0
422,No,No,789589968ed90e82a832dbc60e958c76b787be7e,No,No,default,none,Function,"do_arm_vcpu_op(int,unsigned int,__guest_handle_void)",xen/arch/arm/domain.c,0,11,0,3,11,0,11,1,6,0,0,0,2,2,2,5,0,0,5,3,2,3,1,1,0,1,0,0
422,No,No,789589968ed90e82a832dbc60e958c76b787be7e,No,No,default,Static,Static Function,"do_boot_cpu(int,int)",xen/arch/x86/smpboot.c,17,58,14,6,89,17,58,3,42,14,0,0,20,104,37,46,2,0,44,12,12,13,4,5,3,3,2,0
422,No,No,789589968ed90e82a832dbc60e958c76b787be7e,No,No,default,none,Function,"do_bug_frame(const struct cpu_user_regs *,vaddr_t)",xen/arch/arm/traps.c,10,64,2,5,76,10,64,8,44,2,0,0,12,120,35,49,7,0,42,14,12,14,12,16,16,4,16,0
422,No,No,789589968ed90e82a832dbc60e958c76b787be7e,No,No,default,none,Function,"do_console_io(int,int,__guest_handle_char)",xen/drivers/char/console.c,3,37,0,7,40,3,37,3,26,0,0,0,5,12,19,27,2,0,25,8,7,9,6,6,6,3,6,0
422,No,No,789589968ed90e82a832dbc60e958c76b787be7e,No,No,default,none,Function,"do_cp(struct cpu_user_regs *,const union hsr)",xen/arch/arm/vcpreg.c,2,12,1,6,14,2,12,2,7,1,0,0,5,2,6,7,1,0,6,2,2,2,1,1,0,1,0,0
422,No,No,789589968ed90e82a832dbc60e958c76b787be7e,No,No,default,none,Function,"do_cp14_32(struct cpu_user_regs *,const union hsr)",xen/arch/arm/vcpreg.c,11,50,69,14,130,11,50,4,40,69,0,0,9,9,20,35,3,0,32,16,5,16,9,31,27,2,27,1
422,No,No,789589968ed90e82a832dbc60e958c76b787be7e,No,No,default,none,Function,"do_cp14_64(struct cpu_user_regs *,const union hsr)",xen/arch/arm/vcpreg.c,2,16,19,11,37,2,16,2,11,19,0,0,4,2,6,7,1,0,6,3,3,3,1,1,0,1,0,1
422,No,No,789589968ed90e82a832dbc60e958c76b787be7e,No,No,default,none,Function,"do_cp14_dbg(struct cpu_user_regs *,const union hsr)",xen/arch/arm/vcpreg.c,3,16,12,11,31,3,16,2,11,12,0,0,4,2,6,7,1,0,6,3,3,3,1,1,0,1,0,0
422,No,No,789589968ed90e82a832dbc60e958c76b787be7e,No,No,default,none,Function,"do_cp15_32(struct cpu_user_regs *,const union hsr)",xen/arch/arm/vcpreg.c,7,79,86,14,172,7,79,21,72,86,0,0,13,30,89,134,20,0,114,46,9,46,28,429,429,2,429,1
422,No,No,789589968ed90e82a832dbc60e958c76b787be7e,No,No,default,none,Function,"do_cp15_64(struct cpu_user_regs *,const union hsr)",xen/arch/arm/vcpreg.c,5,36,28,11,69,5,36,4,27,28,0,0,9,8,20,30,3,0,27,11,6,11,8,25,25,2,25,0
422,No,No,789589968ed90e82a832dbc60e958c76b787be7e,No,No,default,none,Function,do_debug(struct cpu_user_regs *),xen/arch/x86/traps.c,13,57,54,2,121,13,48,4,31,53,8,2,12,27,20,28,4,0,24,9,9,11,6,4,4,4,4,1
422,No,No,789589968ed90e82a832dbc60e958c76b787be7e,No,No,default,Static,Static Function,"do_debug_trap(struct cpu_user_regs *,unsigned int)",xen/arch/arm/traps.c,1,26,0,6,27,1,26,3,20,0,0,0,4,5,14,19,2,0,17,5,2,5,1,10,0,1,0,0
422,No,No,789589968ed90e82a832dbc60e958c76b787be7e,No,No,default,Static,Static Function,"do_dec_thresh(unsigned char,struct cpu_user_regs *)",xen/drivers/char/console.c,0,6,0,1,6,0,6,1,3,0,0,0,1,2,2,3,0,0,3,2,2,2,1,0,0,1,0,0
422,No,No,789589968ed90e82a832dbc60e958c76b787be7e,No,No,default,Static,Static Function,do_deprecated_hypercall(),xen/arch/arm/traps.c,1,14,0,1,15,1,9,7,9,0,3,2,3,1,4,4,2,0,2,1,1,1,1,0,0,0,0,0
422,No,No,789589968ed90e82a832dbc60e958c76b787be7e,No,No,default,none,Function,do_device_not_available(struct cpu_user_regs *),xen/arch/x86/traps.c,4,28,4,1,36,3,14,2,8,4,10,5,6,3,8,10,2,0,8,4,4,4,1,1,0,3,0,0
422,No,No,789589968ed90e82a832dbc60e958c76b787be7e,No,No,default,Static,Static Function,"do_domain_create(libxl_ctx *,libxl_domain_config *,uint32_t *,int,int,const libxl_domain_restore_params *,const libxl_asyncop_how *,const libxl_asyncprogress_how *)",tools/libxl/libxl_create.c,7,42,0,23,49,7,42,10,30,0,0,0,36,7,53,58,8,2,48,9,9,9,4,6,3,2,3,0
422,No,No,789589968ed90e82a832dbc60e958c76b787be7e,No,No,default,Static,Static Function,"do_domain_pause(struct domain *,void (*) ())",xen/common/domain.c,3,9,0,6,12,3,9,3,4,0,0,0,2,2,6,7,1,0,6,3,3,3,1,0,0,1,0,0
422,No,No,789589968ed90e82a832dbc60e958c76b787be7e,No,No,default,Static,Static Function,"do_domain_soft_reset(libxl_ctx *,libxl_domain_config *,uint32_t,const libxl_asyncop_how *,const libxl_asyncprogress_how *)",tools/libxl/libxl_create.c,11,80,1,19,91,11,80,18,57,1,0,0,46,33,80,87,15,2,70,13,13,13,7,12,11,2,11,0
422,No,No,789589968ed90e82a832dbc60e958c76b787be7e,No,No,default,none,Function,"do_event_channel_op(int,__guest_handle_void)",xen/common/event_channel.c,20,130,5,9,150,20,130,17,95,5,0,0,20,38,72,110,16,0,94,38,25,45,30,330,330,2,330,0
422,No,No,789589968ed90e82a832dbc60e958c76b787be7e,No,No,default,none,Function,do_general_protection(struct cpu_user_regs *),xen/arch/x86/traps.c,11,53,24,3,88,8,24,2,15,0,52,4,9,13,11,16,2,0,14,6,6,6,5,6,5,1,5,0
422,No,No,789589968ed90e82a832dbc60e958c76b787be7e,No,No,default,none,Function,"do_grant_table_op(unsigned int,__guest_handle_void,unsigned int)",xen/common/grant_table.c,24,148,0,4,172,24,148,19,109,0,0,0,19,182,71,105,9,0,96,38,27,40,22,171,171,3,171,0
422,No,No,789589968ed90e82a832dbc60e958c76b787be7e,No,No,default,Static,Static Function,do_idle(),xen/arch/arm/domain.c,3,14,1,1,18,3,14,2,9,1,0,0,12,2,8,9,1,0,8,2,2,5,1,0,0,1,0,0
422,No,No,789589968ed90e82a832dbc60e958c76b787be7e,No,No,default,Static,Static Function,"do_inc_thresh(unsigned char,struct cpu_user_regs *)",xen/drivers/char/console.c,0,5,0,1,5,0,5,1,2,0,0,0,1,1,2,2,0,0,2,1,1,1,1,0,0,0,0,0
422,No,No,789589968ed90e82a832dbc60e958c76b787be7e,No,No,default,none,Function,do_int3(struct cpu_user_regs *),xen/arch/x86/traps.c,5,22,0,2,27,5,22,2,14,0,0,0,9,5,9,13,1,0,12,5,5,5,4,4,4,2,4,0
422,No,No,789589968ed90e82a832dbc60e958c76b787be7e,No,No,default,none,Function,do_invalid_op(struct cpu_user_regs *),xen/arch/x86/traps.c,19,96,2,5,117,19,96,10,68,2,0,0,24,2023,51,72,9,0,63,21,19,25,18,33,33,4,33,0
422,No,No,789589968ed90e82a832dbc60e958c76b787be7e,No,No,default,Static,Static Function,do_iommu_page_fault(unsigned long),xen/drivers/passthrough/vtd/iommu.c,2,11,6,3,19,2,11,2,5,6,0,0,4,3,5,7,1,0,6,4,4,4,1,1,0,3,0,0
422,No,No,789589968ed90e82a832dbc60e958c76b787be7e,No,No,default,none,Function,"do_memory_op(unsigned long,__guest_handle_void)",xen/common/memory.c,105,336,27,40,467,99,306,17,253,20,37,6,51,101,169,242,16,0,226,74,58,82,57,527,520,4,520,0
422,No,No,789589968ed90e82a832dbc60e958c76b787be7e,No,No,default,none,Function,do_nmi(const struct cpu_user_regs *),xen/arch/x86/traps.c,5,23,8,1,36,5,23,4,18,8,0,0,8,37,10,17,3,0,14,8,8,11,1,1,0,2,0,0
422,No,No,789589968ed90e82a832dbc60e958c76b787be7e,No,No,default,none,Function,do_page_fault(struct cpu_user_regs *),xen/arch/x86/traps.c,14,58,1,6,73,14,58,4,42,1,0,0,22,34,30,42,3,0,39,16,16,18,9,10,10,3,10,0
422,No,No,789589968ed90e82a832dbc60e958c76b787be7e,No,No,default,none,Function,"do_page_walk(struct vcpu *,unsigned long)",xen/arch/x86/x86_64/mm.c,6,45,0,6,51,6,45,6,33,0,0,0,21,13,30,37,5,0,32,8,8,12,8,10,10,1,10,0
422,No,No,789589968ed90e82a832dbc60e958c76b787be7e,No,No,default,Static,Static Function,do_poll(struct sched_poll *),xen/common/schedule.c,15,51,8,13,73,15,49,6,41,8,0,2,14,146,33,43,5,0,38,11,11,13,9,18,18,2,18,0
422,No,No,789589968ed90e82a832dbc60e958c76b787be7e,No,No,default,Static,Static Function,"do_recalc(struct p2m_domain *,unsigned long)",xen/arch/x86/mm/p2m-pt.c,15,104,0,8,119,15,104,17,76,0,0,0,26,1275,51,66,15,0,51,17,17,23,6,12,11,4,10,0
422,No,No,789589968ed90e82a832dbc60e958c76b787be7e,No,No,default,Static,Static Function,do_replenish(struct csched2_dom *),xen/common/sched_credit2.c,0,5,0,4,5,0,5,1,2,0,0,0,4,1,2,2,0,0,2,1,1,1,1,0,0,0,0,0
422,No,No,789589968ed90e82a832dbc60e958c76b787be7e,No,No,default,Static,Static Function,do_reserved_trap(struct cpu_user_regs *),xen/arch/x86/traps.c,2,8,0,2,10,2,8,2,5,0,0,0,4,2,4,5,1,0,4,2,2,2,1,1,0,1,0,0
422,No,No,789589968ed90e82a832dbc60e958c76b787be7e,No,No,default,none,Function,"do_sched_op(int,__guest_handle_void)",xen/common/schedule.c,31,96,0,18,127,31,96,10,68,0,0,0,16,25,51,70,9,0,61,19,12,19,17,69,69,2,69,0
422,No,No,789589968ed90e82a832dbc60e958c76b787be7e,No,No,default,none,Function,"do_set_gdt(__guest_handle_xen_ulong_t,unsigned int)",xen/arch/x86/pv/descriptor-tables.c,6,17,1,4,24,6,17,6,11,1,0,0,7,4,10,13,4,0,9,4,4,4,3,2,2,1,2,0
422,No,No,789589968ed90e82a832dbc60e958c76b787be7e,No,No,default,none,Function,"do_set_segment_base(unsigned int,unsigned long)",xen/arch/x86/x86_64/mm.c,7,53,1,3,60,7,53,3,32,1,0,0,11,9,20,29,2,1,26,9,6,9,1,14,0,2,0,0
422,No,No,789589968ed90e82a832dbc60e958c76b787be7e,No,No,default,none,Function,do_set_timer_op(s_time_t),xen/common/schedule.c,2,22,12,2,35,2,22,3,13,12,0,0,9,3,8,10,2,0,8,3,3,5,1,2,0,1,0,0
422,No,No,789589968ed90e82a832dbc60e958c76b787be7e,No,No,default,none,Function,"do_stack_switch(unsigned long,unsigned long)",xen/arch/x86/x86_64/mm.c,0,7,0,2,7,0,7,1,2,0,0,0,2,1,4,4,2,0,2,1,1,1,1,0,0,0,0,0
422,No,No,789589968ed90e82a832dbc60e958c76b787be7e,No,No,default,none,Function,"do_sysreg(struct cpu_user_regs *,const union hsr)",xen/arch/arm/arm64/vsysreg.c,14,102,110,17,226,14,102,16,90,110,0,0,16,32,73,123,14,0,109,52,10,52,30,551,551,2,551,1
422,No,No,789589968ed90e82a832dbc60e958c76b787be7e,No,No,default,Static,Static Function,"do_toggle_guest(unsigned char,struct cpu_user_regs *)",xen/drivers/char/console.c,0,17,0,5,17,0,17,1,10,0,0,0,1,2,7,8,0,0,8,2,2,2,1,1,0,1,0,0
422,No,No,789589968ed90e82a832dbc60e958c76b787be7e,No,No,default,Static,Static Function,do_trap(struct cpu_user_regs *),xen/arch/x86/traps.c,7,32,0,4,39,7,32,3,23,0,0,0,15,18,15,21,2,0,19,9,9,9,6,8,8,2,8,0
422,No,No,789589968ed90e82a832dbc60e958c76b787be7e,No,No,default,none,Function,do_trap_fiq(struct cpu_user_regs *),xen/arch/arm/traps.c,0,5,0,1,5,0,5,1,2,0,0,0,2,1,2,2,0,0,2,1,1,1,1,0,0,0,0,0
422,No,No,789589968ed90e82a832dbc60e958c76b787be7e,No,No,default,none,Function,do_trap_guest_serror(struct cpu_user_regs *),xen/arch/arm/traps.c,1,5,0,1,6,1,5,1,2,0,0,0,2,1,2,2,0,0,2,1,1,1,1,0,0,0,0,0
422,No,No,789589968ed90e82a832dbc60e958c76b787be7e,No,No,default,none,Function,do_trap_guest_sync(struct cpu_user_regs *),xen/arch/arm/traps.c,5,110,19,8,134,5,85,3,74,14,26,6,23,16,55,71,2,0,69,16,6,16,15,103,102,2,102,0
422,No,No,789589968ed90e82a832dbc60e958c76b787be7e,No,No,default,none,Function,do_trap_hvc_smccc(struct cpu_user_regs *),xen/arch/arm/vsmc.c,1,6,6,3,13,1,6,2,3,6,0,0,2,2,2,3,1,0,2,2,2,2,1,0,0,1,0,1
422,No,No,789589968ed90e82a832dbc60e958c76b787be7e,No,No,default,none,Function,do_trap_hyp_serror(struct cpu_user_regs *),xen/arch/arm/traps.c,1,5,0,1,6,1,5,1,2,0,0,0,3,1,2,2,0,0,2,1,1,1,1,0,0,0,0,0
422,No,No,789589968ed90e82a832dbc60e958c76b787be7e,No,No,default,none,Function,do_trap_hyp_sync(struct cpu_user_regs *),xen/arch/arm/traps.c,5,30,4,9,39,5,25,4,18,4,3,2,5,3,11,15,3,0,12,5,4,6,1,2,0,2,0,0
422,No,No,789589968ed90e82a832dbc60e958c76b787be7e,No,No,default,Static,Static Function,"do_trap_hypercall(struct cpu_user_regs *,register_t *,const union hsr)",xen/arch/arm/traps.c,8,43,4,14,53,8,41,4,28,4,0,2,15,17,22,33,2,0,31,11,7,11,10,4,4,2,4,0
422,No,No,789589968ed90e82a832dbc60e958c76b787be7e,No,No,default,none,Function,do_trap_irq(struct cpu_user_regs *),xen/arch/arm/traps.c,0,5,0,1,5,0,5,1,2,0,0,0,2,1,2,2,0,0,2,1,1,1,1,0,0,0,0,0
422,No,No,789589968ed90e82a832dbc60e958c76b787be7e,No,No,default,none,Function,"do_trap_smc(struct cpu_user_regs *,const union hsr)",xen/arch/arm/vsmc.c,4,17,8,7,29,4,17,2,12,8,0,0,5,7,7,11,1,0,10,5,5,5,3,3,2,1,2,0
422,No,No,789589968ed90e82a832dbc60e958c76b787be7e,No,No,default,Static,Static Function,"do_trap_stage2_abort_guest(struct cpu_user_regs *,const union hsr)",xen/arch/arm/traps.c,11,69,35,12,114,11,69,16,51,35,0,0,15,63,27,42,8,0,34,15,12,18,12,24,23,3,23,0
422,No,No,789589968ed90e82a832dbc60e958c76b787be7e,No,No,default,none,Function,"do_unexpected_trap(const char *,const struct cpu_user_regs *)",xen/arch/arm/traps.c,0,6,0,4,6,0,6,1,3,0,0,0,4,1,3,3,0,0,3,1,1,1,1,0,0,0,0,0
422,No,No,789589968ed90e82a832dbc60e958c76b787be7e,No,No,default,none,Function,"do_update_descriptor(uint64_t,seg_desc_t)",xen/arch/x86/pv/descriptor-tables.c,10,35,4,8,48,10,35,7,26,4,0,0,15,6,22,28,6,0,22,6,6,7,6,7,7,2,7,0
422,No,No,789589968ed90e82a832dbc60e958c76b787be7e,No,No,default,none,Function,"do_vcpu_op(int,unsigned int,__guest_handle_void)",xen/common/domain.c,45,151,1,24,196,43,133,11,101,1,14,6,27,45,72,105,10,0,95,34,24,37,27,191,190,3,189,0
422,No,No,789589968ed90e82a832dbc60e958c76b787be7e,No,No,default,Static,Static Function,do_write_psr_msrs(void *),xen/arch/x86/psr.c,4,25,4,10,33,4,25,8,15,4,0,0,7,7,15,19,6,0,13,5,5,6,3,1,1,3,1,0
422,No,No,789589968ed90e82a832dbc60e958c76b787be7e,No,No,default,none,Function,"do_xen_version(int,__guest_handle_void)",xen/common/kernel.c,35,153,1,13,189,35,135,18,98,1,14,4,26,55,65,103,15,0,88,46,36,46,31,158,158,3,158,0
422,No,No,789589968ed90e82a832dbc60e958c76b787be7e,No,No,default,none,Function,"do_xenpmu_op(unsigned int,__guest_handle_xen_pmu_params_t)",xen/arch/x86/cpu/vpmu.c,27,111,6,18,144,27,111,6,92,6,0,0,27,44,55,84,5,0,79,28,18,33,18,81,78,2,78,0
422,No,No,789589968ed90e82a832dbc60e958c76b787be7e,No,No,default,Static,Static Function,"do_xs_write(struct xs_handle *,char *,char *)",tools/helpers/init-xenstore-domain.c,0,5,0,5,5,0,5,1,2,0,0,0,3,2,1,2,0,0,2,2,2,2,1,0,0,1,0,0
422,No,No,789589968ed90e82a832dbc60e958c76b787be7e,No,No,default,Static,Static Function,"do_xs_write_dom(struct xs_handle *,char *,char *)",tools/helpers/init-xenstore-domain.c,1,6,0,4,7,1,6,2,2,0,0,0,2,1,3,3,1,0,2,1,1,1,1,0,0,0,0,0
422,No,No,789589968ed90e82a832dbc60e958c76b787be7e,No,No,default,Static,Static Function,"dom_op(XcObject *,PyObject *,int (*) ())",tools/python/xen/lowlevel/xc/xc.c,3,11,0,7,14,3,11,3,6,0,0,0,4,3,5,7,1,0,6,3,3,3,3,2,2,1,2,0
422,No,No,789589968ed90e82a832dbc60e958c76b787be7e,No,No,default,Static,Static Function,dom_scheduler(const struct domain *),xen/common/schedule.c,1,7,9,10,17,1,7,1,4,9,0,0,4,3,4,6,0,0,6,4,4,4,1,1,0,2,0,1
422,No,No,789589968ed90e82a832dbc60e958c76b787be7e,No,No,default,none,Function,"domain_adjust_tot_pages(struct domain *,long)",xen/common/page_alloc.c,4,21,7,14,32,4,21,2,16,7,0,0,10,16,19,23,1,0,22,9,9,9,1,1,0,2,0,0
422,No,No,789589968ed90e82a832dbc60e958c76b787be7e,No,No,default,none,Function,"domain_clamp_alloc_bitsize(struct domain *,unsigned int)",xen/arch/x86/x86_64/mm.c,0,6,0,7,6,0,6,1,3,0,0,0,2,2,2,3,0,0,3,2,2,3,1,1,0,1,0,0
422,No,No,789589968ed90e82a832dbc60e958c76b787be7e,No,No,default,Static,Static Function,"domain_construct_memmap(libxl__gc *,libxl_domain_config *,uint32_t,struct xc_dom_image *)",tools/libxl/libxl_x86.c,15,71,8,19,94,15,71,13,57,8,0,0,12,5184,48,62,7,0,55,17,17,17,5,3,3,2,3,0
422,No,No,789589968ed90e82a832dbc60e958c76b787be7e,No,No,default,Static,Static Function,"domain_context_mapping(struct domain *,u8,struct pci_dev *)",xen/drivers/passthrough/vtd/iommu.c,15,63,5,13,83,15,63,5,56,5,0,0,13,51,26,43,3,0,40,17,12,23,9,20,20,2,20,0
422,No,No,789589968ed90e82a832dbc60e958c76b787be7e,No,No,default,none,Function,"domain_context_mapping_one(struct domain *,struct iommu *,u8,u8,const struct pci_dev *)",xen/drivers/passthrough/vtd/iommu.c,18,122,12,25,152,18,122,15,86,12,0,0,21,227,72,88,9,0,79,25,25,29,8,15,13,3,12,0
422,No,No,789589968ed90e82a832dbc60e958c76b787be7e,No,No,default,Static,Static Function,"domain_context_unmap(struct domain *,u8,struct pci_dev *)",xen/drivers/passthrough/vtd/iommu.c,18,90,6,19,113,18,90,8,71,6,0,0,13,299,42,63,6,0,57,21,16,26,15,35,35,3,35,0
422,No,No,789589968ed90e82a832dbc60e958c76b787be7e,No,No,default,none,Function,"domain_context_unmap_one(struct domain *,struct iommu *,u8,u8)",xen/drivers/passthrough/vtd/iommu.c,11,47,7,10,65,11,47,10,33,7,0,0,17,18,32,38,4,0,34,9,9,11,3,2,2,1,2,0
422,No,No,789589968ed90e82a832dbc60e958c76b787be7e,No,No,default,none,Function,"domain_create(domid_t,struct xen_domctl_createdomain *,bool)",xen/common/domain.c,46,145,17,38,205,46,145,7,123,17,0,0,65,664058,94,126,3,0,123,39,39,45,20,42,42,3,41,0
422,No,No,789589968ed90e82a832dbc60e958c76b787be7e,No,No,default,Static,Static Function,"domain_create_cb(libxl__egc *,libxl__domain_create_state *,int,uint32_t)",tools/libxl/libxl_create.c,3,15,4,8,22,3,15,6,8,4,0,0,5,3,8,10,4,0,6,3,3,4,1,0,0,2,0,0
422,No,No,789589968ed90e82a832dbc60e958c76b787be7e,No,No,default,Static,Static Function,"domain_death_occurred(libxl__egc *,libxl_evgen_domain_death **,const char *)",tools/libxl/libxl_domain.c,5,14,3,9,22,5,14,7,10,3,0,0,9,1,10,10,4,0,6,1,1,1,1,0,0,0,0,0
422,No,No,789589968ed90e82a832dbc60e958c76b787be7e,No,No,default,Static,Static Function,"domain_death_xswatch_callback(libxl__egc *,libxl__ev_xswatch *,const char *,const char *)",tools/libxl/libxl_domain.c,21,76,3,9,99,21,76,10,58,3,0,0,18,2057,46,59,7,8,44,17,17,18,11,25,25,3,23,0
422,No,No,789589968ed90e82a832dbc60e958c76b787be7e,No,No,default,none,Function,domain_destroy(struct domain *),xen/common/domain.c,5,19,3,32,27,5,19,2,15,3,0,0,8,10,14,18,1,0,17,6,6,6,1,1,0,2,0,0
422,No,No,789589968ed90e82a832dbc60e958c76b787be7e,No,No,default,Static,Static Function,"domain_destroy_callback(libxl__egc *,libxl__destroy_domid_state *,int)",tools/libxl/libxl_domain.c,2,13,0,5,15,2,13,5,7,0,0,0,7,2,7,8,3,0,5,2,2,2,1,0,0,1,0,0
422,No,No,789589968ed90e82a832dbc60e958c76b787be7e,No,No,default,Static,Static Function,"domain_destroy_cb(libxl__egc *,libxl__domain_destroy_state *,int)",tools/libxl/libxl_domain.c,2,8,0,5,10,2,8,3,4,0,0,0,4,2,4,5,2,0,3,2,2,2,1,0,0,1,0,0
422,No,No,789589968ed90e82a832dbc60e958c76b787be7e,No,No,default,Static,Static Function,"domain_destroy_domid_cb(libxl__egc *,libxl__ev_child *,pid_t,int)",tools/libxl/libxl_domain.c,2,22,0,6,24,2,22,6,13,0,0,0,8,3,10,12,4,0,8,3,3,4,1,2,0,2,0,0
422,No,No,789589968ed90e82a832dbc60e958c76b787be7e,No,No,default,Static,Static Function,domain_dump_evtchn_info(struct domain *),xen/common/event_channel.c,8,52,0,19,60,8,52,5,40,0,0,0,11,41,28,37,4,0,33,9,6,9,4,9,5,2,2,0
422,No,No,789589968ed90e82a832dbc60e958c76b787be7e,No,No,default,none,Function,domain_get_maximum_gpfn(struct domain *),xen/arch/x86/mm.c,0,6,1,2,7,0,6,1,3,1,0,0,4,2,2,3,0,0,3,3,3,3,1,1,0,1,0,0
422,No,No,789589968ed90e82a832dbc60e958c76b787be7e,No,No,default,none,Function,domain_get_maximum_gpfn(struct domain *),xen/arch/arm/mm.c,0,4,0,4,4,0,4,1,1,0,0,0,2,1,1,1,0,0,1,1,1,1,1,0,0,0,0,0
422,No,No,789589968ed90e82a832dbc60e958c76b787be7e,No,No,default,Static,Static Function,"domain_has_evtchn(struct domain *,struct evtchn *,u32)",xen/xsm/flask/hooks.c,1,6,0,5,7,1,6,3,3,0,0,0,4,1,3,3,2,0,1,1,1,1,1,0,0,0,0,0
422,No,No,789589968ed90e82a832dbc60e958c76b787be7e,No,No,default,Static,Static Function,"domain_has_node_access(struct domain *,uint32_t)",xen/arch/arm/platforms/xilinx-zynqmp-eemi.c,0,4,0,3,4,0,4,1,1,0,0,0,1,1,1,1,0,0,1,1,1,1,1,0,0,0,0,0
422,No,No,789589968ed90e82a832dbc60e958c76b787be7e,No,No,default,Static,Static Function,"domain_has_perm(const struct domain *,const struct domain *,u16,u32)",xen/xsm/flask/hooks.c,2,13,0,19,15,2,13,6,6,0,0,0,8,1,10,10,2,1,7,1,1,1,1,0,0,0,0,0
422,No,No,789589968ed90e82a832dbc60e958c76b787be7e,No,No,default,Static,Static Function,"domain_has_reset_access(struct domain *,uint32_t)",xen/arch/arm/platforms/xilinx-zynqmp-eemi.c,0,4,0,3,4,0,4,1,1,0,0,0,1,1,1,1,0,0,1,1,1,1,1,0,0,0,0,0
422,No,No,789589968ed90e82a832dbc60e958c76b787be7e,No,No,default,Static,Static Function,"domain_has_xen(struct domain *,u32)",xen/xsm/flask/hooks.c,1,5,0,10,6,1,5,2,2,0,0,0,3,1,2,2,1,0,1,1,1,1,1,0,0,0,0,0
422,No,No,789589968ed90e82a832dbc60e958c76b787be7e,No,No,default,Static,Static Function,"domain_iommu_domid(struct domain *,struct iommu *)",xen/drivers/passthrough/vtd/iommu.c,3,17,0,11,20,3,17,3,10,0,0,0,4,3,7,9,1,0,8,3,3,3,3,3,3,2,3,0
422,No,No,789589968ed90e82a832dbc60e958c76b787be7e,No,No,default,none,Function,domain_kill(struct domain *),xen/common/domain.c,3,39,10,9,52,3,39,3,33,10,0,0,20,30,27,37,2,0,35,11,9,11,8,11,11,2,11,0
422,No,No,789589968ed90e82a832dbc60e958c76b787be7e,No,No,default,none,Function,domain_pause(struct domain *),xen/common/domain.c,0,5,0,15,5,0,5,1,2,0,0,0,3,2,3,4,0,0,4,3,3,3,1,0,0,2,0,0
422,No,No,789589968ed90e82a832dbc60e958c76b787be7e,No,No,default,Static,Static Function,domain_pause_by_systemcontroller(struct domain *),xen/include/xen/sched.h,0,4,0,1,4,0,4,1,1,0,0,0,2,1,1,1,0,0,1,1,1,1,1,0,0,0,0,0
422,No,No,789589968ed90e82a832dbc60e958c76b787be7e,No,No,default,Static,Static Function,domain_pause_by_systemcontroller_nosync(struct domain *),xen/include/xen/sched.h,0,4,0,1,4,0,4,1,1,0,0,0,2,1,1,1,0,0,1,1,1,1,1,0,0,0,0,0
422,No,No,789589968ed90e82a832dbc60e958c76b787be7e,No,No,default,none,Function,domain_pause_except_self(struct domain *),xen/common/domain.c,2,16,1,5,19,2,16,2,11,1,0,0,6,5,8,12,1,0,11,6,6,6,3,3,3,3,3,0
422,No,No,789589968ed90e82a832dbc60e958c76b787be7e,No,No,default,none,Function,domain_pause_nosync(struct domain *),xen/common/domain.c,0,4,0,1,4,0,4,1,1,0,0,0,1,1,1,1,0,0,1,1,1,1,1,0,0,0,0,0
422,No,No,789589968ed90e82a832dbc60e958c76b787be7e,No,No,default,none,Function,domain_relinquish_resources(struct domain *),xen/arch/arm/domain.c,12,33,8,5,53,12,33,2,28,8,0,0,9,21,17,27,1,0,26,10,6,10,10,19,19,2,19,0
422,No,No,789589968ed90e82a832dbc60e958c76b787be7e,No,No,default,none,Function,domain_relinquish_resources(struct domain *),xen/arch/x86/domain.c,20,78,11,12,109,20,78,3,61,11,0,0,28,574,45,68,2,0,66,26,20,26,18,53,53,3,53,0
422,No,No,789589968ed90e82a832dbc60e958c76b787be7e,No,No,default,none,Function,domain_resume(struct domain *),xen/common/domain.c,6,16,4,6,26,6,16,2,10,4,0,0,10,3,11,13,1,0,12,4,4,4,1,0,0,2,0,0
422,No,No,789589968ed90e82a832dbc60e958c76b787be7e,No,No,default,Static,Static Function,domain_rings_remove_all(struct domain *),xen/common/argo.c,3,16,0,6,19,3,16,5,8,0,0,0,8,6,9,12,3,0,9,5,5,7,1,0,0,2,0,0
422,No,No,789589968ed90e82a832dbc60e958c76b787be7e,No,No,default,none,Function,domain_set_alloc_bitsize(struct domain *),xen/arch/x86/x86_64/mm.c,0,10,2,3,12,0,10,1,7,2,0,0,6,2,2,3,0,0,3,2,2,4,1,1,0,1,0,0
422,No,No,789589968ed90e82a832dbc60e958c76b787be7e,No,No,default,none,Function,"domain_set_node_affinity(struct domain *,const nodemask_t *)",xen/common/domain.c,6,17,5,3,28,6,17,1,11,5,0,0,9,3,9,11,0,0,11,3,3,3,1,2,0,1,0,0
422,No,No,789589968ed90e82a832dbc60e958c76b787be7e,No,No,default,none,Function,"domain_set_outstanding_pages(struct domain *,unsigned long)",xen/common/page_alloc.c,9,37,23,10,69,9,37,3,26,23,0,0,7,16,23,27,2,0,25,5,5,6,5,4,4,1,4,0
422,No,No,789589968ed90e82a832dbc60e958c76b787be7e,No,No,default,none,Function,"domain_set_time_offset(struct domain *,int64_t)",xen/arch/x86/time.c,0,7,0,2,7,0,7,1,4,0,0,0,5,2,3,4,0,0,4,2,2,2,1,0,0,1,0,0
422,No,No,789589968ed90e82a832dbc60e958c76b787be7e,No,No,default,none,Function,"domain_shutdown(struct domain *,u8)",xen/common/domain.c,12,34,1,13,46,12,30,2,22,1,2,2,13,20,19,25,1,0,24,8,8,8,5,4,4,2,4,0
422,No,No,789589968ed90e82a832dbc60e958c76b787be7e,No,No,default,Static,Static Function,domain_sid(const struct domain *),xen/xsm/flask/hooks.c,0,5,0,16,5,0,5,2,2,0,0,0,1,1,2,2,1,0,1,1,1,1,1,0,0,0,0,0
422,No,No,789589968ed90e82a832dbc60e958c76b787be7e,No,No,default,none,Function,domain_soft_reset(struct domain *),xen/common/domain.c,7,29,0,6,36,7,29,3,20,0,0,0,13,15,24,30,2,0,28,11,11,11,4,5,5,3,4,0
422,No,No,789589968ed90e82a832dbc60e958c76b787be7e,No,No,default,Static,Static Function,"domain_soft_reset_cb(libxl__egc *,libxl__domain_destroy_state *,int)",tools/libxl/libxl_create.c,5,34,0,12,39,5,34,7,23,0,0,0,11,12,19,23,5,0,18,5,5,5,5,7,7,2,7,0
422,No,No,789589968ed90e82a832dbc60e958c76b787be7e,No,No,default,none,Function,"domain_spin_lock_irq_desc(struct domain *,int,unsigned long *)",xen/arch/x86/irq.c,1,6,0,5,7,1,6,3,2,0,0,0,3,1,2,2,1,0,1,2,2,2,1,0,0,0,0,0
422,No,No,789589968ed90e82a832dbc60e958c76b787be7e,No,No,default,Static,Static Function,"domain_suspend_callback_common(libxl__egc *,libxl__domain_suspend_state *)",tools/libxl/libxl_dom_suspend.c,12,55,2,15,69,12,55,6,44,2,0,0,24,24,38,46,5,0,41,9,9,12,8,23,23,2,23,0
422,No,No,789589968ed90e82a832dbc60e958c76b787be7e,No,No,default,Static,Static Function,"domain_suspend_callback_common_done(libxl__egc *,libxl__domain_suspend_state *,int)",tools/libxl/libxl_dom_suspend.c,0,7,0,5,7,0,7,3,3,0,0,0,3,1,3,3,1,0,2,1,1,1,1,0,0,0,0,0
422,No,No,789589968ed90e82a832dbc60e958c76b787be7e,No,No,default,Static,Static Function,"domain_suspend_cb(libxl__egc *,libxl__domain_save_state *,int)",tools/libxl/libxl_domain.c,3,9,1,6,13,3,9,4,4,1,0,0,3,2,6,7,3,0,4,2,2,3,1,0,0,1,0,0
422,No,No,789589968ed90e82a832dbc60e958c76b787be7e,No,No,default,Static,Static Function,"domain_suspend_common_done(libxl__egc *,libxl__domain_suspend_state *,int)",tools/libxl/libxl_dom_suspend.c,0,12,0,15,12,0,12,4,7,0,0,0,8,2,9,10,1,1,8,3,3,3,1,1,0,1,0,0
422,No,No,789589968ed90e82a832dbc60e958c76b787be7e,No,No,default,Static,Static Function,"domain_suspend_common_guest_suspended(libxl__egc *,libxl__domain_suspend_state *)",tools/libxl/libxl_dom_suspend.c,2,14,1,8,16,2,14,3,9,1,0,0,8,2,9,10,2,0,8,2,2,2,1,1,0,1,0,0
422,No,No,789589968ed90e82a832dbc60e958c76b787be7e,No,No,default,Static,Static Function,"domain_suspend_common_pvcontrol_suspending(libxl__egc *,libxl__xswait_state *,int,const char *)",tools/libxl/libxl_dom_suspend.c,10,41,12,8,63,10,41,5,33,12,0,0,16,135,31,42,4,4,34,13,13,14,11,36,36,3,35,0
422,No,No,789589968ed90e82a832dbc60e958c76b787be7e,No,No,default,Static,Static Function,"domain_suspend_common_wait_guest(libxl__egc *,libxl__domain_suspend_state *)",tools/libxl/libxl_dom_suspend.c,4,18,0,8,22,4,18,4,12,0,0,0,6,4,10,12,3,0,9,3,3,3,3,4,4,1,4,0
422,No,No,789589968ed90e82a832dbc60e958c76b787be7e,No,No,default,Static,Static Function,"domain_suspend_common_wait_guest_evtchn(libxl__egc *,libxl__ev_evtchn *)",tools/libxl/libxl_dom_suspend.c,0,8,4,4,12,0,8,4,4,4,0,0,4,1,5,5,3,0,2,1,1,1,1,0,0,0,0,0
422,No,No,789589968ed90e82a832dbc60e958c76b787be7e,No,No,default,Static,Static Function,"domain_suspend_empty_cb(libxl__egc *,libxl__domain_suspend_state *,int)",tools/libxl/libxl_domain.c,0,6,0,4,6,0,6,3,2,0,0,0,2,1,3,3,2,0,1,1,1,1,1,0,0,0,0,0
422,No,No,789589968ed90e82a832dbc60e958c76b787be7e,No,No,default,Static,Static Function,domain_suspend_pvcontrol_acked(const char *),tools/libxl/libxl_dom_suspend.c,0,4,1,2,5,0,4,1,2,1,0,0,2,2,2,3,0,0,3,2,2,2,1,1,0,1,0,0
422,No,No,789589968ed90e82a832dbc60e958c76b787be7e,No,No,default,Static,Static Function,"domain_target_sid(const struct domain *,const struct domain *)",xen/xsm/flask/hooks.c,0,11,0,10,11,0,11,4,7,0,0,0,1,3,5,7,2,0,5,3,3,3,3,2,2,1,2,0
422,No,No,789589968ed90e82a832dbc60e958c76b787be7e,No,No,default,none,Function,domain_unpause(struct domain *),xen/common/domain.c,2,8,0,17,10,2,8,2,4,0,0,0,3,3,5,7,1,0,6,4,4,4,1,0,0,2,0,0
422,No,No,789589968ed90e82a832dbc60e958c76b787be7e,No,No,default,none,Function,domain_unpause_by_systemcontroller(struct domain *),xen/common/domain.c,6,19,11,5,36,6,19,2,13,11,0,0,6,3,10,12,1,0,11,4,4,5,3,2,2,2,2,0
422,No,No,789589968ed90e82a832dbc60e958c76b787be7e,No,No,default,none,Function,domain_unpause_except_self(struct domain *),xen/common/domain.c,1,12,0,4,13,1,12,2,7,0,0,0,3,4,5,8,1,0,7,5,5,5,1,1,0,3,0,0
422,No,No,789589968ed90e82a832dbc60e958c76b787be7e,No,No,default,none,Function,domain_update_node_affinity(struct domain *),xen/common/domain.c,9,39,19,13,67,9,39,6,25,19,0,0,14,8,25,31,5,0,26,10,10,11,4,3,3,3,3,0
422,No,No,789589968ed90e82a832dbc60e958c76b787be7e,No,No,default,Static,Static Function,"domain_vcpu(const struct domain *,unsigned int)",xen/include/xen/sched.h,1,6,0,4,7,1,6,3,2,0,0,0,4,1,8,8,2,0,6,2,2,2,1,0,0,0,0,0
422,No,No,789589968ed90e82a832dbc60e958c76b787be7e,No,No,default,Static,Static Function,"domain_watchdog(struct domain *,uint32_t,uint32_t)",xen/common/schedule.c,5,35,0,7,40,5,35,1,22,0,0,0,10,7,17,23,0,0,23,8,8,8,6,5,5,3,4,0
422,No,No,789589968ed90e82a832dbc60e958c76b787be7e,No,No,default,Static,Static Function,domain_watchdog_timeout(void *),xen/common/schedule.c,2,8,0,4,10,2,8,2,5,0,0,0,2,2,4,5,1,0,4,2,2,3,1,1,0,1,0,0
422,No,No,789589968ed90e82a832dbc60e958c76b787be7e,No,No,default,Static,Static Function,"domcreate_attach_devices(libxl__egc *,libxl__multidev *,int)",tools/libxl/libxl_create.c,7,34,1,12,42,7,34,8,24,1,0,0,15,6,24,28,6,1,21,6,6,7,4,8,4,2,4,0
422,No,No,789589968ed90e82a832dbc60e958c76b787be7e,No,No,default,Static,Static Function,"domcreate_bootloader_console_available(libxl__egc *,libxl__bootloader_state *)",tools/libxl/libxl_create.c,0,7,0,3,7,0,7,4,3,0,0,0,3,1,4,4,3,0,1,1,1,1,1,0,0,0,0,0
422,No,No,789589968ed90e82a832dbc60e958c76b787be7e,No,No,default,Static,Static Function,"domcreate_bootloader_done(libxl__egc *,libxl__bootloader_state *,int)",tools/libxl/libxl_create.c,11,67,18,23,96,11,67,14,56,18,0,0,34,22,46,55,11,0,44,9,7,11,9,9,9,2,9,0
422,No,No,789589968ed90e82a832dbc60e958c76b787be7e,No,No,default,Static,Static Function,"domcreate_complete(libxl__egc *,libxl__domain_create_state *,int)",tools/libxl/libxl_create.c,7,38,3,18,48,7,38,10,28,3,0,0,17,24,22,28,7,0,21,7,7,9,3,3,2,3,2,0
422,No,No,789589968ed90e82a832dbc60e958c76b787be7e,No,No,default,Static,Static Function,"domcreate_console_available(libxl__egc *,libxl__domain_create_state *)",tools/libxl/libxl_create.c,0,7,0,8,7,0,7,2,4,0,0,0,2,1,1,1,0,0,1,1,1,1,1,0,0,0,0,0
422,No,No,789589968ed90e82a832dbc60e958c76b787be7e,No,No,default,Static,Static Function,"domcreate_destruction_cb(libxl__egc *,libxl__domain_destroy_state *,int)",tools/libxl/libxl_create.c,2,10,0,6,12,2,10,5,5,0,0,0,5,2,5,6,3,0,3,2,2,2,1,0,0,1,0,0
422,No,No,789589968ed90e82a832dbc60e958c76b787be7e,No,No,default,Static,Static Function,"domcreate_devmodel_started(libxl__egc *,libxl__dm_spawn_state *,int)",tools/libxl/libxl_create.c,5,25,1,15,31,5,25,7,16,1,0,0,10,6,15,19,5,1,13,6,6,6,1,3,0,2,0,0
422,No,No,789589968ed90e82a832dbc60e958c76b787be7e,No,No,default,Static,Static Function,"domcreate_launch_dm(libxl__egc *,libxl__multidev *,int)",tools/libxl/libxl_create.c,26,148,8,42,181,26,148,18,116,8,0,0,31,58320,101,126,17,2,107,28,26,28,16,52,52,3,49,0
422,No,No,789589968ed90e82a832dbc60e958c76b787be7e,No,No,default,Static,Static Function,"domcreate_rebuild_done(libxl__egc *,libxl__domain_create_state *,int)",tools/libxl/libxl_create.c,6,22,1,10,29,6,22,6,15,1,0,0,13,2,17,19,4,1,14,4,4,4,1,3,0,1,0,0
422,No,No,789589968ed90e82a832dbc60e958c76b787be7e,No,No,default,Static,Static Function,"domcreate_stream_done(libxl__egc *,libxl__stream_read_state *,int)",tools/libxl/libxl_create.c,9,77,8,20,94,9,77,14,63,8,0,0,13,224,51,62,12,0,50,12,10,12,6,11,11,2,11,0
422,No,No,789589968ed90e82a832dbc60e958c76b787be7e,No,No,default,none,Function,"donate_page(struct domain *,struct page_info *,unsigned int)",xen/arch/x86/mm.c,8,32,0,10,40,8,32,3,25,0,0,0,13,40,15,21,1,0,20,7,7,8,6,9,9,2,9,0
422,No,No,789589968ed90e82a832dbc60e958c76b787be7e,No,No,default,none,Function,"donate_page(struct domain *,struct page_info *,unsigned int)",xen/arch/arm/mm.c,0,5,0,0,5,0,5,1,2,0,0,0,2,1,2,2,0,0,2,1,1,1,1,0,0,0,0,0
422,No,No,789589968ed90e82a832dbc60e958c76b787be7e,No,No,default,Static,Static Function,"double_evtchn_lock(struct evtchn *,struct evtchn *)",xen/common/event_channel.c,0,14,0,5,14,0,14,1,7,0,0,0,1,3,4,6,0,0,6,3,3,3,1,1,0,2,0,0
422,No,No,789589968ed90e82a832dbc60e958c76b787be7e,No,No,default,Static,Static Function,"double_evtchn_unlock(struct evtchn *,struct evtchn *)",xen/common/event_channel.c,0,6,0,5,6,0,6,1,3,0,0,0,1,2,2,3,0,0,3,2,2,2,1,0,0,1,0,0
422,No,No,789589968ed90e82a832dbc60e958c76b787be7e,No,No,default,Static,Static Function,"double_gt_lock(struct grant_table *,struct grant_table *)",xen/common/grant_table.c,0,15,4,4,19,0,15,2,7,4,0,0,2,3,4,6,0,0,6,3,3,3,1,1,0,2,0,0
422,No,No,789589968ed90e82a832dbc60e958c76b787be7e,No,No,default,Static,Static Function,"double_gt_unlock(struct grant_table *,struct grant_table *)",xen/common/grant_table.c,0,7,0,4,7,0,7,2,3,0,0,0,2,2,2,3,0,0,3,2,2,2,1,0,0,1,0,0
422,No,No,789589968ed90e82a832dbc60e958c76b787be7e,No,No,default,none,Function,"dt_for_each_child_node(,)",xen/arch/arm/domain_build.c,6,25,0,2,31,6,25,11,21,0,0,0,16,16,10,14,2,0,12,5,5,5,1,0,0,1,0,0
422,No,No,789589968ed90e82a832dbc60e958c76b787be7e,No,No,default,none,Function,"dt_for_each_child_node(,)",xen/arch/arm/domain_build.c,0,10,0,3,10,0,10,1,5,0,0,0,6,2,3,4,0,0,4,2,2,2,1,0,0,1,0,0
422,No,No,789589968ed90e82a832dbc60e958c76b787be7e,No,No,default,none,Function,"dt_for_each_property_node(,)",xen/arch/arm/domain_build.c,6,40,15,9,61,6,40,3,29,15,0,0,8,104,13,21,2,0,19,9,9,18,5,1,0,3,0,0
422,No,No,789589968ed90e82a832dbc60e958c76b787be7e,No,No,default,Static,Static Function,"dummy_nmi_callback(const struct cpu_user_regs *,int)",xen/arch/x86/traps.c,0,4,0,0,4,0,4,1,1,0,0,0,1,1,1,1,0,0,1,1,1,1,1,0,0,0,0,0
422,No,No,789589968ed90e82a832dbc60e958c76b787be7e,No,No,default,Static,Static Function,dump_console_ring_key(unsigned char),xen/drivers/char/console.c,5,30,2,4,37,5,30,4,20,2,0,0,7,4,20,23,3,0,20,4,4,4,1,1,0,2,0,0
422,No,No,789589968ed90e82a832dbc60e958c76b787be7e,No,No,default,Static,Static Function,dump_evtchn_info(unsigned char),xen/common/event_channel.c,4,9,0,4,13,4,9,2,5,0,0,0,5,2,7,8,1,0,7,2,2,2,1,0,0,1,0,0
422,No,No,789589968ed90e82a832dbc60e958c76b787be7e,No,No,default,Static,Static Function,dump_guest_os_id(const struct domain *),xen/arch/x86/hvm/viridian/viridian.c,2,11,0,14,13,2,11,2,7,0,0,0,1,1,3,3,1,0,2,1,1,1,1,0,0,0,0,0
422,No,No,789589968ed90e82a832dbc60e958c76b787be7e,No,No,default,none,Function,"dump_guest_s1_walk(struct domain *,vaddr_t)",xen/arch/arm/traps.c,8,48,0,3,56,8,48,6,34,0,0,0,10,34,27,34,5,0,29,8,8,9,6,5,5,1,5,0
422,No,No,789589968ed90e82a832dbc60e958c76b787be7e,No,No,default,Static,Static Function,dump_heap(unsigned char),xen/common/page_alloc.c,3,21,0,3,24,3,21,3,13,0,0,0,2,15,13,18,2,0,16,6,6,6,5,2,2,2,2,0
422,No,No,789589968ed90e82a832dbc60e958c76b787be7e,No,No,default,none,Function,dump_hyp_walk(vaddr_t),xen/arch/arm/mm.c,2,13,0,3,15,2,13,3,10,0,0,0,7,2,6,7,2,0,5,2,2,2,1,1,0,1,0,0
422,No,No,789589968ed90e82a832dbc60e958c76b787be7e,No,No,default,Static,Static Function,dump_hypercall(const struct domain *),xen/arch/x86/hvm/viridian/viridian.c,2,8,0,10,10,2,8,2,4,0,0,0,1,1,3,3,1,0,2,1,1,1,1,0,0,0,0,0
422,No,No,789589968ed90e82a832dbc60e958c76b787be7e,No,No,default,Static,Static Function,"dump_info(xc_interface *,bool)",tools/misc/xen-cpuid.c,6,32,0,10,38,6,32,2,24,0,0,0,6,12,21,25,1,0,24,6,6,6,1,0,0,2,0,0
422,No,No,789589968ed90e82a832dbc60e958c76b787be7e,No,No,default,Static,Static Function,dump_irqs(unsigned char),xen/arch/x86/irq.c,16,57,0,17,73,16,57,8,41,0,0,0,15,123,37,47,7,0,40,15,15,16,3,3,3,4,1,0
422,No,No,789589968ed90e82a832dbc60e958c76b787be7e,No,No,default,Static,Static Function,"dump_leaf(uint32_t,const char **)",tools/misc/xen-cpuid.c,2,17,0,3,19,2,17,2,9,0,0,0,1,5,7,11,1,0,10,5,5,5,1,2,0,3,0,0
422,No,No,789589968ed90e82a832dbc60e958c76b787be7e,No,No,default,Static,Static Function,dump_msi(unsigned char),xen/arch/x86/msi.c,10,63,0,12,73,10,63,9,46,0,0,0,7,97,36,48,8,0,40,18,15,18,4,8,5,3,2,0
422,No,No,789589968ed90e82a832dbc60e958c76b787be7e,No,No,default,none,Function,"dump_p2m_lookup(struct domain *,paddr_t)",xen/arch/arm/p2m.c,3,9,0,4,12,3,9,2,6,0,0,0,6,1,4,4,1,0,3,1,1,1,1,0,0,0,0,0
422,No,No,789589968ed90e82a832dbc60e958c76b787be7e,No,No,default,none,Function,dump_pageframe_info(struct domain *),xen/arch/arm/domain.c,1,3,0,0,4,1,3,1,0,0,0,0,0,1,0,0,0,0,0,1,1,1,1,0,0,0,0,0
422,No,No,789589968ed90e82a832dbc60e958c76b787be7e,No,No,default,none,Function,dump_pageframe_info(struct domain *),xen/arch/x86/domain.c,6,42,0,11,48,6,42,5,28,0,0,0,8,8,13,19,3,0,16,6,5,7,1,1,0,3,0,0
422,No,No,789589968ed90e82a832dbc60e958c76b787be7e,No,No,default,Static,Static Function,dump_pci_devices(unsigned char),xen/drivers/passthrough/pci.c,0,7,0,0,7,0,7,1,4,0,0,0,4,1,4,4,0,0,4,1,1,1,1,0,0,0,0,0
422,No,No,789589968ed90e82a832dbc60e958c76b787be7e,No,No,default,Static,Static Function,"dump_pcpu(const struct scheduler *,int)",xen/common/sched_credit2.c,2,16,1,6,19,2,16,4,9,1,0,0,9,2,6,7,2,0,5,2,2,3,1,0,0,1,0,0
422,No,No,789589968ed90e82a832dbc60e958c76b787be7e,No,No,default,none,Function,"dump_pt_walk(paddr_t,paddr_t,unsigned int,unsigned int)",xen/arch/arm/mm.c,9,46,6,10,61,9,43,13,30,6,1,2,11,11,22,27,5,1,21,6,6,8,6,7,7,2,7,0
422,No,No,789589968ed90e82a832dbc60e958c76b787be7e,No,No,default,Static,Static Function,dump_softtsc(unsigned char),xen/arch/x86/time.c,2,42,0,13,44,2,40,3,33,0,0,2,5,264,20,30,2,0,28,12,12,14,3,4,3,2,1,0
422,No,No,789589968ed90e82a832dbc60e958c76b787be7e,No,No,default,Static,Static Function,"e820_host_sanitize(libxl__gc *,libxl_domain_build_info *,struct e820entry [],uint32_t *)",tools/libxl/libxl_x86.c,3,15,0,12,18,3,15,5,8,0,0,0,5,2,6,7,1,0,6,2,2,2,1,1,0,1,0,0
422,No,No,789589968ed90e82a832dbc60e958c76b787be7e,No,No,default,Static,Static Function,e820_names(int),tools/libxl/libxl_x86.c,0,12,0,1,12,0,12,1,8,0,0,0,1,6,7,13,0,0,13,6,2,6,1,15,0,1,0,0
422,No,No,789589968ed90e82a832dbc60e958c76b787be7e,No,No,default,Static,Static Function,"e820_sanitize(libxl__gc *,struct e820entry [],uint32_t *,unsigned long,unsigned long)",tools/libxl/libxl_x86.c,22,124,45,10,191,22,124,11,101,45,0,0,9,997275,74,102,6,0,96,32,32,41,18,12,12,3,11,0
422,No,No,789589968ed90e82a832dbc60e958c76b787be7e,No,No,default,Static,Static Function,"ehci_dbgp_bios_handoff(struct ehci_dbgp *,u32)",xen/drivers/char/ehci-dbgp.c,6,29,4,6,39,6,29,4,18,4,0,0,4,9,15,19,3,0,16,5,5,7,1,1,0,1,0,0
422,No,No,789589968ed90e82a832dbc60e958c76b787be7e,No,No,default,Static,Static Function,ehci_dbgp_check_release(struct ehci_dbgp *),xen/drivers/char/ehci-dbgp.c,6,23,5,11,34,6,23,4,16,5,0,0,7,10,14,19,3,0,16,6,6,6,4,4,4,2,4,0
422,No,No,789589968ed90e82a832dbc60e958c76b787be7e,No,No,default,Static,Static Function,ehci_dbgp_controller_reset(struct ehci_dbgp *),xen/drivers/char/ehci-dbgp.c,3,18,1,5,22,3,18,3,12,1,0,0,5,2,11,12,2,0,10,3,3,4,1,1,0,1,0,0
422,No,No,789589968ed90e82a832dbc60e958c76b787be7e,No,No,default,Static,Static Function,ehci_dbgp_external_startup(struct ehci_dbgp *),xen/drivers/char/ehci-dbgp.c,10,111,11,14,132,10,111,9,83,11,0,0,18,149,65,79,8,0,71,15,15,16,14,22,22,2,22,0
422,No,No,789589968ed90e82a832dbc60e958c76b787be7e,No,No,default,Static,Static Function,ehci_dbgp_flush(struct serial_port *),xen/drivers/char/ehci-dbgp.c,5,23,0,11,28,5,23,3,15,0,0,0,6,11,10,15,2,0,13,6,6,9,4,4,3,2,3,0
422,No,No,789589968ed90e82a832dbc60e958c76b787be7e,No,No,default,Static,Static Function,"ehci_dbgp_getc(struct serial_port *,char *)",xen/drivers/char/ehci-dbgp.c,3,10,0,5,13,3,10,2,7,0,0,0,5,3,5,7,1,0,6,3,3,3,1,1,0,1,0,0
422,No,No,789589968ed90e82a832dbc60e958c76b787be7e,No,No,default,Static,Static Function,ehci_dbgp_poll(void *),xen/drivers/char/ehci-dbgp.c,0,9,0,1,9,0,5,1,2,0,1,3,3,1,2,2,0,0,2,1,1,1,1,0,0,0,0,0
422,No,No,789589968ed90e82a832dbc60e958c76b787be7e,No,No,default,Static,Static Function,"ehci_dbgp_putc(struct serial_port *,char)",xen/drivers/char/ehci-dbgp.c,3,9,0,5,12,3,9,2,6,0,0,0,5,3,4,6,1,0,5,3,3,3,1,1,0,1,0,0
422,No,No,789589968ed90e82a832dbc60e958c76b787be7e,No,No,default,Static,Static Function,ehci_dbgp_resume(struct serial_port *),xen/drivers/char/ehci-dbgp.c,3,12,0,9,15,3,12,2,9,0,0,0,4,2,6,7,1,0,6,2,2,2,1,1,0,1,0,0
422,No,No,789589968ed90e82a832dbc60e958c76b787be7e,No,No,default,Static,Static Function,ehci_dbgp_setup(struct ehci_dbgp *),xen/drivers/char/ehci-dbgp.c,14,63,3,10,80,14,63,5,43,3,0,0,11,23,37,47,4,0,43,11,11,12,10,25,25,2,25,0
422,No,No,789589968ed90e82a832dbc60e958c76b787be7e,No,No,default,Static,Static Function,ehci_dbgp_setup_postirq(struct ehci_dbgp *),xen/drivers/char/ehci-dbgp.c,0,4,0,3,4,0,4,1,1,0,0,0,3,1,1,1,0,0,1,1,1,1,1,0,0,0,0,0
422,No,No,789589968ed90e82a832dbc60e958c76b787be7e,No,No,default,Static,Static Function,ehci_dbgp_setup_preirq(struct ehci_dbgp *),xen/drivers/char/ehci-dbgp.c,1,8,0,2,9,1,8,1,5,0,0,0,5,2,4,5,0,0,5,2,2,2,1,1,0,1,0,0
422,No,No,789589968ed90e82a832dbc60e958c76b787be7e,No,No,default,Static,Static Function,ehci_dbgp_startup(struct ehci_dbgp *),xen/drivers/char/ehci-dbgp.c,6,30,4,8,40,6,30,3,23,4,0,0,6,4,22,24,2,0,22,4,4,4,3,3,2,2,2,0
422,No,No,789589968ed90e82a832dbc60e958c76b787be7e,No,No,default,Static,Static Function,"ehci_dbgp_status(struct ehci_dbgp *,const char *)",xen/drivers/char/ehci-dbgp.c,0,16,0,5,16,0,3,1,0,0,11,3,0,1,0,0,0,0,0,1,1,1,1,0,0,0,0,0
422,No,No,789589968ed90e82a832dbc60e958c76b787be7e,No,No,default,Static,Static Function,ehci_dbgp_suspend(struct serial_port *),xen/drivers/char/ehci-dbgp.c,4,11,0,7,15,4,11,2,8,0,0,0,6,2,6,7,1,0,6,2,2,2,1,1,0,1,0,0
422,No,No,789589968ed90e82a832dbc60e958c76b787be7e,No,No,default,Static,Static Function,ehci_dbgp_tx_ready(struct serial_port *),xen/drivers/char/ehci-dbgp.c,4,14,0,9,18,4,14,2,11,0,0,0,4,5,6,9,1,0,8,4,4,8,3,3,2,1,2,0
422,No,No,789589968ed90e82a832dbc60e958c76b787be7e,No,No,default,Static,Static Function,"ehci_reset_port(struct ehci_dbgp *,unsigned int)",xen/drivers/char/ehci-dbgp.c,8,35,5,5,48,8,35,3,27,5,0,0,6,24,21,27,2,0,25,8,8,10,6,5,5,2,5,0
422,No,No,789589968ed90e82a832dbc60e958c76b787be7e,No,No,default,Static,Static Function,"ehci_wait_for_port(struct ehci_dbgp *,unsigned int)",xen/drivers/char/ehci-dbgp.c,2,13,0,5,15,2,13,3,6,0,0,0,4,3,8,10,2,0,8,4,4,4,3,2,2,2,2,0
422,No,No,789589968ed90e82a832dbc60e958c76b787be7e,No,No,default,none,Function,emul_restore_fpu_state(),tools/tests/x86_emulator/x86-emulate.c,0,9,1,2,10,0,9,1,2,1,0,0,0,2,2,3,0,2,1,2,2,2,1,1,0,1,0,0
422,No,No,789589968ed90e82a832dbc60e958c76b787be7e,No,No,default,none,Function,emul_save_fpu_state(),tools/tests/x86_emulator/x86-emulate.c,0,9,0,2,9,0,9,1,2,0,0,0,0,2,2,3,0,2,1,2,2,2,1,1,0,1,0,0
422,No,No,789589968ed90e82a832dbc60e958c76b787be7e,No,No,default,none,Function,"emul_test_cpuid(uint32_t,uint32_t,struct cpuid_leaf *,struct x86_emulate_ctxt *)",tools/tests/x86_emulator/x86-emulate.c,4,20,12,4,36,4,20,5,8,12,0,0,3,8,6,9,0,1,8,4,4,5,1,0,0,1,0,0
422,No,No,789589968ed90e82a832dbc60e958c76b787be7e,No,No,default,none,Function,"emul_test_get_fpu(enum x86_emulate_fpu_type,struct x86_emulate_ctxt *)",tools/tests/x86_emulator/x86-emulate.c,0,26,0,8,26,0,26,3,19,0,0,0,2,32,7,18,0,0,18,11,6,13,10,24,24,2,24,0
422,No,No,789589968ed90e82a832dbc60e958c76b787be7e,No,No,default,none,Function,emul_test_init(),tools/tests/x86_emulator/x86-emulate.c,10,38,17,8,65,10,34,11,15,17,1,3,15,8,25,29,8,5,16,7,7,7,1,3,0,2,0,0
422,No,No,789589968ed90e82a832dbc60e958c76b787be7e,No,No,default,none,Function,"emul_test_put_fpu(struct x86_emulate_ctxt *,enum x86_emulate_fpu_type,const struct x86_emul_fpu_aux *)",tools/tests/x86_emulator/x86-emulate.c,0,6,1,0,7,0,6,4,0,1,0,0,0,1,0,0,0,0,0,1,1,1,1,0,0,0,0,0
422,No,No,789589968ed90e82a832dbc60e958c76b787be7e,No,No,default,none,Function,"emul_test_read_cr(unsigned int,unsigned long *,struct x86_emulate_ctxt *)",tools/tests/x86_emulator/x86-emulate.c,2,16,3,5,20,2,16,4,8,3,0,0,2,3,5,8,0,0,8,4,3,4,1,3,0,1,0,0
422,No,No,789589968ed90e82a832dbc60e958c76b787be7e,No,No,default,none,Function,"emul_test_read_xcr(unsigned int,uint64_t *,struct x86_emulate_ctxt *)",tools/tests/x86_emulator/x86-emulate.c,5,22,2,8,28,5,22,5,12,2,0,0,6,8,11,16,1,2,13,6,5,7,4,7,6,2,6,0
422,No,No,789589968ed90e82a832dbc60e958c76b787be7e,No,No,default,Static,Static Function,emulate_forced_invalid_op(struct cpu_user_regs *),xen/arch/x86/pv/emul-inv-op.c,10,39,3,14,52,10,39,5,27,3,0,0,15,6,24,29,4,0,25,6,6,7,6,5,5,1,5,0
422,No,No,789589968ed90e82a832dbc60e958c76b787be7e,No,No,default,Static,Static Function,"emulation_flags_ok(const struct domain *,uint32_t)",xen/arch/x86/domain.c,2,21,2,4,25,2,18,1,11,1,2,2,2,5,4,8,0,0,8,5,5,9,5,7,7,2,7,0
422,No,No,789589968ed90e82a832dbc60e958c76b787be7e,No,No,default,none,Function,enable_8259A_irq(struct irq_desc *),xen/arch/x86/i8259.c,1,13,0,5,14,1,13,3,9,0,0,0,6,2,8,9,2,0,7,2,2,2,1,1,0,1,0,0
422,No,No,789589968ed90e82a832dbc60e958c76b787be7e,No,No,default,none,Function,enable_APIC_timer(),xen/arch/x86/apic.c,1,8,0,1,9,1,8,2,3,0,0,0,2,2,3,4,1,0,3,2,2,2,1,0,0,1,0,0
422,No,No,789589968ed90e82a832dbc60e958c76b787be7e,No,No,default,Static,Static Function,enable_hypercall_page(struct domain *),xen/arch/x86/hvm/viridian/viridian.c,5,24,8,8,33,5,24,4,18,8,0,0,11,3,16,18,3,0,15,5,5,6,1,1,0,2,0,0
422,No,No,789589968ed90e82a832dbc60e958c76b787be7e,No,No,default,none,Function,"enable_intremap(struct iommu *,int)",xen/drivers/passthrough/vtd/intremap.c,16,59,6,10,81,16,59,7,42,6,0,0,22,201,48,62,6,0,56,19,19,22,14,13,13,4,13,0
422,No,No,789589968ed90e82a832dbc60e958c76b787be7e,No,No,default,Static,Static Function,enable_iommu(struct amd_iommu *),xen/drivers/passthrough/amd/iommu_init.c,14,35,0,8,49,14,35,3,28,0,0,0,22,17,25,30,2,0,28,6,6,6,1,1,0,1,0,0
422,No,No,789589968ed90e82a832dbc60e958c76b787be7e,No,No,default,Static,Static Function,enable_qmp_capabilities(libxl__qmp_handler *),tools/libxl/libxl_qmp.c,0,5,0,2,5,0,5,1,2,0,0,0,2,1,1,1,0,0,1,1,1,1,1,0,0,0,0,0
422,No,No,789589968ed90e82a832dbc60e958c76b787be7e,No,No,default,Static,Static Function,"end_8259A_irq(struct irq_desc *,u8)",xen/arch/x86/i8259.c,0,5,0,2,5,0,5,1,2,0,0,0,1,2,1,2,0,0,2,2,2,2,1,0,0,1,0,0
422,No,No,789589968ed90e82a832dbc60e958c76b787be7e,No,No,default,Static,Static Function,end_none(struct irq_desc *),xen/arch/arm/irq.c,0,4,4,2,8,0,4,1,1,4,0,0,1,1,1,1,0,0,1,1,1,1,1,0,0,0,0,1
422,No,No,789589968ed90e82a832dbc60e958c76b787be7e,No,No,default,none,Function,"end_nonmaskable_msi_irq(struct irq_desc *,u8)",xen/arch/x86/msi.c,0,4,1,0,4,0,4,1,1,1,0,0,1,1,1,1,0,0,1,1,1,1,1,0,0,0,0,0
422,No,No,789589968ed90e82a832dbc60e958c76b787be7e,,No,default,none,Function,endrpcent(),,0,0,0,0,0,0,0,0,0,0,0,0,0,0,0,0,0,0,0,0,0,0,0,0,0,0,0,0
422,No,No,789589968ed90e82a832dbc60e958c76b787be7e,No,No,default,Static,Static Function,enter_hypervisor_head(struct cpu_user_regs *),xen/arch/arm/traps.c,4,16,14,9,34,4,12,2,7,7,9,2,7,5,4,7,1,0,6,4,4,4,1,0,0,2,0,0
422,No,No,789589968ed90e82a832dbc60e958c76b787be7e,No,No,default,Static,Static Function,"ept_change_entry_type_global(struct p2m_domain *,p2m_type_t,p2m_type_t)",xen/arch/x86/mm/p2m-ept.c,2,9,0,4,11,2,9,3,5,0,0,0,3,3,3,5,1,0,4,3,3,3,1,1,0,1,0,0
422,No,No,789589968ed90e82a832dbc60e958c76b787be7e,No,No,default,Static,Static Function,"ept_change_entry_type_range(struct p2m_domain *,p2m_type_t,p2m_type_t,unsigned long,unsigned long)",xen/arch/x86/mm/p2m-ept.c,6,40,0,6,46,6,40,9,26,0,0,0,5,13,20,27,5,1,21,9,9,11,7,10,10,3,10,0
422,No,No,789589968ed90e82a832dbc60e958c76b787be7e,No,No,default,Static,Static Function,ept_disable_hardware_log_dirty(struct p2m_domain *),xen/arch/x86/mm/p2m-ept.c,1,7,0,2,8,1,7,2,4,0,0,0,4,1,4,4,1,0,3,1,1,1,1,0,0,0,0,0
422,No,No,789589968ed90e82a832dbc60e958c76b787be7e,No,No,default,Static,Static Function,ept_disable_pml(struct p2m_domain *),xen/arch/x86/mm/p2m-ept.c,2,7,2,4,11,2,7,1,4,2,0,0,5,1,4,4,0,0,4,1,1,1,1,0,0,0,0,0
422,No,No,789589968ed90e82a832dbc60e958c76b787be7e,No,No,default,Static,Static Function,ept_dump_p2m_table(unsigned char),xen/arch/x86/mm/p2m-ept.c,7,55,0,13,62,7,55,11,37,0,0,0,12,53,32,41,10,0,31,16,16,17,6,4,4,4,3,0
422,No,No,789589968ed90e82a832dbc60e958c76b787be7e,No,No,default,Static,Static Function,ept_enable_hardware_log_dirty(struct p2m_domain *),xen/arch/x86/mm/p2m-ept.c,1,7,0,2,8,1,7,2,4,0,0,0,4,1,4,4,1,0,3,1,1,1,1,0,0,0,0,0
422,No,No,789589968ed90e82a832dbc60e958c76b787be7e,No,No,default,Static,Static Function,ept_enable_pml(struct p2m_domain *),xen/arch/x86/mm/p2m-ept.c,2,8,7,4,17,2,8,1,5,7,0,0,5,2,4,5,0,0,5,2,2,2,1,1,0,1,0,0
422,No,No,789589968ed90e82a832dbc60e958c76b787be7e,No,No,default,Static,Static Function,ept_flush_pml_buffers(struct p2m_domain *),xen/arch/x86/mm/p2m-ept.c,1,5,1,3,7,1,5,1,2,1,0,0,3,1,2,2,0,0,2,1,1,1,1,0,0,0,0,0
422,No,No,789589968ed90e82a832dbc60e958c76b787be7e,No,No,default,Static,Static Function,"ept_free_entry(struct p2m_domain *,ept_entry_t *,int)",xen/arch/x86/mm/p2m-ept.c,2,15,1,9,18,2,15,3,10,1,0,0,6,4,8,11,2,0,9,4,4,6,1,1,0,2,0,0
422,No,No,789589968ed90e82a832dbc60e958c76b787be7e,No,No,default,Static,Static Function,"ept_get_entry(struct p2m_domain *,gfn_t,p2m_type_t *,p2m_access_t *,p2m_query_t,unsigned int *,bool_t *)",xen/arch/x86/mm/p2m-ept.c,15,89,7,13,111,15,89,18,62,7,0,0,17,6000,45,63,11,0,52,19,19,20,13,23,23,3,23,0
422,No,No,789589968ed90e82a832dbc60e958c76b787be7e,No,No,default,none,Function,ept_handle_misconfig(uint64_t),xen/arch/x86/mm/p2m-ept.c,5,15,0,7,20,5,15,5,10,0,0,0,12,2,11,12,4,0,8,3,3,3,1,0,0,1,0,0
422,No,No,789589968ed90e82a832dbc60e958c76b787be7e,No,No,default,Static,Static Function,"ept_handle_violation(ept_qual_t,paddr_t)",xen/arch/x86/hvm/vmx/vmx.c,10,64,15,14,86,10,64,18,46,15,0,0,15,36,32,40,11,0,29,9,7,12,4,9,7,2,7,0
422,No,No,789589968ed90e82a832dbc60e958c76b787be7e,No,No,default,Static,Static Function,"ept_invalidate_emt(mfn_t,bool_t,int)",xen/arch/x86/mm/p2m-ept.c,5,22,0,9,27,5,22,6,15,0,0,0,9,5,15,18,5,0,13,4,4,8,3,1,1,2,1,0
422,No,No,789589968ed90e82a832dbc60e958c76b787be7e,No,No,default,Static,Static Function,"ept_invalidate_emt_range(struct p2m_domain *,unsigned int,unsigned long,unsigned long)",xen/arch/x86/mm/p2m-ept.c,8,56,1,11,65,8,56,10,36,1,0,0,14,105,35,44,6,2,36,10,10,13,8,9,9,3,9,0
422,No,No,789589968ed90e82a832dbc60e958c76b787be7e,No,No,default,Static,Static Function,ept_memory_type_changed(struct p2m_domain *),xen/arch/x86/mm/p2m-ept.c,2,8,0,4,10,2,8,2,5,0,0,0,3,3,3,5,1,0,4,3,3,3,1,1,0,1,0,0
422,No,No,789589968ed90e82a832dbc60e958c76b787be7e,No,No,default,Static,Static Function,"ept_next_level(struct p2m_domain *,bool_t,ept_entry_t **,unsigned long *,int)",xen/arch/x86/mm/p2m-ept.c,10,31,6,13,46,10,31,6,21,6,0,0,8,7,18,23,3,0,20,6,6,6,6,7,7,2,7,0
422,No,No,789589968ed90e82a832dbc60e958c76b787be7e,No,No,default,none,Function,ept_p2m_init(struct p2m_domain *),xen/arch/x86/mm/p2m-ept.c,7,24,6,4,37,7,24,2,19,6,0,0,17,4,17,19,1,0,18,3,3,3,1,1,0,1,0,0
422,No,No,789589968ed90e82a832dbc60e958c76b787be7e,No,No,default,Static,Static Function,"ept_p2m_type_to_flags(struct p2m_domain *,ept_entry_t *,p2m_type_t,p2m_access_t)",xen/arch/x86/mm/p2m-ept.c,3,92,19,14,114,3,92,2,84,19,0,0,9,81,52,80,0,0,80,27,4,31,1,57,0,2,0,0
422,No,No,789589968ed90e82a832dbc60e958c76b787be7e,No,No,default,none,Function,ept_p2m_uninit(struct p2m_domain *),xen/arch/x86/mm/p2m-ept.c,0,5,0,4,5,0,5,2,2,0,0,0,1,1,2,2,1,0,1,1,1,1,1,0,0,0,0,0
422,No,No,789589968ed90e82a832dbc60e958c76b787be7e,No,No,default,Static,Static Function,"ept_set_ad_sync(struct domain *,bool)",xen/arch/x86/mm/p2m-ept.c,7,20,0,8,27,7,20,4,11,0,0,0,11,4,12,15,3,0,12,4,4,4,4,1,1,3,1,0
422,No,No,789589968ed90e82a832dbc60e958c76b787be7e,No,No,default,Static,Static Function,"ept_set_entry(struct p2m_domain *,gfn_t,mfn_t,unsigned int,p2m_type_t,p2m_access_t,int)",xen/arch/x86/mm/p2m-ept.c,36,145,40,20,220,36,145,24,115,40,0,0,45,184322,79,104,19,1,84,29,29,44,10,16,14,3,12,0
422,No,No,789589968ed90e82a832dbc60e958c76b787be7e,No,No,default,Static,Static Function,"ept_set_middle_entry(struct p2m_domain *,ept_entry_t *)",xen/arch/x86/mm/p2m-ept.c,8,20,1,4,29,8,20,4,14,1,0,0,16,3,17,19,3,0,16,3,3,3,1,1,0,1,0,0
422,No,No,789589968ed90e82a832dbc60e958c76b787be7e,No,No,default,Static,Static Function,"ept_split_super_page(struct p2m_domain *,ept_entry_t *,unsigned int,unsigned int)",xen/arch/x86/mm/p2m-ept.c,13,34,2,13,49,13,34,8,24,2,0,0,12,7,24,29,5,0,24,6,6,7,6,5,5,2,5,0
422,No,No,789589968ed90e82a832dbc60e958c76b787be7e,No,No,default,Static,Static Function,ept_sync_all(),xen/include/asm-x86/hvm/vmx/vmx.h,0,4,0,0,4,0,4,1,1,0,0,0,1,1,1,1,0,0,1,1,1,1,1,0,0,0,0,0
422,No,No,789589968ed90e82a832dbc60e958c76b787be7e,No,No,default,none,Function,ept_sync_domain(struct p2m_domain *),xen/arch/x86/mm/p2m-ept.c,4,13,1,10,18,4,13,2,8,1,0,0,5,3,6,8,1,0,7,3,3,5,3,2,2,1,2,0
422,No,No,789589968ed90e82a832dbc60e958c76b787be7e,No,No,default,Static,Static Function,"ept_sync_domain_mask(struct p2m_domain *,const cpumask_t *)",xen/arch/x86/mm/p2m-ept.c,0,4,0,4,4,0,4,1,1,0,0,0,1,1,1,1,0,0,1,1,1,1,1,0,0,0,0,0
422,No,No,789589968ed90e82a832dbc60e958c76b787be7e,No,No,default,Static,Static Function,ept_sync_domain_prepare(struct p2m_domain *),xen/arch/x86/mm/p2m-ept.c,2,13,7,6,22,2,13,3,8,7,0,0,5,3,5,7,2,0,5,3,3,3,1,1,0,2,0,0
422,No,No,789589968ed90e82a832dbc60e958c76b787be7e,No,No,default,Static,Static Function,ept_tlb_flush(struct p2m_domain *),xen/arch/x86/mm/p2m-ept.c,0,4,0,3,4,0,4,1,1,0,0,0,1,1,1,1,0,0,1,1,1,1,1,0,0,0,0,0
422,No,No,789589968ed90e82a832dbc60e958c76b787be7e,No,No,default,none,Function,"ept_walk_table(struct domain *,unsigned long)",xen/arch/x86/mm/p2m-ept.c,11,37,2,9,50,11,37,9,24,2,0,0,7,6,22,25,7,0,18,4,4,6,4,3,3,2,3,0
422,No,No,789589968ed90e82a832dbc60e958c76b787be7e,No,No,default,none,Function,error_interrupt(struct cpu_user_regs *),xen/arch/x86/apic.c,2,25,1,0,28,2,25,13,20,1,0,0,5,3,12,14,3,0,11,3,3,3,1,0,0,2,0,0
422,No,No,789589968ed90e82a832dbc60e958c76b787be7e,No,No,default,Static,Static Function,even_parity(uint8_t),xen/arch/x86/x86_emulate/x86_emulate.c,1,6,0,2,7,1,6,1,1,0,0,0,1,1,2,2,0,1,1,1,1,1,1,0,0,0,0,0
422,No,No,789589968ed90e82a832dbc60e958c76b787be7e,No,No,default,none,Function,"evex_disp8_test(void *,struct x86_emulate_ctxt *,const struct x86_emulate_ops *)",tools/tests/x86_emulator/evex-disp8.c,2,24,0,21,26,2,15,2,11,0,0,9,7,256,35,43,0,0,43,17,17,25,1,0,0,2,0,0
422,No,No,789589968ed90e82a832dbc60e958c76b787be7e,No,No,default,Static,Static Function,evtchn_alloc_unbound(evtchn_alloc_unbound_t *),xen/common/event_channel.c,10,29,0,8,39,10,29,6,21,0,0,0,16,9,24,28,5,0,23,6,6,6,4,3,3,2,3,0
422,No,No,789589968ed90e82a832dbc60e958c76b787be7e,No,No,default,none,Function,"evtchn_allocate_port(struct domain *,evtchn_port_t)",xen/common/event_channel.c,5,29,0,11,34,5,29,8,18,0,0,0,9,8,12,18,2,0,16,7,7,9,7,9,9,3,9,0
422,No,No,789589968ed90e82a832dbc60e958c76b787be7e,No,No,default,Static,Static Function,"evtchn_assign_vcpu(struct domain *,unsigned int,unsigned int)",xen/arch/x86/pv/shim.c,0,6,0,4,6,0,6,2,2,0,0,0,4,1,2,2,0,0,2,1,1,1,1,0,0,0,0,0
422,No,No,789589968ed90e82a832dbc60e958c76b787be7e,No,No,default,Static,Static Function,evtchn_bind_interdomain(evtchn_bind_interdomain_t *),xen/common/event_channel.c,15,52,5,13,72,15,52,6,42,5,0,0,21,194,42,51,5,0,46,13,13,14,6,6,5,2,5,0
422,No,No,789589968ed90e82a832dbc60e958c76b787be7e,No,No,default,Static,Static Function,evtchn_bind_ipi(evtchn_bind_ipi_t *),xen/common/event_channel.c,10,23,0,8,33,10,23,5,18,0,0,0,11,3,19,21,4,0,17,4,4,6,1,2,0,2,0,0
422,No,No,789589968ed90e82a832dbc60e958c76b787be7e,No,No,default,Static,Static Function,evtchn_bind_pirq(evtchn_bind_pirq_t *),xen/common/event_channel.c,14,44,0,9,58,14,44,7,35,0,0,0,22,18,38,44,6,0,38,11,11,13,7,6,6,2,6,0
422,No,No,789589968ed90e82a832dbc60e958c76b787be7e,No,No,default,none,Function,"evtchn_bind_vcpu(unsigned int,unsigned int)",xen/common/event_channel.c,8,48,1,16,57,8,48,4,37,1,0,0,12,25,25,35,3,0,32,10,7,11,8,12,11,2,11,0
422,No,No,789589968ed90e82a832dbc60e958c76b787be7e,No,No,default,none,Function,"evtchn_bind_virq(evtchn_bind_virq_t *,evtchn_port_t)",xen/common/event_channel.c,14,41,0,12,55,14,41,7,31,0,0,0,17,11,33,40,6,0,34,11,11,15,8,9,9,3,9,0
422,No,No,789589968ed90e82a832dbc60e958c76b787be7e,No,No,default,none,Function,"evtchn_check_pollers(struct domain *,unsigned int)",xen/common/event_channel.c,2,19,2,6,23,2,19,3,10,2,0,0,7,4,8,11,2,0,9,4,4,6,1,1,0,2,0,0
422,No,No,789589968ed90e82a832dbc60e958c76b787be7e,No,No,default,none,Function,"evtchn_close(struct domain *,int,bool)",xen/common/event_channel.c,25,103,9,27,137,25,99,7,72,9,2,2,25,1500,58,83,6,0,77,29,23,30,16,56,56,3,56,0
422,No,No,789589968ed90e82a832dbc60e958c76b787be7e,No,No,default,none,Function,evtchn_destroy(struct domain *),xen/common/event_channel.c,4,10,2,5,16,4,10,2,6,2,0,0,7,4,9,11,1,0,10,4,4,4,1,0,0,2,0,0
422,No,No,789589968ed90e82a832dbc60e958c76b787be7e,No,No,default,none,Function,evtchn_destroy_final(struct domain *),xen/common/event_channel.c,2,17,1,5,20,2,13,4,7,1,2,2,3,5,9,12,1,0,11,4,4,4,3,1,1,2,1,0
422,No,No,789589968ed90e82a832dbc60e958c76b787be7e,No,No,default,none,Function,"evtchn_free(struct domain *,struct evtchn *)",xen/common/event_channel.c,2,8,2,5,12,2,8,1,5,2,0,0,6,1,5,5,0,0,5,1,1,1,1,0,0,0,0,0
422,No,No,789589968ed90e82a832dbc60e958c76b787be7e,No,No,default,Static,Static Function,"evtchn_from_port(struct domain *,unsigned int)",xen/include/xen/event.h,0,6,0,32,6,0,6,3,3,0,0,0,1,2,2,3,0,0,3,2,2,2,1,1,0,1,0,0
422,No,No,789589968ed90e82a832dbc60e958c76b787be7e,No,No,default,Static,Static Function,"evtchn_handled(struct domain *,unsigned int)",xen/arch/x86/pv/shim.c,0,5,1,5,6,0,5,1,2,1,0,0,4,1,2,2,0,0,2,1,1,1,1,0,0,0,0,0
422,No,No,789589968ed90e82a832dbc60e958c76b787be7e,No,No,default,none,Function,"evtchn_init(struct domain *,unsigned int)",xen/common/event_channel.c,4,25,0,4,29,4,17,2,12,0,6,2,13,3,10,12,0,0,12,3,3,3,3,2,2,1,2,0
422,No,No,789589968ed90e82a832dbc60e958c76b787be7e,No,No,default,none,Function,evtchn_move_pirqs(struct vcpu *),xen/common/event_channel.c,1,14,0,10,15,1,14,5,7,0,0,0,5,2,10,11,4,0,7,2,2,2,1,0,0,1,0,0
422,No,No,789589968ed90e82a832dbc60e958c76b787be7e,No,No,default,Static,Static Function,"evtchn_port_clear_pending(struct domain *,struct evtchn *)",xen/include/xen/event.h,0,5,0,4,5,0,5,2,1,0,0,0,2,1,1,1,0,0,1,1,1,1,1,0,0,0,0,0
422,No,No,789589968ed90e82a832dbc60e958c76b787be7e,No,No,default,Static,Static Function,"evtchn_port_init(struct domain *,struct evtchn *)",xen/include/xen/event.h,0,5,0,9,5,0,5,1,2,0,0,0,2,2,1,2,0,0,2,2,2,2,1,0,0,1,0,0
422,No,No,789589968ed90e82a832dbc60e958c76b787be7e,No,No,default,Static,Static Function,"evtchn_port_is_busy(const struct domain *,evtchn_port_t)",xen/include/xen/event.h,0,6,0,5,6,0,6,2,2,0,0,0,2,1,1,1,0,0,1,1,1,2,1,0,0,0,0,0
422,No,No,789589968ed90e82a832dbc60e958c76b787be7e,No,No,default,Static,Static Function,"evtchn_port_is_masked(const struct domain *,evtchn_port_t)",xen/include/xen/event.h,0,5,0,6,5,0,5,2,1,0,0,0,2,1,1,1,0,0,1,1,1,1,1,0,0,0,0,0
422,No,No,789589968ed90e82a832dbc60e958c76b787be7e,No,No,default,Static,Static Function,"evtchn_port_is_pending(const struct domain *,evtchn_port_t)",xen/include/xen/event.h,0,5,0,6,5,0,5,2,1,0,0,0,2,1,1,1,0,0,1,1,1,1,1,0,0,0,0,0
422,No,No,789589968ed90e82a832dbc60e958c76b787be7e,No,No,default,Static,Static Function,"evtchn_port_print_state(struct domain *,const struct evtchn *)",xen/include/xen/event.h,0,5,0,4,5,0,5,2,1,0,0,0,2,1,1,1,0,0,1,1,1,1,1,0,0,0,0,0
422,No,No,789589968ed90e82a832dbc60e958c76b787be7e,No,No,default,Static,Static Function,"evtchn_port_set_pending(struct domain *,unsigned int,struct evtchn *)",xen/include/xen/event.h,0,6,0,12,6,0,6,3,1,0,0,0,2,1,1,1,0,0,1,1,1,1,1,0,0,0,0,0
422,No,No,789589968ed90e82a832dbc60e958c76b787be7e,No,No,default,Static,Static Function,"evtchn_port_set_priority(struct domain *,struct evtchn *,unsigned int)",xen/include/xen/event.h,0,8,0,6,8,0,8,3,3,0,0,0,2,2,2,3,0,0,3,2,2,2,1,1,0,1,0,0
422,No,No,789589968ed90e82a832dbc60e958c76b787be7e,No,No,default,Static,Static Function,"evtchn_port_unmask(struct domain *,struct evtchn *)",xen/include/xen/event.h,0,5,0,4,5,0,5,2,1,0,0,0,2,1,1,1,0,0,1,1,1,1,1,0,0,0,0,0
422,No,No,789589968ed90e82a832dbc60e958c76b787be7e,No,No,default,Static,Static Function,"evtchn_reserve(struct domain *,unsigned int)",xen/arch/x86/pv/shim.c,0,6,0,4,6,0,6,1,3,0,0,0,6,1,3,3,0,0,3,1,1,1,1,0,0,0,0,0
422,No,No,789589968ed90e82a832dbc60e958c76b787be7e,No,No,default,none,Function,evtchn_reset(struct domain *),xen/common/event_channel.c,6,16,1,7,23,6,16,2,10,1,0,0,7,5,10,13,1,0,12,4,4,5,1,1,0,1,0,0
422,No,No,789589968ed90e82a832dbc60e958c76b787be7e,No,No,default,none,Function,"evtchn_send(struct domain *,unsigned int)",xen/common/event_channel.c,8,40,2,13,50,8,40,4,30,2,0,0,9,21,22,30,3,0,27,8,6,8,4,10,3,2,3,0
422,No,No,789589968ed90e82a832dbc60e958c76b787be7e,No,No,default,Static,Static Function,evtchn_set_priority(const struct evtchn_set_priority *),xen/common/event_channel.c,5,16,0,6,21,5,16,4,10,0,0,0,6,2,9,10,3,0,7,2,2,2,1,1,0,1,0,0
422,No,No,789589968ed90e82a832dbc60e958c76b787be7e,No,No,default,Static,Static Function,evtchn_sid(const struct evtchn *),xen/xsm/flask/hooks.c,0,4,0,6,4,0,4,1,1,0,0,0,1,1,1,1,0,0,1,1,1,1,1,0,0,0,0,0
422,No,No,789589968ed90e82a832dbc60e958c76b787be7e,No,No,default,none,Function,evtchn_status(evtchn_status_t *),xen/common/event_channel.c,9,56,0,18,65,9,56,6,46,0,0,0,20,29,35,46,5,0,41,11,5,11,4,24,3,1,3,0
422,No,No,789589968ed90e82a832dbc60e958c76b787be7e,No,No,default,none,Function,evtchn_unmask(unsigned int),xen/common/event_channel.c,3,10,0,4,13,3,10,3,6,0,0,0,5,2,6,7,2,0,5,2,2,2,1,1,0,1,0,0
422,No,No,789589968ed90e82a832dbc60e958c76b787be7e,No,No,default,Static,Static Function,exception_handler32(vaddr_t),xen/arch/arm/traps.c,1,8,1,3,9,1,8,2,5,1,0,0,3,2,3,4,1,0,3,2,2,2,1,1,0,1,0,0
422,No,No,789589968ed90e82a832dbc60e958c76b787be7e,No,No,default,none,Function,"expanding_buffer_ensure(struct expanding_buffer *,int)",tools/xenstore/xs.c,4,16,0,5,20,4,16,3,11,0,0,0,5,4,10,13,2,0,11,4,4,4,4,3,3,1,3,0
422,No,No,789589968ed90e82a832dbc60e958c76b787be7e,No,No,default,Static,Static Function,extend_frame_table(struct mem_hotadd_info *),xen/arch/x86/x86_64/mm.c,9,31,0,4,40,9,31,4,22,0,0,0,12,24,18,24,3,0,21,8,8,9,4,4,4,2,4,0
422,No,No,789589968ed90e82a832dbc60e958c76b787be7e,No,No,default,none,Function,"fatal_trap(const struct cpu_user_regs *,bool)",xen/arch/x86/traps.c,9,40,8,10,57,9,40,5,26,8,0,0,17,9,20,25,4,0,21,7,7,8,1,0,0,4,0,0
422,No,No,789589968ed90e82a832dbc60e958c76b787be7e,No,No,default,Static,Static Function,"fetch(enum x86_segment,unsigned long,void *,unsigned int,struct x86_emulate_ctxt *)",tools/tests/x86_emulator/test_x86_emulator.c,1,12,0,4,13,1,12,6,4,0,0,0,3,2,3,4,0,0,4,2,2,2,1,0,0,1,0,0
422,No,No,789589968ed90e82a832dbc60e958c76b787be7e,No,No,default,Static,Static Function,"fill_function_call_count(struct cpu_user_regs *,uint32_t)",xen/arch/arm/vsmc.c,1,5,4,4,10,1,5,1,2,4,0,0,2,1,2,2,0,0,2,1,1,1,1,0,0,0,0,0
422,No,No,789589968ed90e82a832dbc60e958c76b787be7e,No,No,default,Static,Static Function,"fill_revision(struct cpu_user_regs *,uint32_t,uint32_t)",xen/arch/arm/vsmc.c,1,7,6,5,14,1,7,2,3,6,0,0,2,1,3,3,0,0,3,1,1,1,1,0,0,0,0,0
422,No,No,789589968ed90e82a832dbc60e958c76b787be7e,No,No,default,Static,Static Function,"fill_ring_data(const struct domain *,__guest_handle_xen_argo_ring_data_ent_t)",xen/common/argo.c,21,71,11,17,103,21,71,9,51,11,0,0,20,836,37,52,5,0,47,18,18,21,5,7,5,3,5,0
422,No,No,789589968ed90e82a832dbc60e958c76b787be7e,No,No,default,none,Function,fill_ro_mpt(mfn_t),xen/arch/x86/mm.c,2,13,0,1,15,2,13,3,8,0,0,0,5,2,6,7,2,0,5,2,2,2,1,0,0,1,0,0
422,No,No,789589968ed90e82a832dbc60e958c76b787be7e,No,No,default,Static,Static Function,"fill_uid(struct cpu_user_regs *,xen_uuid_t)",xen/arch/arm/vsmc.c,4,15,5,5,24,4,15,4,8,5,0,0,2,2,11,12,3,0,9,2,2,2,1,0,0,1,0,0
422,No,No,789589968ed90e82a832dbc60e958c76b787be7e,No,No,default,Static,Static Function,filtered_flush_tlb_mask(uint32_t),xen/include/xen/mm.h,1,11,0,3,12,1,11,2,5,0,0,0,6,2,5,6,1,0,5,2,2,2,1,0,0,1,0,0
422,No,No,789589968ed90e82a832dbc60e958c76b787be7e,No,No,default,Static,Static Function,"find_cos(const uint32_t [],unsigned int,enum psr_feat_type,const struct psr_socket_info *)",xen/arch/x86/psr.c,13,44,8,10,65,13,44,10,31,8,0,0,4,34,27,37,7,0,30,11,11,12,11,23,23,3,23,0
422,No,No,789589968ed90e82a832dbc60e958c76b787be7e,No,No,default,Static,Static Function,"find_equiv_cpu_id(const struct equiv_cpu_entry *,unsigned int,unsigned int *)",xen/arch/x86/microcode_amd.c,3,17,0,6,20,3,17,4,7,0,0,0,2,4,7,10,1,0,9,4,4,4,4,4,4,2,4,0
422,No,No,789589968ed90e82a832dbc60e958c76b787be7e,No,No,default,none,Function,"find_iommu_for_device(int,int)",xen/drivers/passthrough/amd/pci_amd_iommu.c,7,23,1,10,31,7,23,4,16,1,0,0,7,5,10,14,3,0,11,5,5,7,1,1,0,3,0,0
422,No,No,789589968ed90e82a832dbc60e958c76b787be7e,No,No,default,Static,Static Function,"find_msi_entry(struct pci_dev *,int,int)",xen/arch/x86/msi.c,2,12,0,10,14,2,12,3,6,0,0,0,2,2,3,4,1,0,3,2,2,4,1,1,0,1,0,0
422,No,No,789589968ed90e82a832dbc60e958c76b787be7e,No,No,default,Static,Static Function,"find_ring_info(const struct domain *,const struct argo_ring_id *)",xen/common/argo.c,5,23,1,13,29,5,23,5,14,1,0,0,7,4,10,12,3,0,9,4,4,8,1,1,0,2,0,0
422,No,No,789589968ed90e82a832dbc60e958c76b787be7e,No,No,default,Static,Static Function,"find_ring_info_by_match(const struct domain *,xen_argo_port_t,domid_t)",xen/common/argo.c,5,16,0,8,21,5,16,5,9,0,0,0,9,4,11,13,2,0,11,4,4,6,1,1,0,2,0,0
422,No,No,789589968ed90e82a832dbc60e958c76b787be7e,No,No,default,Static,Static Function,"find_ring_mfn(struct domain *,gfn_t,mfn_t *)",xen/common/argo.c,4,22,0,4,26,4,18,5,11,0,2,2,8,4,10,13,3,0,10,4,4,5,1,2,0,1,0,0
422,No,No,789589968ed90e82a832dbc60e958c76b787be7e,No,No,default,Static,Static Function,"find_ring_mfns(struct domain *,struct argo_ring_info *,const unsigned int,__guest_handle_xen_argo_gfn_t,const unsigned int)",xen/common/argo.c,16,68,1,10,85,16,68,11,46,1,0,0,18,198,37,48,6,0,42,16,16,18,6,7,7,3,6,0
422,No,No,789589968ed90e82a832dbc60e958c76b787be7e,No,No,default,Static,Static Function,"find_send_info(const struct domain *,const struct argo_ring_id *)",xen/common/argo.c,5,23,1,10,29,5,23,5,14,1,0,0,8,4,10,12,3,0,9,4,4,8,1,1,0,2,0,0
422,No,No,789589968ed90e82a832dbc60e958c76b787be7e,No,No,default,Static,Static Function,find_smmu_for_device(struct device *),xen/drivers/passthrough/arm/smmu.c,2,14,0,4,16,2,14,4,9,0,0,0,6,2,8,9,3,0,6,3,3,3,1,0,0,1,0,0
422,No,No,789589968ed90e82a832dbc60e958c76b787be7e,No,No,default,Static,Static Function,"find_smmu_master(struct arm_smmu_device *,struct dt_device_node *)",xen/drivers/passthrough/arm/smmu.c,4,16,0,10,20,4,16,4,10,0,0,0,2,4,7,10,2,0,8,4,4,4,4,6,6,2,6,0
422,No,No,789589968ed90e82a832dbc60e958c76b787be7e,No,No,default,Static,Static Function,find_smmu_master_cfg(struct device *),xen/drivers/passthrough/arm/smmu.c,2,11,0,4,13,2,11,4,6,0,0,0,3,2,5,6,2,0,4,2,2,2,1,0,0,1,0,0
422,No,No,789589968ed90e82a832dbc60e958c76b787be7e,No,No,default,none,Function,"find_upstream_bridge(u16,u8 *,u8 *,u8 *)",xen/drivers/passthrough/pci.c,5,28,0,11,33,5,28,4,20,0,0,0,7,6,15,20,3,0,17,6,6,6,6,5,5,2,5,0
422,No,No,789589968ed90e82a832dbc60e958c76b787be7e,No,No,default,Static,Static Function,"finish_type_change(struct p2m_domain *,gfn_t,unsigned long)",xen/arch/x86/mm/p2m.c,3,22,5,7,30,3,22,5,14,5,0,0,5,4,10,13,3,0,10,4,4,4,4,4,4,2,4,0
422,No,No,789589968ed90e82a832dbc60e958c76b787be7e,No,No,default,Static,Static Function,first_domain_in_cpupool(struct cpupool *),xen/include/xen/sched.h,0,7,0,5,7,0,7,2,3,0,0,0,2,2,5,6,1,1,4,2,2,3,1,0,0,1,0,0
422,No,No,789589968ed90e82a832dbc60e958c76b787be7e,No,No,default,Static,Static Function,first_table_offset_16K(paddr_t),xen/include/asm-arm/lpae.h,0,1,0,1,1,0,1,1,1,0,0,0,2,1,1,1,0,0,1,1,1,1,1,0,0,0,0,0
422,No,No,789589968ed90e82a832dbc60e958c76b787be7e,No,No,default,Static,Static Function,first_table_offset_4K(paddr_t),xen/include/asm-arm/lpae.h,0,1,0,1,1,0,1,1,1,0,0,0,2,1,1,1,0,0,1,1,1,1,1,0,0,0,0,0
422,No,No,789589968ed90e82a832dbc60e958c76b787be7e,No,No,default,Static,Static Function,first_table_offset_64K(paddr_t),xen/include/asm-arm/lpae.h,0,1,0,1,1,0,1,1,1,0,0,0,2,1,1,1,0,0,1,1,1,1,1,0,0,0,0,0
422,No,No,789589968ed90e82a832dbc60e958c76b787be7e,No,No,default,Static,Static Function,"fits_cos_max(const uint32_t [],uint32_t,const struct psr_socket_info *,unsigned int)",xen/arch/x86/psr.c,9,34,1,10,44,9,34,9,18,1,0,0,3,13,17,24,5,0,19,8,8,8,8,13,13,4,13,0
422,No,No,789589968ed90e82a832dbc60e958c76b787be7e,No,No,default,none,Function,fixup_eoi(),xen/arch/x86/irq.c,2,19,2,6,23,2,19,5,10,2,0,0,6,6,15,18,4,0,14,4,4,4,3,1,1,2,1,0
422,No,No,789589968ed90e82a832dbc60e958c76b787be7e,No,No,default,none,Function,"fixup_irqs(const cpumask_t *,bool)",xen/arch/x86/irq.c,14,52,1,13,67,14,52,7,38,1,0,0,16,2305,31,44,6,0,38,14,14,17,6,6,6,2,4,0
422,No,No,789589968ed90e82a832dbc60e958c76b787be7e,No,No,default,Static,Static Function,"fixup_page_fault(unsigned long,struct cpu_user_regs *)",xen/arch/x86/traps.c,10,41,8,9,59,10,35,5,25,8,4,2,12,10,13,20,4,0,16,8,8,19,7,6,6,2,6,0
422,No,No,789589968ed90e82a832dbc60e958c76b787be7e,No,No,default,Static,Static Function,"fixup_status_for_copy_pin(const struct active_grant_entry *,uint16_t *)",xen/common/grant_table.c,1,8,0,4,9,1,8,2,4,0,0,0,1,4,2,4,0,0,4,3,3,3,1,0,0,1,0,0
422,No,No,789589968ed90e82a832dbc60e958c76b787be7e,No,No,default,Static,Static Function,"flask_add_to_physmap(struct domain *,struct domain *)",xen/xsm/flask/hooks.c,0,4,0,2,4,0,4,1,1,0,0,0,2,1,1,1,0,0,1,1,1,1,1,0,0,0,0,0
422,No,No,789589968ed90e82a832dbc60e958c76b787be7e,No,No,default,Static,Static Function,flask_alloc_security_evtchn(struct evtchn *),xen/xsm/flask/hooks.c,1,5,0,0,6,1,5,1,2,0,0,0,4,1,2,2,0,0,2,1,1,1,1,0,0,0,0,0
422,No,No,789589968ed90e82a832dbc60e958c76b787be7e,No,No,default,Static,Static Function,"flask_bind_pt_irq(struct domain *,struct xen_domctl_bind_pt_irq *)",xen/xsm/flask/hooks.c,5,20,0,3,25,5,20,6,14,0,0,0,8,4,14,17,5,0,12,4,4,4,4,3,3,1,3,0
422,No,No,789589968ed90e82a832dbc60e958c76b787be7e,No,No,default,Static,Static Function,flask_claim_pages(struct domain *),xen/xsm/flask/hooks.c,0,4,0,1,4,0,4,1,1,0,0,0,2,1,1,1,0,0,1,1,1,1,1,0,0,0,0,0
422,No,No,789589968ed90e82a832dbc60e958c76b787be7e,No,No,default,Static,Static Function,"flask_console_io(struct domain *,int)",xen/xsm/flask/hooks.c,2,16,0,2,18,2,16,2,10,0,0,0,3,3,7,10,1,0,9,3,2,3,3,5,5,1,5,0
422,No,No,789589968ed90e82a832dbc60e958c76b787be7e,No,No,default,Static,Static Function,flask_domain_alloc_security(struct domain *),xen/xsm/flask/hooks.c,4,24,0,3,28,4,24,2,18,0,0,0,6,5,13,18,1,0,17,5,3,5,1,7,0,1,0,0
422,No,No,789589968ed90e82a832dbc60e958c76b787be7e,No,No,default,Static,Static Function,"flask_domain_create(struct domain *,u32)",xen/xsm/flask/hooks.c,4,23,0,7,27,4,23,4,15,0,0,0,5,3,11,13,3,0,10,3,3,4,3,3,3,2,3,0
422,No,No,789589968ed90e82a832dbc60e958c76b787be7e,No,No,default,Static,Static Function,flask_domain_free_security(struct domain *),xen/xsm/flask/hooks.c,2,8,0,2,10,2,8,2,5,0,0,0,3,2,4,5,1,0,4,2,2,2,1,1,0,1,0,0
422,No,No,789589968ed90e82a832dbc60e958c76b787be7e,No,No,default,Static,Static Function,flask_domain_resource_map(struct domain *),xen/xsm/flask/hooks.c,0,4,0,1,4,0,4,1,1,0,0,0,2,1,1,1,0,0,1,1,1,1,1,0,0,0,0,0
422,No,No,789589968ed90e82a832dbc60e958c76b787be7e,No,No,default,Static,Static Function,"flask_domctl(struct domain *,int)",xen/xsm/flask/hooks.c,38,121,7,2,166,38,110,1,105,2,12,4,3,39,39,104,0,0,104,65,2,65,1,741,0,1,0,0
422,No,No,789589968ed90e82a832dbc60e958c76b787be7e,No,No,default,Static,Static Function,"flask_domctl_scheduler_op(struct domain *,int)",xen/xsm/flask/hooks.c,2,14,0,2,16,2,14,1,9,0,0,0,3,3,3,8,0,0,8,5,2,5,1,3,0,1,0,0
422,No,No,789589968ed90e82a832dbc60e958c76b787be7e,No,No,default,Static,Static Function,flask_evtchn_close_post(struct evtchn *),xen/xsm/flask/hooks.c,0,4,0,0,4,0,4,1,1,0,0,0,3,1,1,1,0,0,1,1,1,1,1,0,0,0,0,0
422,No,No,789589968ed90e82a832dbc60e958c76b787be7e,No,No,default,Static,Static Function,"flask_evtchn_interdomain(struct domain *,struct evtchn *,struct domain *,struct evtchn *)",xen/xsm/flask/hooks.c,7,32,3,4,42,7,32,6,23,3,0,0,15,5,23,27,3,1,23,5,5,5,5,4,4,1,4,0
422,No,No,789589968ed90e82a832dbc60e958c76b787be7e,No,No,default,Static,Static Function,"flask_evtchn_reset(struct domain *,struct domain *)",xen/xsm/flask/hooks.c,0,4,0,2,4,0,4,1,1,0,0,0,2,1,1,1,0,0,1,1,1,1,1,0,0,0,0,0
422,No,No,789589968ed90e82a832dbc60e958c76b787be7e,No,No,default,Static,Static Function,"flask_evtchn_send(struct domain *,struct evtchn *)",xen/xsm/flask/hooks.c,2,17,0,3,19,2,17,2,11,0,0,0,3,3,7,11,1,0,10,4,2,4,1,3,0,1,0,0
422,No,No,789589968ed90e82a832dbc60e958c76b787be7e,No,No,default,Static,Static Function,"flask_evtchn_status(struct domain *,struct evtchn *)",xen/xsm/flask/hooks.c,0,4,0,2,4,0,4,1,1,0,0,0,2,1,1,1,0,0,1,1,1,1,1,0,0,0,0,0
422,No,No,789589968ed90e82a832dbc60e958c76b787be7e,No,No,default,Static,Static Function,"flask_evtchn_unbound(struct domain *,struct evtchn *,domid_t)",xen/xsm/flask/hooks.c,7,25,0,2,32,7,25,5,17,0,0,0,11,9,16,20,3,0,17,5,5,5,5,4,4,1,4,0
422,No,No,789589968ed90e82a832dbc60e958c76b787be7e,No,No,default,Static,Static Function,flask_free_security_evtchn(struct evtchn *),xen/xsm/flask/hooks.c,1,6,0,1,7,1,6,1,3,0,0,0,3,2,2,3,0,0,3,2,2,2,1,1,0,1,0,0
422,No,No,789589968ed90e82a832dbc60e958c76b787be7e,No,No,default,Static,Static Function,flask_get_pod_target(struct domain *),xen/xsm/flask/hooks.c,0,4,0,1,4,0,4,1,1,0,0,0,2,1,1,1,0,0,1,1,1,1,1,0,0,0,0,0
422,No,No,789589968ed90e82a832dbc60e958c76b787be7e,No,No,default,Static,Static Function,flask_get_vnumainfo(struct domain *),xen/xsm/flask/hooks.c,0,4,0,1,4,0,4,1,1,0,0,0,2,1,1,1,0,0,1,1,1,1,1,0,0,0,0,0
422,No,No,789589968ed90e82a832dbc60e958c76b787be7e,No,No,default,Static,Static Function,flask_getdomaininfo(struct domain *),xen/xsm/flask/hooks.c,0,4,0,1,4,0,4,1,1,0,0,0,2,1,1,1,0,0,1,1,1,1,1,0,0,0,0,0
422,No,No,789589968ed90e82a832dbc60e958c76b787be7e,No,No,default,Static,Static Function,"flask_grant_copy(struct domain *,struct domain *)",xen/xsm/flask/hooks.c,0,4,0,2,4,0,4,1,1,0,0,0,2,1,1,1,0,0,1,1,1,1,1,0,0,0,0,0
422,No,No,789589968ed90e82a832dbc60e958c76b787be7e,No,No,default,Static,Static Function,"flask_grant_mapref(struct domain *,struct domain *,uint32_t)",xen/xsm/flask/hooks.c,2,8,0,3,10,2,8,3,4,0,0,0,2,2,3,4,1,0,3,2,2,2,1,0,0,1,0,0
422,No,No,789589968ed90e82a832dbc60e958c76b787be7e,No,No,default,Static,Static Function,"flask_grant_query_size(struct domain *,struct domain *)",xen/xsm/flask/hooks.c,0,4,0,2,4,0,4,1,1,0,0,0,2,1,1,1,0,0,1,1,1,1,1,0,0,0,0,0
422,No,No,789589968ed90e82a832dbc60e958c76b787be7e,No,No,default,Static,Static Function,"flask_grant_setup(struct domain *,struct domain *)",xen/xsm/flask/hooks.c,0,4,0,2,4,0,4,1,1,0,0,0,2,1,1,1,0,0,1,1,1,1,1,0,0,0,0,0
422,No,No,789589968ed90e82a832dbc60e958c76b787be7e,No,No,default,Static,Static Function,"flask_grant_transfer(struct domain *,struct domain *)",xen/xsm/flask/hooks.c,0,4,0,2,4,0,4,1,1,0,0,0,2,1,1,1,0,0,1,1,1,1,1,0,0,0,0,0
422,No,No,789589968ed90e82a832dbc60e958c76b787be7e,No,No,default,Static,Static Function,"flask_grant_unmapref(struct domain *,struct domain *)",xen/xsm/flask/hooks.c,0,4,0,2,4,0,4,1,1,0,0,0,2,1,1,1,0,0,1,1,1,1,1,0,0,0,0,0
422,No,No,789589968ed90e82a832dbc60e958c76b787be7e,No,No,default,Static,Static Function,"flask_hvm_altp2mhvm_op(struct domain *,uint64_t,uint32_t)",xen/xsm/flask/hooks.c,1,16,6,4,23,1,16,1,11,6,0,0,2,8,6,12,0,1,11,6,4,6,6,8,8,2,8,0
422,No,No,789589968ed90e82a832dbc60e958c76b787be7e,No,No,default,Static,Static Function,"flask_hvm_param(struct domain *,unsigned long)",xen/xsm/flask/hooks.c,2,16,0,2,18,2,16,2,10,0,0,0,2,3,7,10,1,0,9,3,2,3,1,3,0,1,0,0
422,No,No,789589968ed90e82a832dbc60e958c76b787be7e,No,No,default,Static,Static Function,flask_hvm_param_altp2mhvm(struct domain *),xen/xsm/flask/hooks.c,0,4,0,1,4,0,4,1,1,0,0,0,2,1,1,1,0,0,1,1,1,1,1,0,0,0,0,0
422,No,No,789589968ed90e82a832dbc60e958c76b787be7e,No,No,default,Static,Static Function,flask_hvm_param_nested(struct domain *),xen/xsm/flask/hooks.c,0,4,0,1,4,0,4,1,1,0,0,0,2,1,1,1,0,0,1,1,1,1,1,0,0,0,0,0
422,No,No,789589968ed90e82a832dbc60e958c76b787be7e,No,No,default,Static,Static Function,flask_init_hardware_domain(struct domain *),xen/xsm/flask/hooks.c,0,4,0,1,4,0,4,1,1,0,0,0,2,1,1,1,0,0,1,1,1,1,1,0,0,0,0,0
422,No,No,789589968ed90e82a832dbc60e958c76b787be7e,No,No,default,Static,Static Function,"flask_iomem_mapping(struct domain *,uint64_t,uint64_t,uint8_t)",xen/xsm/flask/hooks.c,0,4,0,4,4,0,4,1,1,0,0,0,2,1,1,1,0,0,1,1,1,1,1,0,0,0,0,0
422,No,No,789589968ed90e82a832dbc60e958c76b787be7e,No,No,default,Static,Static Function,"flask_iomem_permission(struct domain *,uint64_t,uint64_t,uint8_t)",xen/xsm/flask/hooks.c,4,17,0,6,21,4,17,3,12,0,0,0,10,3,10,12,2,0,10,3,3,3,1,2,0,1,0,0
422,No,No,789589968ed90e82a832dbc60e958c76b787be7e,No,No,default,Static,Static Function,flask_iommu_resource_use_perm(),xen/xsm/flask/hooks.c,1,8,9,6,18,1,8,2,5,9,0,0,1,2,3,4,1,0,3,3,3,3,1,0,0,1,0,1
422,No,No,789589968ed90e82a832dbc60e958c76b787be7e,No,No,default,Static,Static Function,"flask_irq_permission(struct domain *,int,uint8_t)",xen/xsm/flask/hooks.c,0,4,1,2,5,0,4,1,1,1,0,0,3,1,1,1,0,0,1,1,1,1,1,0,0,0,0,0
422,No,No,789589968ed90e82a832dbc60e958c76b787be7e,No,No,default,Static,Static Function,flask_kexec(),xen/xsm/flask/hooks.c,0,4,0,1,4,0,4,1,1,0,0,0,2,1,1,1,0,0,1,1,1,1,1,0,0,0,0,0
422,No,No,789589968ed90e82a832dbc60e958c76b787be7e,No,No,default,Static,Static Function,"flask_map_domain_irq(struct domain *,int,const void *)",xen/xsm/flask/hooks.c,5,20,0,3,25,5,20,5,14,0,0,0,7,6,12,15,4,0,11,4,4,5,3,3,2,1,2,0
422,No,No,789589968ed90e82a832dbc60e958c76b787be7e,No,No,default,Static,Static Function,"flask_map_domain_msi(struct domain *,int,const void *,u32 *,struct avc_audit_data *)",xen/xsm/flask/hooks.c,2,13,0,1,15,0,5,2,1,0,7,3,1,1,1,1,0,0,1,1,1,1,1,0,0,0,0,0
422,No,No,789589968ed90e82a832dbc60e958c76b787be7e,No,No,default,Static,Static Function,flask_map_domain_pirq(struct domain *),xen/xsm/flask/hooks.c,0,4,0,1,4,0,4,1,1,0,0,0,2,1,1,1,0,0,1,1,1,1,1,0,0,0,0,0
422,No,No,789589968ed90e82a832dbc60e958c76b787be7e,No,No,default,Static,Static Function,"flask_map_gmfn_foreign(struct domain *,struct domain *)",xen/xsm/flask/hooks.c,0,4,0,2,4,0,4,1,1,0,0,0,2,1,1,1,0,0,1,1,1,1,1,0,0,0,0,0
422,No,No,789589968ed90e82a832dbc60e958c76b787be7e,No,No,default,Static,Static Function,"flask_memory_adjust_reservation(struct domain *,struct domain *)",xen/xsm/flask/hooks.c,0,4,0,2,4,0,4,1,1,0,0,0,2,1,1,1,0,0,1,1,1,1,1,0,0,0,0,0
422,No,No,789589968ed90e82a832dbc60e958c76b787be7e,No,No,default,Static,Static Function,flask_memory_exchange(struct domain *),xen/xsm/flask/hooks.c,0,4,0,1,4,0,4,1,1,0,0,0,2,1,1,1,0,0,1,1,1,1,1,0,0,0,0,0
422,No,No,789589968ed90e82a832dbc60e958c76b787be7e,No,No,default,Static,Static Function,"flask_memory_pin_page(struct domain *,struct domain *,struct page_info *)",xen/xsm/flask/hooks.c,0,5,0,2,5,0,5,2,1,0,0,0,2,1,1,1,0,0,1,1,1,1,1,0,0,0,0,0
422,No,No,789589968ed90e82a832dbc60e958c76b787be7e,No,No,default,Static,Static Function,"flask_memory_stat_reservation(struct domain *,struct domain *)",xen/xsm/flask/hooks.c,0,4,0,2,4,0,4,1,1,0,0,0,2,1,1,1,0,0,1,1,1,1,1,0,0,0,0,0
422,No,No,789589968ed90e82a832dbc60e958c76b787be7e,No,No,default,Static,Static Function,flask_page_offline(uint32_t),xen/xsm/flask/hooks.c,0,13,0,1,13,0,13,1,9,0,0,0,5,4,4,8,0,0,8,4,2,4,1,6,0,1,0,0
422,No,No,789589968ed90e82a832dbc60e958c76b787be7e,No,No,default,Static,Static Function,"flask_pci_config_permission(struct domain *,uint32_t,uint16_t,uint16_t,uint8_t)",xen/xsm/flask/hooks.c,4,18,1,5,23,4,18,6,12,1,0,0,8,3,14,16,4,1,11,3,3,5,1,2,0,1,0,0
422,No,No,789589968ed90e82a832dbc60e958c76b787be7e,No,No,default,Static,Static Function,flask_platform_op(uint32_t),xen/xsm/flask/hooks.c,16,50,1,2,67,16,43,1,38,0,6,2,6,16,16,35,0,0,35,19,2,19,1,120,0,1,0,0
422,No,No,789589968ed90e82a832dbc60e958c76b787be7e,No,No,default,Static,Static Function,"flask_profile(struct domain *,int)",xen/xsm/flask/hooks.c,2,29,0,2,31,2,29,2,23,0,0,0,3,3,7,23,1,0,22,16,2,16,3,5,5,1,5,0
422,No,No,789589968ed90e82a832dbc60e958c76b787be7e,No,No,default,Static,Static Function,flask_readconsole(uint32_t),xen/xsm/flask/hooks.c,2,7,0,2,9,2,7,2,4,0,0,0,2,2,3,4,1,0,3,2,2,2,1,0,0,1,0,0
422,No,No,789589968ed90e82a832dbc60e958c76b787be7e,No,No,default,Static,Static Function,"flask_remove_from_physmap(struct domain *,struct domain *)",xen/xsm/flask/hooks.c,0,4,0,2,4,0,4,1,1,0,0,0,2,1,1,1,0,0,1,1,1,1,1,0,0,0,0,0
422,No,No,789589968ed90e82a832dbc60e958c76b787be7e,No,No,default,Static,Static Function,flask_resource_plug_core(),xen/xsm/flask/hooks.c,0,4,0,1,4,0,4,1,1,0,0,0,2,1,1,1,0,0,1,1,1,1,1,0,0,0,0,0
422,No,No,789589968ed90e82a832dbc60e958c76b787be7e,No,No,default,Static,Static Function,flask_resource_plug_pci(uint32_t),xen/xsm/flask/hooks.c,2,12,0,1,14,2,12,5,7,0,0,0,6,2,10,11,3,1,7,2,2,2,1,1,0,1,0,0
422,No,No,789589968ed90e82a832dbc60e958c76b787be7e,No,No,default,Static,Static Function,flask_resource_setup_gsi(int),xen/xsm/flask/hooks.c,2,10,0,1,12,2,10,4,5,0,0,0,3,2,6,7,3,0,4,2,2,2,1,1,0,1,0,0
422,No,No,789589968ed90e82a832dbc60e958c76b787be7e,No,No,default,Static,Static Function,flask_resource_setup_misc(),xen/xsm/flask/hooks.c,0,4,0,0,4,0,4,1,1,0,0,0,2,1,1,1,0,0,1,1,1,1,1,0,0,0,0,0
422,No,No,789589968ed90e82a832dbc60e958c76b787be7e,No,No,default,Static,Static Function,flask_resource_setup_pci(uint32_t),xen/xsm/flask/hooks.c,2,12,0,1,14,2,12,5,7,0,0,0,6,2,10,11,3,1,7,2,2,2,1,1,0,1,0,0
422,No,No,789589968ed90e82a832dbc60e958c76b787be7e,No,No,default,Static,Static Function,flask_resource_unplug_core(),xen/xsm/flask/hooks.c,0,4,0,1,4,0,4,1,1,0,0,0,2,1,1,1,0,0,1,1,1,1,1,0,0,0,0,0
422,No,No,789589968ed90e82a832dbc60e958c76b787be7e,No,No,default,Static,Static Function,flask_resource_unplug_pci(uint32_t),xen/xsm/flask/hooks.c,2,12,0,1,14,2,12,5,7,0,0,0,6,2,10,11,3,1,7,2,2,2,1,1,0,1,0,0
422,No,No,789589968ed90e82a832dbc60e958c76b787be7e,No,No,default,Static,Static Function,flask_resource_use_core(),xen/xsm/flask/hooks.c,0,4,0,1,4,0,4,1,1,0,0,0,2,1,1,1,0,0,1,1,1,1,1,0,0,0,0,0
422,No,No,789589968ed90e82a832dbc60e958c76b787be7e,No,No,default,Static,Static Function,"flask_schedop_shutdown(struct domain *,struct domain *)",xen/xsm/flask/hooks.c,0,4,0,2,4,0,4,1,1,0,0,0,2,1,1,1,0,0,1,1,1,1,1,0,0,0,0,0
422,No,No,789589968ed90e82a832dbc60e958c76b787be7e,No,No,default,Static,Static Function,"flask_security_domaininfo(struct domain *,struct xen_domctl_getdomaininfo *)",xen/xsm/flask/hooks.c,0,5,0,1,5,0,5,2,1,0,0,0,3,1,1,1,0,0,1,1,1,1,1,0,0,0,0,0
422,No,No,789589968ed90e82a832dbc60e958c76b787be7e,No,No,default,Static,Static Function,flask_set_pod_target(struct domain *),xen/xsm/flask/hooks.c,0,4,0,1,4,0,4,1,1,0,0,0,2,1,1,1,0,0,1,1,1,1,1,0,0,0,0,0
422,No,No,789589968ed90e82a832dbc60e958c76b787be7e,No,No,default,Static,Static Function,"flask_set_target(struct domain *,struct domain *)",xen/xsm/flask/hooks.c,2,19,2,5,23,2,19,3,14,2,0,0,4,4,12,15,2,0,13,4,4,4,4,3,3,1,3,0
422,No,No,789589968ed90e82a832dbc60e958c76b787be7e,No,No,default,Static,Static Function,flask_show_irq_sid(int),xen/xsm/flask/hooks.c,2,11,0,1,13,2,11,4,6,0,0,0,3,3,6,8,3,0,5,3,3,3,3,2,2,1,2,0
422,No,No,789589968ed90e82a832dbc60e958c76b787be7e,No,No,default,Static,Static Function,"flask_show_security_evtchn(struct domain *,const struct evtchn *)",xen/xsm/flask/hooks.c,1,24,0,6,25,1,24,5,16,0,0,0,5,10,12,19,4,0,15,7,5,8,6,6,6,2,6,0
422,No,No,789589968ed90e82a832dbc60e958c76b787be7e,No,No,default,Static,Static Function,flask_sysctl(int),xen/xsm/flask/hooks.c,17,65,1,2,83,17,62,1,57,1,1,2,4,21,21,49,0,0,49,28,2,28,1,210,0,1,0,0
422,No,No,789589968ed90e82a832dbc60e958c76b787be7e,No,No,default,Static,Static Function,flask_sysctl_scheduler_op(int),xen/xsm/flask/hooks.c,2,12,0,2,14,2,12,1,7,0,0,0,3,3,3,6,0,0,6,3,2,3,1,3,0,1,0,0
422,No,No,789589968ed90e82a832dbc60e958c76b787be7e,No,No,default,Static,Static Function,flask_tmem_op(),xen/xsm/flask/hooks.c,0,4,0,1,4,0,4,1,1,0,0,0,2,1,1,1,0,0,1,1,1,1,1,0,0,0,0,0
422,No,No,789589968ed90e82a832dbc60e958c76b787be7e,No,No,default,Static,Static Function,"flask_unbind_pt_irq(struct domain *,struct xen_domctl_bind_pt_irq *)",xen/xsm/flask/hooks.c,0,4,0,1,4,0,4,1,1,0,0,0,2,1,1,1,0,0,1,1,1,1,1,0,0,0,0,0
422,No,No,789589968ed90e82a832dbc60e958c76b787be7e,No,No,default,Static,Static Function,"flask_unmap_domain_irq(struct domain *,int,const void *)",xen/xsm/flask/hooks.c,2,15,0,3,17,2,15,4,9,0,0,0,4,4,8,10,3,0,7,3,3,4,1,2,0,1,0,0
422,No,No,789589968ed90e82a832dbc60e958c76b787be7e,No,No,default,Static,Static Function,"flask_unmap_domain_msi(struct domain *,int,const void *,u32 *,struct avc_audit_data *)",xen/xsm/flask/hooks.c,2,13,0,1,15,0,5,2,1,0,7,3,1,1,1,1,0,0,1,1,1,1,1,0,0,0,0,0
422,No,No,789589968ed90e82a832dbc60e958c76b787be7e,No,No,default,Static,Static Function,flask_unmap_domain_pirq(struct domain *),xen/xsm/flask/hooks.c,0,4,0,1,4,0,4,1,1,0,0,0,2,1,1,1,0,0,1,1,1,1,1,0,0,0,0,0
422,No,No,789589968ed90e82a832dbc60e958c76b787be7e,No,No,default,Static,Static Function,"flask_vm_event_control(struct domain *,int,int)",xen/xsm/flask/hooks.c,0,4,0,1,4,0,4,1,1,0,0,0,2,1,1,1,0,0,1,1,1,1,1,0,0,0,0,0
422,No,No,789589968ed90e82a832dbc60e958c76b787be7e,No,No,default,Static,Static Function,flask_xen_version(uint32_t),xen/xsm/flask/hooks.c,1,37,1,2,39,1,37,2,32,1,0,0,3,10,11,23,1,0,22,12,2,12,1,45,0,1,0,0
422,No,No,789589968ed90e82a832dbc60e958c76b787be7e,No,No,default,Static,Static Function,"flush_context_reg(void *,u16,u16,u8,u64,bool_t)",xen/drivers/passthrough/vtd/iommu.c,5,37,9,9,51,5,37,7,26,9,0,0,11,57,25,35,4,0,31,11,9,11,7,12,7,4,6,0
422,No,No,789589968ed90e82a832dbc60e958c76b787be7e,No,No,default,Static,Static Function,"flush_count(unsigned long,unsigned int,unsigned int)",xen/drivers/passthrough/amd/iommu_map.c,1,8,0,4,9,1,8,4,4,0,0,0,2,1,4,4,2,0,2,1,1,1,1,0,0,0,0,0
422,No,No,789589968ed90e82a832dbc60e958c76b787be7e,No,No,default,Static,Static Function,"flush_iotlb_reg(void *,u16,u64,unsigned int,u64,bool_t,bool_t)",xen/drivers/passthrough/vtd/iommu.c,6,47,13,10,66,6,47,9,33,13,0,0,12,897,29,43,5,0,38,15,13,15,7,12,7,4,6,0
422,No,No,789589968ed90e82a832dbc60e958c76b787be7e,No,No,default,none,Function,"flush_page_to_ram(unsigned long,bool)",xen/arch/arm/mm.c,2,8,8,4,18,2,8,2,5,8,0,0,5,2,4,5,1,0,4,2,2,2,1,0,0,1,0,1
422,No,No,789589968ed90e82a832dbc60e958c76b787be7e,No,No,default,Static,Static Function,flush_ready_eoi(),xen/arch/x86/irq.c,4,19,0,9,23,4,19,4,12,0,0,0,8,3,12,14,3,0,11,3,3,4,1,0,0,2,0,0
422,No,No,789589968ed90e82a832dbc60e958c76b787be7e,No,No,default,none,Function,"for_each_cpu(,&)",xen/common/page_alloc.c,0,7,0,4,7,0,7,1,4,0,0,0,6,2,3,4,0,0,4,2,2,2,1,0,0,1,0,0
422,No,No,789589968ed90e82a832dbc60e958c76b787be7e,No,No,default,none,Function,"for_each_cpu(,&)",xen/common/page_alloc.c,0,6,0,2,6,0,6,1,3,0,0,0,2,2,2,3,0,0,3,2,2,2,1,0,0,1,0,0
422,No,No,789589968ed90e82a832dbc60e958c76b787be7e,No,No,default,none,Function,"for_each_node_mask(,)",xen/arch/x86/dom0_build.c,3,13,3,0,19,3,13,10,2,3,0,0,1,2,4,5,1,0,4,2,2,2,1,0,0,1,0,0
422,No,No,789589968ed90e82a832dbc60e958c76b787be7e,No,No,default,none,Function,for_each_online_cpu(),xen/arch/arm/p2m.c,1,8,1,6,10,1,8,2,5,1,0,0,3,4,3,5,1,0,4,3,3,3,1,0,0,1,0,0
422,No,No,789589968ed90e82a832dbc60e958c76b787be7e,No,No,default,none,Function,for_each_online_node(),xen/common/page_alloc.c,8,39,6,11,53,8,39,2,28,6,0,0,24,32,24,29,1,0,28,6,6,7,1,0,0,1,0,0
422,No,No,789589968ed90e82a832dbc60e958c76b787be7e,No,No,default,none,Function,for_each_online_node(),xen/common/page_alloc.c,0,25,4,13,29,0,25,1,18,4,0,0,17,6,14,17,0,0,17,4,4,4,1,1,0,2,0,0
422,No,No,789589968ed90e82a832dbc60e958c76b787be7e,No,No,default,none,Function,for_each_present_cpu(),xen/arch/arm/setup.c,0,9,0,2,9,0,9,2,4,0,0,0,5,3,2,4,1,0,3,3,3,4,1,0,0,2,0,0
422,No,No,789589968ed90e82a832dbc60e958c76b787be7e,No,No,default,none,Function,for_each_present_cpu(),xen/arch/x86/cpu/mwait-idle.c,0,13,1,2,14,0,13,4,8,1,0,0,2,1,5,9,0,0,9,5,1,5,1,0,0,0,0,0
422,No,No,789589968ed90e82a832dbc60e958c76b787be7e,No,No,default,none,Function,for_each_present_cpu(),xen/arch/x86/setup.c,3,29,6,7,38,3,29,1,20,6,0,0,9,15,15,20,0,0,20,7,7,9,1,0,0,3,0,0
422,No,No,789589968ed90e82a832dbc60e958c76b787be7e,No,No,default,none,Function,for_each_present_cpu(),xen/arch/x86/setup.c,1,23,2,5,26,1,23,1,16,2,0,0,12,5,7,11,0,0,11,5,5,10,1,2,0,3,0,0
422,No,No,789589968ed90e82a832dbc60e958c76b787be7e,No,No,default,none,Function,force_update_vcpu_system_time(struct vcpu *),xen/arch/x86/time.c,0,4,0,2,4,0,4,1,1,0,0,0,1,1,1,1,0,0,1,1,1,1,1,0,0,0,0,0
422,No,No,789589968ed90e82a832dbc60e958c76b787be7e,No,No,default,Static,Static Function,fpu_check_write(),xen/arch/x86/x86_emulate/x86_emulate.c,2,6,0,0,8,2,6,2,1,0,0,0,1,1,3,3,1,1,1,1,1,1,1,0,0,0,0,0
422,No,No,789589968ed90e82a832dbc60e958c76b787be7e,No,No,default,Static,Static Function,free_amd_iommu_pgtable(struct page_info *),xen/include/asm-x86/hvm/svm/amd-iommu-proto.h,0,5,0,1,5,0,5,1,2,0,0,0,1,2,1,2,0,0,2,2,2,2,1,0,0,1,0,0
422,No,No,789589968ed90e82a832dbc60e958c76b787be7e,No,No,default,none,Function,free_compat_arg_xlat(struct vcpu *),xen/arch/x86/x86_64/mm.c,0,5,0,2,5,0,5,1,2,0,0,0,3,1,1,1,0,0,1,1,1,1,1,0,0,0,0,0
422,No,No,789589968ed90e82a832dbc60e958c76b787be7e,No,No,default,Static,Static Function,free_cpuid_domain_info(struct cpuid_domain_info *),tools/libxc/xc_cpuid_x86.c,0,4,0,4,4,0,4,1,1,0,0,0,1,1,1,1,0,0,1,1,1,1,1,0,0,0,0,0
422,No,No,789589968ed90e82a832dbc60e958c76b787be7e,No,No,default,none,Function,free_domain_pirqs(struct domain *),xen/arch/x86/irq.c,3,11,0,4,14,3,11,2,7,0,0,0,6,3,8,10,1,0,9,3,3,3,1,0,0,2,0,0
422,No,No,789589968ed90e82a832dbc60e958c76b787be7e,No,No,default,none,Function,free_domain_struct(struct domain *),xen/arch/arm/domain.c,0,4,0,1,4,0,4,1,1,0,0,0,1,1,1,1,0,0,1,1,1,1,1,0,0,0,0,0
422,No,No,789589968ed90e82a832dbc60e958c76b787be7e,No,No,default,none,Function,free_domain_struct(struct domain *),xen/arch/x86/domain.c,0,4,0,1,4,0,4,1,1,0,0,0,1,1,1,1,0,0,1,1,1,1,1,0,0,0,0,0
422,No,No,789589968ed90e82a832dbc60e958c76b787be7e,No,No,default,none,Function,"free_domheap_pages(struct page_info *,unsigned int)",xen/common/page_alloc.c,12,41,14,32,67,12,41,5,25,14,0,0,15,42,28,37,4,0,33,15,15,18,1,2,0,5,0,0
422,No,No,789589968ed90e82a832dbc60e958c76b787be7e,No,No,default,Static,Static Function,"free_evtchn_bucket(struct domain *,struct evtchn *)",xen/common/event_channel.c,3,9,0,3,12,3,9,3,5,0,0,0,2,3,6,8,1,0,7,3,3,3,1,1,0,1,0,0
422,No,No,789589968ed90e82a832dbc60e958c76b787be7e,No,No,default,Static,Static Function,"free_heap_pages(struct page_info *,unsigned int,bool)",xen/common/page_alloc.c,23,83,19,16,124,23,83,8,66,19,0,0,34,4896,43,59,6,0,53,23,23,31,5,8,8,3,7,0
422,No,No,789589968ed90e82a832dbc60e958c76b787be7e,No,No,default,none,Function,free_init_memory(),xen/arch/arm/mm.c,2,20,1,3,23,2,16,6,11,0,2,3,4,2,14,15,5,0,10,2,2,2,1,0,0,1,0,0
422,No,No,789589968ed90e82a832dbc60e958c76b787be7e,No,No,default,Static,Static Function,free_no_errno(void *),tools/xenstore/xs.c,0,6,0,5,6,0,6,2,3,0,0,0,2,1,3,3,1,0,2,1,1,1,1,0,0,0,0,0
422,No,No,789589968ed90e82a832dbc60e958c76b787be7e,No,No,default,none,Function,"free_page_type(struct page_info *,unsigned long,int)",xen/arch/x86/mm.c,6,50,1,2,57,0,6,2,2,0,48,3,2,1,2,2,0,0,2,1,1,1,1,0,0,0,0,0
422,No,No,789589968ed90e82a832dbc60e958c76b787be7e,No,No,default,Static,Static Function,"free_pdev(struct pci_seg *,struct pci_dev *)",xen/drivers/passthrough/pci.c,4,25,1,11,30,4,25,2,19,1,0,0,7,5,15,19,1,1,17,4,3,4,3,1,1,2,1,0
422,No,No,789589968ed90e82a832dbc60e958c76b787be7e,No,No,default,none,Function,free_perdomain_mappings(struct domain *),xen/arch/x86/mm.c,10,40,0,5,50,10,40,9,27,0,0,0,15,13,25,34,8,0,26,10,10,10,1,2,0,7,0,0
422,No,No,789589968ed90e82a832dbc60e958c76b787be7e,No,No,default,none,Function,free_pgtable_maddr(u64),xen/drivers/passthrough/vtd/iommu.c,0,5,0,3,5,0,5,1,2,0,0,0,2,2,1,2,0,0,2,2,2,2,1,0,0,1,0,0
422,No,No,789589968ed90e82a832dbc60e958c76b787be7e,No,No,default,none,Function,free_pirq_struct(void *),xen/common/domain.c,1,5,0,3,6,1,5,2,2,0,0,0,1,1,2,2,1,0,1,1,1,1,1,0,0,0,0,0
422,No,No,789589968ed90e82a832dbc60e958c76b787be7e,No,No,default,Static,Static Function,"free_remap_entry(struct iommu *,int)",xen/drivers/passthrough/vtd/intremap.c,5,15,0,5,20,5,15,4,11,0,0,0,9,2,12,13,2,0,11,3,3,4,1,1,0,1,0,0
422,No,No,789589968ed90e82a832dbc60e958c76b787be7e,No,No,default,none,Function,free_shared_domheap_page(struct page_info *),xen/arch/x86/mm.c,0,10,0,3,10,0,10,1,7,0,0,0,9,4,5,7,0,0,7,3,3,3,1,0,0,1,0,0
422,No,No,789589968ed90e82a832dbc60e958c76b787be7e,No,No,default,Static,Static Function,free_socket_resources(unsigned int),xen/arch/x86/psr.c,5,14,5,5,24,5,14,3,8,5,0,0,7,2,10,11,2,0,9,2,2,2,1,0,0,1,0,0
422,No,No,789589968ed90e82a832dbc60e958c76b787be7e,No,No,default,Static,Static Function,free_vcpu_guest_context(struct vcpu_guest_context *),xen/include/asm-arm/domain.h,0,4,0,1,4,0,4,1,1,0,0,0,1,1,1,1,0,0,1,1,1,1,1,0,0,0,0,0
422,No,No,789589968ed90e82a832dbc60e958c76b787be7e,No,No,default,none,Function,free_vcpu_struct(struct vcpu *),xen/arch/arm/domain.c,0,4,0,1,4,0,4,1,1,0,0,0,2,1,1,1,0,0,1,1,1,1,1,0,0,0,0,0
422,No,No,789589968ed90e82a832dbc60e958c76b787be7e,No,No,default,none,Function,free_vcpu_struct(struct vcpu *),xen/arch/x86/domain.c,0,4,0,1,4,0,4,1,1,0,0,0,1,1,1,1,0,0,1,1,1,1,1,0,0,0,0,0
422,No,No,789589968ed90e82a832dbc60e958c76b787be7e,No,No,default,none,Function,"free_xen_event_channel(struct domain *,int)",xen/common/event_channel.c,1,5,0,5,6,1,5,1,2,0,0,0,4,2,3,4,0,0,4,3,3,3,1,0,0,2,0,0
422,No,No,789589968ed90e82a832dbc60e958c76b787be7e,No,No,default,none,Function,free_xen_pagetable(void *),xen/arch/x86/mm.c,0,5,0,7,5,0,5,1,2,0,0,0,1,2,1,2,0,0,2,2,2,2,1,0,0,1,0,0
422,No,No,789589968ed90e82a832dbc60e958c76b787be7e,No,No,default,none,Function,"free_xenheap_pages(void *,unsigned int)",xen/common/page_alloc.c,5,12,0,24,17,5,12,3,7,0,0,0,6,6,10,13,2,0,11,5,5,5,1,1,0,2,0,0
422,No,No,789589968ed90e82a832dbc60e958c76b787be7e,No,No,default,Static,Static Function,freq_string(u64),xen/arch/x86/time.c,0,9,0,1,9,0,9,3,4,0,0,0,3,1,6,6,2,0,4,1,1,1,1,0,0,0,0,0
422,No,No,789589968ed90e82a832dbc60e958c76b787be7e,No,No,default,Static,Static Function,fsc_level_str(int),xen/arch/arm/traps.c,0,11,0,2,11,0,11,1,6,0,0,0,1,5,5,10,0,0,10,5,2,5,1,10,0,1,0,0
422,No,No,789589968ed90e82a832dbc60e958c76b787be7e,No,No,default,Static,Static Function,"gather_val_array(uint32_t [],unsigned int,const struct psr_socket_info *,unsigned int)",xen/arch/x86/psr.c,9,31,6,10,46,9,31,8,20,6,0,0,3,14,18,25,4,0,21,8,8,8,6,8,8,2,8,0
422,No,No,789589968ed90e82a832dbc60e958c76b787be7e,No,No,default,Static,Static Function,"gdbsx_guest_mem_io(domid_t,struct xen_domctl_gdbsx_memio *)",xen/arch/x86/domctl.c,2,7,0,8,9,2,7,2,3,0,0,0,4,1,3,3,1,0,2,2,2,2,1,0,0,0,0,0
422,No,No,789589968ed90e82a832dbc60e958c76b787be7e,No,No,default,Static,Static Function,gdt_ldt_desc_ptr(unsigned int),xen/arch/x86/pv/emulate.h,1,7,0,3,8,1,7,4,4,0,0,0,3,1,3,3,2,0,1,2,2,2,1,0,0,0,0,0
422,No,No,789589968ed90e82a832dbc60e958c76b787be7e,No,No,default,none,Function,"gen_stub_json_config(uint32_t,libxl_uuid *)",tools/helpers/init-dom-json.c,8,43,5,9,55,8,43,7,32,5,0,0,20,17,26,31,6,0,25,7,7,8,1,3,0,1,0,0
422,No,No,789589968ed90e82a832dbc60e958c76b787be7e,No,No,default,Static,Static Function,"generate_vttbr(uint16_t,mfn_t)",xen/arch/arm/p2m.c,0,4,0,6,4,0,4,1,1,0,0,0,2,1,1,1,0,0,1,1,1,1,1,0,0,0,0,0
422,No,No,789589968ed90e82a832dbc60e958c76b787be7e,No,No,default,Static,Static Function,generic_identify(struct cpuinfo_x86 *),xen/arch/x86/cpu/common.c,10,47,8,11,64,10,47,2,43,8,0,0,23,1024,25,35,1,0,34,11,11,12,1,0,0,1,0,0
422,No,No,789589968ed90e82a832dbc60e958c76b787be7e,No,No,default,Static,Static Function,get_cmos_time(),xen/arch/x86/time.c,14,53,3,8,68,14,53,7,39,3,0,0,15,85,29,38,7,3,28,12,12,24,6,7,7,3,6,0
422,No,No,789589968ed90e82a832dbc60e958c76b787be7e,No,No,default,Static,Static Function,get_cos_num(),xen/arch/x86/psr.c,2,8,1,3,11,2,8,2,5,1,0,0,2,3,5,7,1,0,6,3,3,3,1,0,0,2,0,0
422,No,No,789589968ed90e82a832dbc60e958c76b787be7e,No,No,default,Static,Static Function,"get_cpl(struct x86_emulate_ctxt *,const struct x86_emulate_ops *)",xen/arch/x86/x86_emulate/x86_emulate.c,3,13,0,11,16,3,13,5,6,0,0,0,2,3,4,6,1,0,5,3,3,4,3,2,2,1,2,0
422,No,No,789589968ed90e82a832dbc60e958c76b787be7e,No,No,default,none,Function,get_cpu_idle_time(unsigned int),xen/common/schedule.c,2,8,0,3,10,2,8,3,5,0,0,0,3,2,4,5,2,0,3,2,2,3,1,0,0,1,0,0
422,No,No,789589968ed90e82a832dbc60e958c76b787be7e,No,No,default,none,Function,"get_cpu_vendor(uint32_t,uint32_t,uint32_t,enum get_cpu_vendor)",xen/arch/x86/cpu/common.c,3,26,0,12,29,3,26,6,15,0,0,0,3,11,14,20,4,0,16,7,7,9,5,5,5,4,5,0
422,No,No,789589968ed90e82a832dbc60e958c76b787be7e,No,No,default,Static,Static Function,"get_cpuid_domain_info(xc_interface *,uint32_t,struct cpuid_domain_info *,uint32_t *,unsigned int)",tools/libxc/xc_cpuid_x86.c,18,75,9,14,100,18,75,12,57,9,0,0,23,66,38,51,8,0,43,15,15,20,12,19,18,3,17,0
422,No,No,789589968ed90e82a832dbc60e958c76b787be7e,No,No,default,Static,Static Function,get_cycles(),xen/include/asm-x86/time.h,0,4,0,0,4,0,4,1,1,0,0,0,2,1,1,1,0,0,1,1,1,1,1,0,0,0,0,0
422,No,No,789589968ed90e82a832dbc60e958c76b787be7e,No,No,default,none,Function,get_default_hcr_flags(),xen/arch/arm/traps.c,0,6,0,2,6,0,6,1,3,0,0,0,1,1,1,1,0,0,1,2,2,2,1,0,0,0,0,0
422,No,No,789589968ed90e82a832dbc60e958c76b787be7e,No,No,default,Static,Static Function,get_dev(const char *),tools/xenstore/xs.c,0,4,1,2,5,0,4,1,1,1,0,0,2,1,1,1,0,0,1,1,1,1,1,0,0,0,0,0
422,No,No,789589968ed90e82a832dbc60e958c76b787be7e,No,No,default,none,Function,"get_dma_requestor_id(u16,u16)",xen/drivers/passthrough/amd/pci_amd_iommu.c,2,11,0,10,13,2,11,3,7,0,0,0,3,2,6,7,2,0,5,2,2,3,1,0,0,1,0,0
422,No,No,789589968ed90e82a832dbc60e958c76b787be7e,No,No,default,Static,Static Function,get_domain(struct domain *),xen/include/xen/sched.h,0,13,0,5,13,0,13,2,8,0,0,0,4,2,6,7,1,0,6,3,3,3,3,2,2,2,2,0
422,No,No,789589968ed90e82a832dbc60e958c76b787be7e,No,No,default,none,Function,get_domain_by_id(domid_t),xen/common/domain.c,4,18,0,14,22,4,18,2,10,0,0,0,6,4,8,11,1,0,10,4,4,4,3,2,2,3,2,0
422,No,No,789589968ed90e82a832dbc60e958c76b787be7e,No,No,default,Static,Static Function,"get_entry(struct vpci_msix *,paddr_t)",xen/drivers/vpci/msix.c,1,6,0,7,7,1,6,3,2,0,0,0,2,1,2,2,1,0,1,1,1,1,1,0,0,0,0,0
422,No,No,789589968ed90e82a832dbc60e958c76b787be7e,No,No,default,Static,Static Function,get_error(const char *),tools/xenstore/xs.c,1,8,0,4,9,1,8,2,4,0,0,0,3,3,5,7,1,0,6,3,3,3,3,3,3,2,3,0
422,No,No,789589968ed90e82a832dbc60e958c76b787be7e,No,No,default,Static,Static Function,get_fallback_cpu(struct csched2_vcpu *),xen/common/sched_credit2.c,8,33,34,7,75,8,33,4,25,34,0,0,16,20,17,23,3,0,20,8,8,10,6,3,3,2,3,1
422,No,No,789589968ed90e82a832dbc60e958c76b787be7e,No,No,default,Static,Static Function,get_faulting_ipa(vaddr_t),xen/arch/arm/traps.c,2,8,0,2,10,2,8,3,4,0,0,0,2,1,5,5,2,0,3,1,1,1,1,0,0,0,0,0
422,No,No,789589968ed90e82a832dbc60e958c76b787be7e,No,No,default,Static,Static Function,"get_featureset(xc_interface *,unsigned int)",tools/misc/xen-cpuid.c,3,10,0,7,13,3,10,2,7,0,0,0,5,4,5,7,1,0,6,3,3,3,1,0,0,1,0,0
422,No,No,789589968ed90e82a832dbc60e958c76b787be7e,No,No,default,Static,Static Function,"get_field_from_reg_u32(u32,u32,u32)",xen/include/asm-x86/hvm/svm/amd-iommu-proto.h,0,6,0,10,6,0,6,2,2,0,0,0,1,1,3,3,1,0,2,1,1,1,1,0,0,0,0,0
422,No,No,789589968ed90e82a832dbc60e958c76b787be7e,No,No,default,Static,Static Function,"get_free_buddy(unsigned int,unsigned int,unsigned int,unsigned int,const struct domain *)",xen/common/page_alloc.c,6,70,16,13,91,6,70,9,45,16,0,0,11,1086,32,51,5,3,43,23,23,27,16,32,32,5,32,0
422,No,No,789589968ed90e82a832dbc60e958c76b787be7e,No,No,default,none,Function,"get_free_pirq(struct domain *,int)",xen/arch/x86/irq.c,3,21,0,6,24,3,21,2,11,0,0,0,6,10,11,16,1,0,15,6,6,6,6,7,7,3,7,0
422,No,No,789589968ed90e82a832dbc60e958c76b787be7e,No,No,default,none,Function,"get_free_pirqs(struct domain *,unsigned int)",xen/arch/x86/irq.c,3,15,0,6,18,3,15,2,10,0,0,0,6,4,8,11,1,0,10,4,4,4,4,5,5,3,5,0
422,No,No,789589968ed90e82a832dbc60e958c76b787be7e,No,No,default,Static,Static Function,get_free_port(struct domain *),xen/common/event_channel.c,5,14,0,10,19,5,14,3,8,0,0,0,2,4,8,11,2,0,9,4,4,4,4,3,3,2,3,0
422,No,No,789589968ed90e82a832dbc60e958c76b787be7e,No,No,default,Static,Static Function,"get_gfn_query_unlocked(struct domain *,unsigned long,p2m_type_t *)",xen/include/asm-x86/p2m.h,0,7,0,6,7,0,7,4,1,0,0,0,2,1,2,2,1,0,1,1,1,1,1,0,0,0,0,0
422,No,No,789589968ed90e82a832dbc60e958c76b787be7e,No,No,default,Static,Static Function,get_handle(const char *),tools/xenstore/xs.c,16,43,1,7,60,14,36,4,29,1,7,2,19,16,28,34,3,0,31,9,9,9,4,7,6,2,6,0
422,No,No,789589968ed90e82a832dbc60e958c76b787be7e,No,No,default,Static,Static Function,get_hfar(bool),xen/arch/arm/traps.c,2,13,0,2,15,2,6,2,2,0,4,3,2,1,3,3,1,0,2,1,1,1,1,0,0,0,0,0
422,No,No,789589968ed90e82a832dbc60e958c76b787be7e,No,No,default,Static,Static Function,get_host_eptp(struct vcpu *),xen/arch/x86/hvm/vmx/vvmx.c,0,4,0,5,4,0,4,1,1,0,0,0,2,1,1,1,0,0,1,1,1,1,1,0,0,0,0,0
422,No,No,789589968ed90e82a832dbc60e958c76b787be7e,No,No,default,Static,Static Function,"get_hotplug_env(libxl__gc *,char *,libxl__device *)",tools/libxl/libxl_linux.c,5,48,6,8,59,5,48,9,38,6,0,0,12,8,32,38,7,1,30,8,7,8,5,6,5,2,5,0
422,No,No,789589968ed90e82a832dbc60e958c76b787be7e,No,No,default,Static,Static Function,get_initial_domain_id(),xen/include/asm-x86/pv/shim.h,0,4,0,0,4,0,4,1,1,0,0,0,1,1,1,1,0,0,1,1,1,1,1,0,0,0,0,0
422,No,No,789589968ed90e82a832dbc60e958c76b787be7e,No,No,default,none,Function,get_initial_domain_id(),xen/arch/x86/pv/shim.c,3,8,0,2,11,3,8,2,4,0,0,0,3,2,4,5,1,0,4,3,3,3,1,1,0,1,0,0
422,No,No,789589968ed90e82a832dbc60e958c76b787be7e,No,No,default,Static,Static Function,get_instruction_length(),xen/arch/x86/hvm/vmx/vmx.c,1,7,1,3,8,1,7,2,3,1,0,0,4,2,5,6,1,0,5,3,3,4,1,0,0,2,0,0
422,No,No,789589968ed90e82a832dbc60e958c76b787be7e,No,No,default,Static,Static Function,"get_ioreq(struct hvm_ioreq_server *,struct vcpu *)",xen/arch/x86/hvm/ioreq.c,2,7,0,9,9,2,7,2,4,0,0,0,4,4,6,8,1,0,7,5,5,6,1,0,0,2,0,0
422,No,No,789589968ed90e82a832dbc60e958c76b787be7e,No,No,default,Static,Static Function,"get_ioreq_server(const struct domain *,unsigned int)",xen/arch/x86/hvm/ioreq.c,1,7,0,13,8,1,7,2,3,0,0,0,1,2,2,3,0,0,3,2,2,2,1,1,0,1,0,0
422,No,No,789589968ed90e82a832dbc60e958c76b787be7e,No,No,default,Static,Static Function,"get_ipa_output_size(struct domain *,register_t,unsigned int *)",xen/arch/arm/guest_walk.c,5,26,7,1,38,1,6,2,2,0,29,2,2,1,2,2,0,0,2,1,1,1,1,0,0,0,0,0
422,No,No,789589968ed90e82a832dbc60e958c76b787be7e,No,No,default,Static,Static Function,"get_irq_sid(int,u32 *,struct avc_audit_data *)",xen/xsm/flask/hooks.c,1,32,1,9,34,1,18,3,12,1,12,2,7,5,12,16,0,2,14,5,5,6,3,2,2,2,2,0
422,No,No,789589968ed90e82a832dbc60e958c76b787be7e,No,No,default,none,Function,get_ivrs_mappings(u16),xen/drivers/passthrough/amd/iommu_init.c,0,4,0,6,4,0,4,1,1,0,0,0,2,1,1,1,0,0,1,1,1,1,1,0,0,0,0,0
422,No,No,789589968ed90e82a832dbc60e958c76b787be7e,No,No,default,Static,Static Function,get_knownalive_domain(struct domain *),xen/include/xen/sched.h,0,5,0,10,5,0,5,1,2,0,0,0,4,1,2,2,0,0,2,1,1,1,1,0,0,0,0,0
422,No,No,789589968ed90e82a832dbc60e958c76b787be7e,No,No,default,Static,Static Function,"get_loop_count(const struct cpu_user_regs *,int)",xen/arch/x86/x86_emulate/x86_emulate.c,0,7,0,6,7,0,7,3,2,0,0,0,1,1,1,1,0,0,1,3,3,3,1,0,0,0,0,0
422,No,No,789589968ed90e82a832dbc60e958c76b787be7e,No,No,default,Static,Static Function,get_maptrack_handle(struct grant_table *),xen/common/grant_table.c,14,53,15,10,82,14,53,12,40,15,0,0,19,17,36,44,5,0,39,10,10,10,5,5,5,3,5,0
422,No,No,789589968ed90e82a832dbc60e958c76b787be7e,No,No,default,Static,Static Function,get_max_cos_max(const struct psr_socket_info *),xen/arch/x86/psr.c,3,11,0,4,14,3,11,3,6,0,0,0,3,3,6,8,2,0,6,3,3,3,1,0,0,2,0,0
422,No,No,789589968ed90e82a832dbc60e958c76b787be7e,No,No,default,none,Function,get_maxlvt(),xen/arch/x86/apic.c,1,5,0,5,6,1,5,2,2,0,0,0,3,1,2,2,1,0,1,1,1,1,1,0,0,0,0,0
422,No,No,789589968ed90e82a832dbc60e958c76b787be7e,No,No,default,none,Function,get_model_name(struct cpuinfo_x86 *),xen/arch/x86/cpu/common.c,4,22,3,4,28,4,22,3,16,3,0,0,3,11,13,18,2,0,16,6,6,6,1,1,0,2,0,0
422,No,No,789589968ed90e82a832dbc60e958c76b787be7e,No,No,default,Static,Static Function,get_next_handle(),xen/arch/x86/mm/mem_sharing.c,0,9,1,2,10,0,9,2,5,1,0,0,2,1,4,4,1,0,3,2,2,2,1,0,0,1,0,0
422,No,No,789589968ed90e82a832dbc60e958c76b787be7e,No,No,default,Static,Static Function,get_order_from_bytes(paddr_t),xen/include/xen/mm.h,2,8,0,8,10,2,8,2,4,0,0,0,1,2,6,7,1,0,6,2,2,2,1,0,0,1,0,0
422,No,No,789589968ed90e82a832dbc60e958c76b787be7e,No,No,default,Static,Static Function,get_order_from_pages(unsigned long),xen/include/xen/mm.h,2,8,0,7,10,2,8,2,4,0,0,0,1,2,6,7,1,0,6,2,2,2,1,0,0,1,0,0
422,No,No,789589968ed90e82a832dbc60e958c76b787be7e,No,No,default,none,Function,"get_outstanding_claims(uint64_t *,uint64_t *)",xen/common/page_alloc.c,0,7,0,1,7,0,7,1,4,0,0,0,5,1,4,4,0,0,4,1,1,1,1,0,0,0,0,0
422,No,No,789589968ed90e82a832dbc60e958c76b787be7e,No,No,default,none,Function,"get_page(struct page_info *,struct domain *)",xen/arch/x86/mm.c,4,15,0,3,19,4,15,2,12,0,0,0,6,5,5,8,1,0,7,4,4,5,1,1,0,1,0,0
422,No,No,789589968ed90e82a832dbc60e958c76b787be7e,No,No,default,none,Function,"get_page(struct page_info *,struct domain *)",xen/arch/arm/mm.c,3,9,0,2,12,3,9,2,6,0,0,0,4,3,4,6,1,0,5,3,3,3,1,1,0,1,0,0
422,No,No,789589968ed90e82a832dbc60e958c76b787be7e,No,No,default,Static,Static Function,"get_page_and_type(struct page_info *,struct domain *,unsigned long)",xen/include/asm-x86/mm.h,2,12,0,3,14,2,12,4,5,0,0,0,6,2,4,5,1,0,4,2,2,3,1,0,0,1,0,0
422,No,No,789589968ed90e82a832dbc60e958c76b787be7e,No,No,default,Static,Static Function,"get_page_and_type(struct page_info *,struct domain *,unsigned long)",xen/include/asm-arm/p2m.h,2,12,0,3,14,2,12,4,5,0,0,0,6,2,4,5,1,0,4,2,2,3,1,0,0,1,0,0
422,No,No,789589968ed90e82a832dbc60e958c76b787be7e,No,No,default,Static,Static Function,"get_page_from_gfn(struct domain *,unsigned long,p2m_type_t *,p2m_query_t)",xen/include/asm-x86/p2m.h,2,11,1,7,14,2,11,3,6,1,0,0,10,3,5,7,1,0,6,5,5,6,1,1,0,1,0,0
422,No,No,789589968ed90e82a832dbc60e958c76b787be7e,No,No,default,Static,Static Function,"get_page_from_gfn(struct domain *,unsigned long,p2m_type_t *,p2m_query_t)",xen/include/asm-arm/p2m.h,7,21,8,6,36,7,21,5,14,8,0,0,8,7,12,16,3,0,13,5,5,6,3,3,2,1,2,0
422,No,No,789589968ed90e82a832dbc60e958c76b787be7e,No,No,default,none,Function,"get_page_from_gva(struct vcpu *,vaddr_t,unsigned long)",xen/arch/arm/p2m.c,12,53,44,6,109,12,53,11,36,44,0,0,19,16,29,39,9,0,30,12,12,15,10,14,14,2,14,0
422,No,No,789589968ed90e82a832dbc60e958c76b787be7e,No,No,default,none,Function,"get_page_from_l1e(l1_pgentry_t,struct domain *,struct domain *)",xen/arch/x86/mm.c,22,170,25,14,212,22,168,16,123,25,0,2,28,162,63,94,12,0,82,33,29,48,20,44,42,4,42,0
422,No,No,789589968ed90e82a832dbc60e958c76b787be7e,No,No,default,Static,Static Function,"get_page_from_mfn(mfn_t,struct domain *)",xen/include/asm-x86/mm.h,2,11,0,2,13,2,11,2,6,0,0,0,7,2,4,5,1,0,4,2,2,3,1,1,0,1,0,0
422,No,No,789589968ed90e82a832dbc60e958c76b787be7e,No,No,default,Static,Static Function,get_page_light(struct page_info *),xen/arch/x86/mm.c,1,12,2,3,13,1,12,2,8,2,0,0,3,4,9,11,1,0,10,6,6,6,1,0,0,3,0,0
422,No,No,789589968ed90e82a832dbc60e958c76b787be7e,No,No,default,none,Function,"get_page_type(struct page_info *,unsigned long)",xen/arch/x86/mm.c,1,8,0,3,9,1,8,2,5,0,0,0,5,3,5,7,1,0,6,4,4,5,1,1,0,2,0,0
422,No,No,789589968ed90e82a832dbc60e958c76b787be7e,No,No,default,none,Function,"get_page_type(struct page_info *,unsigned long)",xen/arch/arm/mm.c,0,4,0,0,4,0,4,1,1,0,0,0,1,1,1,1,0,0,1,1,1,1,1,0,0,0,0,0
422,No,No,789589968ed90e82a832dbc60e958c76b787be7e,No,No,default,none,Function,"get_page_type_preemptible(struct page_info *,unsigned long)",xen/arch/x86/mm.c,1,5,0,4,6,1,5,1,2,0,0,0,4,2,3,4,0,0,4,3,3,3,1,0,0,2,0,0
422,No,No,789589968ed90e82a832dbc60e958c76b787be7e,No,No,default,Static,Static Function,"get_paged_frame(unsigned long,mfn_t *,struct page_info **,bool,struct domain *)",xen/common/grant_table.c,8,27,1,7,36,8,27,5,16,1,0,0,9,5,12,17,2,0,15,5,3,5,5,8,8,1,8,0
422,No,No,789589968ed90e82a832dbc60e958c76b787be7e,No,No,default,Static,Static Function,get_paging_mode(unsigned long),xen/drivers/passthrough/amd/pci_amd_iommu.c,3,12,0,2,15,3,12,2,7,0,0,0,3,3,5,7,1,0,6,3,3,3,3,3,3,2,3,0
422,No,No,789589968ed90e82a832dbc60e958c76b787be7e,No,No,default,none,Function,get_pg_owner(domid_t),xen/common/page_alloc.c,6,29,0,4,35,6,29,2,19,0,0,0,7,16,12,18,1,0,17,6,5,6,3,5,2,2,2,0
422,No,No,789589968ed90e82a832dbc60e958c76b787be7e,No,No,default,none,Function,get_physical_broadcast(),xen/arch/x86/apic.c,0,7,0,0,7,0,7,1,4,0,0,0,2,2,2,3,0,0,3,2,2,2,1,1,0,1,0,0
422,No,No,789589968ed90e82a832dbc60e958c76b787be7e,No,No,default,Static,Static Function,get_pseg(u16),xen/drivers/passthrough/pci.c,0,4,0,9,4,0,4,1,1,0,0,0,2,1,1,1,0,0,1,1,1,1,1,0,0,0,0,0
422,No,No,789589968ed90e82a832dbc60e958c76b787be7e,No,No,default,Static,Static Function,"get_reaper_lock_and_uid(libxl__destroy_devicemodel_state *,uid_t *)",tools/libxl/libxl_dm.c,4,29,12,5,44,4,29,7,19,12,0,0,9,6,17,21,6,3,12,5,5,5,5,7,7,2,7,0
422,No,No,789589968ed90e82a832dbc60e958c76b787be7e,No,No,default,Static,Static Function,"get_rx_ptr(const struct domain *,struct argo_ring_info *,uint32_t *)",xen/common/argo.c,6,17,0,9,23,6,17,6,9,0,0,0,9,6,11,14,3,0,11,5,5,11,3,2,2,2,2,0
422,No,No,789589968ed90e82a832dbc60e958c76b787be7e,No,No,default,none,Function,get_s_time(),xen/arch/x86/time.c,0,4,0,3,4,0,4,1,1,0,0,0,2,1,1,1,0,0,1,1,1,1,1,0,0,0,0,0
422,No,No,789589968ed90e82a832dbc60e958c76b787be7e,No,No,default,none,Function,get_s_time_fixed(u64),xen/arch/x86/time.c,2,13,0,9,15,2,13,4,8,0,0,0,4,2,8,9,3,0,6,2,2,2,1,1,0,1,0,0
422,No,No,789589968ed90e82a832dbc60e958c76b787be7e,No,No,default,Static,Static Function,"get_sanitized_ring(const struct domain *,xen_argo_ring_t *,struct argo_ring_info *)",xen/common/argo.c,6,17,0,9,23,6,17,5,10,0,0,0,10,6,11,14,2,0,12,5,5,10,1,1,0,2,0,0
422,No,No,789589968ed90e82a832dbc60e958c76b787be7e,No,No,default,Static,Static Function,get_shadow_eptp(struct vcpu *),xen/arch/x86/hvm/vmx/vvmx.c,1,7,0,5,8,1,7,3,4,0,0,0,5,1,4,4,2,0,2,1,1,1,1,0,0,0,0,0
422,No,No,789589968ed90e82a832dbc60e958c76b787be7e,No,No,default,Static,Static Function,get_socket(const char *),tools/xenstore/xs.c,6,27,0,3,33,6,27,4,20,0,0,0,9,17,17,22,2,0,20,6,6,6,6,9,9,1,9,0
422,No,No,789589968ed90e82a832dbc60e958c76b787be7e,No,No,default,Static,Static Function,get_socket_cpu(unsigned int),xen/arch/x86/psr.c,1,6,0,2,7,1,6,1,3,0,0,0,3,2,2,3,0,0,3,2,2,2,1,1,0,1,0,0
422,No,No,789589968ed90e82a832dbc60e958c76b787be7e,No,No,default,Static,Static Function,get_socket_info(unsigned int),xen/arch/x86/psr.c,3,10,0,7,13,3,10,1,7,0,0,0,2,4,4,7,0,0,7,4,4,4,4,3,3,1,3,0
422,No,No,789589968ed90e82a832dbc60e958c76b787be7e,No,No,default,none,Function,get_stack_dump_bottom(unsigned long),xen/arch/x86/traps.c,2,15,0,2,17,2,13,1,8,0,0,2,2,3,3,7,0,0,7,4,2,4,1,3,0,1,0,0
422,No,No,789589968ed90e82a832dbc60e958c76b787be7e,No,No,default,none,Function,get_stack_trace_bottom(unsigned long),xen/arch/x86/traps.c,2,17,0,2,19,2,15,2,10,0,0,2,3,3,3,7,0,0,7,4,2,4,1,3,0,1,0,0
422,No,No,789589968ed90e82a832dbc60e958c76b787be7e,No,No,default,Static,Static Function,"get_top_bit(struct domain *,vaddr_t,register_t)",xen/arch/arm/guest_walk.c,2,15,4,4,21,2,15,2,9,4,0,0,4,4,5,8,1,0,7,4,4,7,1,2,0,2,0,0
422,No,No,789589968ed90e82a832dbc60e958c76b787be7e,No,No,default,Static,Static Function,"get_ttbr_and_gran_64bit(uint64_t *,unsigned int *,register_t,enum active_ttbr)",xen/arch/arm/guest_walk.c,6,38,26,3,70,6,38,3,25,26,0,0,4,6,16,23,1,0,22,6,4,6,1,7,0,2,0,0
422,No,No,789589968ed90e82a832dbc60e958c76b787be7e,No,No,default,Static,Static Function,"get_two_gfns(struct domain *,gfn_t,p2m_type_t *,p2m_access_t *,mfn_t *,struct domain *,gfn_t,p2m_type_t *,p2m_access_t *,mfn_t *,p2m_query_t,struct two_gfns *)",xen/include/asm-x86/p2m.h,5,31,2,20,38,5,22,7,11,2,0,9,7,2,29,30,3,0,27,18,18,20,1,1,0,2,0,0
422,No,No,789589968ed90e82a832dbc60e958c76b787be7e,No,No,default,Static,Static Function,"get_ucode_from_buffer_amd(struct microcode_amd *,const void *,size_t,size_t *)",xen/arch/x86/microcode_amd.c,7,42,1,10,50,7,42,6,25,1,0,0,8,8,16,22,1,0,21,7,7,7,6,5,5,2,5,0
422,No,No,789589968ed90e82a832dbc60e958c76b787be7e,No,No,default,none,Function,get_upper_mfn_bound(),xen/arch/x86/mm.c,1,9,0,2,10,1,7,2,3,0,0,2,3,1,4,4,1,0,3,2,2,2,1,0,0,0,0,0
422,No,No,789589968ed90e82a832dbc60e958c76b787be7e,No,No,default,none,Function,get_upper_mfn_bound(),xen/arch/arm/mm.c,0,4,1,1,5,0,4,1,1,1,0,0,1,1,1,1,0,0,1,1,1,1,1,0,0,0,0,0
422,No,No,789589968ed90e82a832dbc60e958c76b787be7e,No,No,default,none,Function,"get_user_reg(struct cpu_user_regs *,int)",xen/arch/arm/traps.c,1,6,0,9,7,1,6,1,3,0,0,0,3,2,2,3,0,0,3,2,2,2,1,1,0,1,0,0
422,No,No,789589968ed90e82a832dbc60e958c76b787be7e,No,No,default,Static,Static Function,get_vpmu(struct vcpu *),xen/arch/x86/cpu/vpmu.c,2,14,6,5,22,2,14,1,9,6,0,0,5,3,5,7,0,0,7,3,3,5,1,1,0,1,0,0
422,No,No,789589968ed90e82a832dbc60e958c76b787be7e,No,No,default,none,Function,"get_vvmcs_real(const struct vcpu *,u32)",xen/arch/x86/hvm/vmx/vvmx.c,0,4,0,2,4,0,4,1,1,0,0,0,2,1,1,1,0,0,1,1,1,1,1,0,0,0,0,0
422,No,No,789589968ed90e82a832dbc60e958c76b787be7e,No,No,default,none,Function,"get_vvmcs_real_safe(const struct vcpu *,u32,u64 *)",xen/arch/x86/hvm/vmx/vvmx.c,0,5,0,3,5,0,5,2,1,0,0,0,2,1,1,1,0,0,1,1,1,1,1,0,0,0,0,0
422,No,No,789589968ed90e82a832dbc60e958c76b787be7e,No,No,default,none,Function,"get_vvmcs_virtual(void *,u32)",xen/arch/x86/hvm/vmx/vvmx.c,3,26,0,7,29,3,26,5,19,0,0,0,3,5,15,21,4,0,17,6,3,6,1,6,0,2,0,0
422,No,No,789589968ed90e82a832dbc60e958c76b787be7e,No,No,default,none,Function,"get_vvmcs_virtual_safe(void *,u32,u64 *)",xen/arch/x86/hvm/vmx/vvmx.c,1,5,6,2,12,1,5,1,2,6,0,0,3,1,2,2,0,0,2,1,1,1,1,0,0,0,0,1
422,No,No,789589968ed90e82a832dbc60e958c76b787be7e,No,No,default,Static,Static Function,get_wallclock_time(),xen/arch/x86/time.c,4,19,0,2,23,1,4,1,1,0,16,2,2,1,1,1,0,0,1,1,1,1,1,0,0,0,0,0
422,No,No,789589968ed90e82a832dbc60e958c76b787be7e,No,No,default,Static,Static Function,get_xen_consumer(xen_event_channel_notification_t),xen/common/event_channel.c,3,15,0,3,18,3,15,2,9,0,0,0,5,20,9,14,1,0,13,7,7,7,3,2,2,2,2,0
422,No,No,789589968ed90e82a832dbc60e958c76b787be7e,No,No,default,Static,Static Function,"gfn_add(gfn_t,unsigned long)",xen/include/xen/mm.h,0,4,0,15,4,0,4,1,1,0,0,0,3,1,1,1,0,0,1,1,1,1,1,0,0,0,0,0
422,No,No,789589968ed90e82a832dbc60e958c76b787be7e,No,No,default,Static,Static Function,"gfn_eq(gfn_t,gfn_t)",xen/include/xen/mm.h,0,4,0,21,4,0,4,1,1,0,0,0,2,1,1,1,0,0,1,1,1,1,1,0,0,0,0,0
422,No,No,789589968ed90e82a832dbc60e958c76b787be7e,No,No,default,Static,Static Function,"gfn_max(gfn_t,gfn_t)",xen/include/xen/mm.h,0,4,0,5,4,0,4,1,1,0,0,0,4,1,1,1,0,0,1,1,1,1,1,0,0,0,0,0
422,No,No,789589968ed90e82a832dbc60e958c76b787be7e,No,No,default,Static,Static Function,"gfn_min(gfn_t,gfn_t)",xen/include/xen/mm.h,0,4,0,4,4,0,4,1,1,0,0,0,4,1,1,1,0,0,1,1,1,1,1,0,0,0,0,0
422,No,No,789589968ed90e82a832dbc60e958c76b787be7e,No,No,default,Static,Static Function,"gfn_next_boundary(gfn_t,unsigned int)",xen/include/asm-arm/p2m.h,1,5,5,2,11,1,5,1,2,5,0,0,4,1,2,2,0,0,2,1,1,1,1,0,0,0,0,1
422,No,No,789589968ed90e82a832dbc60e958c76b787be7e,No,No,default,none,Function,"gfn_to_mfn(struct domain *,gfn_t)",xen/arch/arm/p2m.c,0,4,0,6,4,0,4,1,1,0,0,0,2,1,1,1,0,0,1,1,1,1,1,0,0,0,0,0
422,No,No,789589968ed90e82a832dbc60e958c76b787be7e,No,No,default,Static,Static Function,"gfn_valid(const struct domain *,gfn_t)",xen/include/asm-x86/paging.h,0,4,0,6,4,0,4,1,1,0,0,0,2,1,1,1,0,0,1,1,1,1,1,0,0,0,0,0
422,No,No,789589968ed90e82a832dbc60e958c76b787be7e,No,No,default,Static,Static Function,"gic_add_to_lr_pending(struct vcpu *,struct pending_irq *)",xen/arch/arm/gic-vgic.c,3,16,0,10,19,3,16,2,9,0,0,0,7,6,7,10,1,0,9,5,5,5,3,2,2,2,2,0
422,No,No,789589968ed90e82a832dbc60e958c76b787be7e,No,No,default,none,Function,gic_clear_pending_irqs(struct vcpu *),xen/arch/arm/gic-vgic.c,2,8,0,5,10,2,8,2,4,0,0,0,8,2,5,6,1,0,5,3,3,3,1,0,0,2,0,0
422,No,No,789589968ed90e82a832dbc60e958c76b787be7e,No,No,default,Static,Static Function,gic_dist_supports_lpis(),xen/arch/arm/gic-v3.c,0,4,0,2,4,0,4,1,1,0,0,0,2,1,1,1,0,0,1,1,1,1,1,0,0,0,0,0
422,No,No,789589968ed90e82a832dbc60e958c76b787be7e,No,No,default,none,Function,gic_dump_vgic_info(struct vcpu *),xen/arch/arm/gic-vgic.c,2,8,0,8,10,2,8,2,4,0,0,0,2,1,3,3,1,0,2,1,1,1,1,0,0,0,0,0
422,No,No,789589968ed90e82a832dbc60e958c76b787be7e,No,No,default,Static,Static Function,"gic_find_unused_lr(struct vcpu *,struct pending_irq *,unsigned int)",xen/arch/arm/gic-vgic.c,5,21,0,11,26,5,21,7,11,0,0,0,10,6,10,13,4,0,9,5,5,5,3,2,2,2,2,0
422,No,No,789589968ed90e82a832dbc60e958c76b787be7e,No,No,default,none,Function,"gic_raise_guest_irq(struct vcpu *,unsigned int,unsigned int)",xen/arch/arm/gic-vgic.c,5,20,1,7,26,5,20,5,12,1,0,0,11,8,11,15,3,0,12,6,6,7,4,3,3,2,3,0
422,No,No,789589968ed90e82a832dbc60e958c76b787be7e,No,No,default,none,Function,"gic_raise_inflight_irq(struct vcpu *,unsigned int)",xen/arch/arm/gic-vgic.c,4,19,2,8,25,4,14,2,9,2,3,2,7,9,6,11,1,0,10,7,7,7,3,2,2,2,2,0
422,No,No,789589968ed90e82a832dbc60e958c76b787be7e,No,No,default,none,Function,"gic_remove_from_lr_pending(struct vcpu *,struct pending_irq *)",xen/arch/arm/gic-vgic.c,1,5,0,7,6,1,5,1,2,0,0,0,4,2,3,4,0,0,4,3,3,3,1,0,0,2,0,0
422,No,No,789589968ed90e82a832dbc60e958c76b787be7e,No,No,default,Static,Static Function,gic_restore_pending_irqs(struct vcpu *),xen/arch/arm/gic-vgic.c,7,44,4,12,55,7,44,7,32,4,0,0,15,20,25,30,6,0,24,6,6,7,6,6,6,2,6,0
422,No,No,789589968ed90e82a832dbc60e958c76b787be7e,No,No,default,Static,Static Function,"gic_set_lr(int,struct pending_irq *,unsigned int)",xen/arch/arm/gic-vgic.c,3,11,0,10,14,3,11,2,7,0,0,0,9,2,7,8,0,0,8,4,4,4,1,0,0,2,0,0
422,No,No,789589968ed90e82a832dbc60e958c76b787be7e,No,No,default,Static,Static Function,"gic_update_one_lr(struct vcpu *,int)",xen/arch/arm/gic-vgic.c,6,70,12,16,88,6,63,6,42,12,3,4,23,48,32,43,5,0,38,15,15,19,1,5,0,3,0,0
422,No,No,789589968ed90e82a832dbc60e958c76b787be7e,No,No,default,Static,Static Function,"gicv2_add_v2m_frame_to_list(paddr_t,paddr_t,u32,u32,const struct dt_device_node *)",xen/arch/arm/gic-v2.c,10,40,5,11,55,10,40,7,30,5,0,0,13,24,21,26,3,0,23,6,6,8,1,0,0,2,0,0
422,No,No,789589968ed90e82a832dbc60e958c76b787be7e,No,No,default,Static,Static Function,gicv2_clear_lr(int),xen/arch/arm/gic-v2.c,0,4,0,1,4,0,4,1,1,0,0,0,1,1,1,1,0,0,1,1,1,1,1,0,0,0,0,0
422,No,No,789589968ed90e82a832dbc60e958c76b787be7e,No,No,default,Static,Static Function,gicv2_cpu_disable(),xen/arch/arm/gic-v2.c,0,4,0,1,4,0,4,1,1,0,0,0,1,1,1,1,0,0,1,1,1,1,1,0,0,0,0,0
422,No,No,789589968ed90e82a832dbc60e958c76b787be7e,No,No,default,Static,Static Function,gicv2_cpu_init(),xen/arch/arm/gic-v2.c,5,19,12,1,33,5,19,2,15,12,0,0,4,4,14,16,1,0,15,3,3,3,1,0,0,1,0,0
422,No,No,789589968ed90e82a832dbc60e958c76b787be7e,No,No,default,Static,Static Function,gicv2_cpu_mask(const cpumask_t *),xen/arch/arm/gic-v2.c,2,13,0,3,15,2,13,4,7,0,0,0,6,2,8,9,3,0,6,3,3,3,1,0,0,2,0,0
422,No,No,789589968ed90e82a832dbc60e958c76b787be7e,No,No,default,Static,Static Function,gicv2_dir_irq(struct irq_desc *),xen/arch/arm/gic-v2.c,0,4,1,3,5,0,4,1,1,1,0,0,1,1,1,1,0,0,1,1,1,1,1,0,0,0,0,0
422,No,No,789589968ed90e82a832dbc60e958c76b787be7e,No,No,default,Static,Static Function,gicv2_disable_interface(),xen/arch/arm/gic-v2.c,0,7,0,2,7,0,7,1,4,0,0,0,4,1,4,4,0,0,4,1,1,1,1,0,0,0,0,0
422,No,No,789589968ed90e82a832dbc60e958c76b787be7e,No,No,default,Static,Static Function,gicv2_do_LPI(unsigned int),xen/arch/arm/gic-v2.c,0,4,1,0,5,0,4,1,1,1,0,0,1,1,1,1,0,0,1,1,1,1,1,0,0,0,0,0
422,No,No,789589968ed90e82a832dbc60e958c76b787be7e,No,No,default,Static,Static Function,gicv2_dump_state(const struct vcpu *),xen/arch/arm/gic-v2.c,1,15,0,7,16,1,15,2,7,0,0,0,2,4,7,10,1,0,9,4,4,4,1,1,0,2,0,0
422,No,No,789589968ed90e82a832dbc60e958c76b787be7e,No,No,default,Static,Static Function,gicv2_eoi_irq(struct irq_desc *),xen/arch/arm/gic-v2.c,0,5,1,4,6,0,5,2,2,1,0,0,1,1,2,2,1,0,1,1,1,1,1,0,0,0,0,0
422,No,No,789589968ed90e82a832dbc60e958c76b787be7e,No,No,default,Static,Static Function,gicv2_extension_dt_init(const struct dt_device_node *),xen/arch/arm/gic-v2.c,5,18,10,1,33,5,18,4,13,10,0,0,7,8,7,10,3,0,7,4,4,5,1,0,0,1,0,0
422,No,No,789589968ed90e82a832dbc60e958c76b787be7e,No,No,default,Static,Static Function,gicv2_get_hwdom_extra_madt_size(const struct domain *),xen/arch/arm/gic-v2.c,0,4,0,0,4,0,4,1,1,0,0,0,1,1,1,1,0,0,1,1,1,1,1,0,0,0,0,0
422,No,No,789589968ed90e82a832dbc60e958c76b787be7e,No,No,default,Static,Static Function,gicv2_guest_irq_end(struct irq_desc *),xen/arch/arm/gic-v2.c,0,4,2,1,6,0,4,1,1,2,0,0,1,1,1,1,0,0,1,1,1,1,1,0,0,0,0,0
422,No,No,789589968ed90e82a832dbc60e958c76b787be7e,No,No,default,Static,Static Function,"gicv2_hcr_status(uint32_t,bool)",xen/arch/arm/gic-v2.c,2,9,0,2,11,2,9,2,6,0,0,0,2,2,4,5,1,0,4,2,2,2,1,1,0,1,0,0
422,No,No,789589968ed90e82a832dbc60e958c76b787be7e,No,No,default,Static,Static Function,gicv2_host_irq_end(struct irq_desc *),xen/arch/arm/gic-v2.c,0,5,2,1,7,0,5,1,2,2,0,0,2,1,2,2,0,0,2,1,1,1,1,0,0,0,0,0
422,No,No,789589968ed90e82a832dbc60e958c76b787be7e,No,No,default,Static,Static Function,gicv2_hyp_disable(),xen/arch/arm/gic-v2.c,0,4,0,1,4,0,4,1,1,0,0,0,1,1,1,1,0,0,1,1,1,1,1,0,0,0,0,0
422,No,No,789589968ed90e82a832dbc60e958c76b787be7e,No,No,default,Static,Static Function,gicv2_hyp_init(),xen/arch/arm/gic-v2.c,1,8,0,1,9,1,8,3,3,0,0,0,3,1,5,5,2,0,3,1,1,1,1,0,0,0,0,0
422,No,No,789589968ed90e82a832dbc60e958c76b787be7e,No,No,default,Static,Static Function,gicv2_iomem_deny_access(const struct domain *),xen/arch/arm/gic-v2.c,4,20,0,1,24,4,20,3,15,0,0,0,2,4,14,17,2,0,15,4,4,4,4,3,3,1,3,0
422,No,No,789589968ed90e82a832dbc60e958c76b787be7e,No,No,default,Static,Static Function,gicv2_irq_ack(struct irq_desc *),xen/arch/arm/gic-v2.c,0,3,1,0,4,0,3,1,0,1,0,0,0,1,0,0,0,0,0,1,1,1,1,0,0,0,0,0
422,No,No,789589968ed90e82a832dbc60e958c76b787be7e,No,No,default,Static,Static Function,gicv2_irq_disable(struct irq_desc *),xen/arch/arm/gic-v2.c,2,9,1,6,12,2,9,2,5,1,0,0,7,2,7,8,1,0,7,3,3,3,1,0,0,2,0,0
422,No,No,789589968ed90e82a832dbc60e958c76b787be7e,No,No,default,Static,Static Function,gicv2_irq_enable(struct irq_desc *),xen/arch/arm/gic-v2.c,2,10,1,6,13,2,10,2,6,1,0,0,8,2,8,9,1,0,8,3,3,3,1,0,0,2,0,0
422,No,No,789589968ed90e82a832dbc60e958c76b787be7e,No,No,default,Static,Static Function,"gicv2_irq_set_affinity(struct irq_desc *,const cpumask_t *)",xen/arch/arm/gic-v2.c,5,9,1,5,15,5,9,2,5,1,0,0,7,2,7,8,1,0,7,3,3,3,1,0,0,2,0,0
422,No,No,789589968ed90e82a832dbc60e958c76b787be7e,No,No,default,Static,Static Function,gicv2_irq_shutdown(struct irq_desc *),xen/arch/arm/gic-v2.c,0,4,0,1,4,0,4,1,1,0,0,0,1,1,1,1,0,0,1,1,1,1,1,0,0,0,0,0
422,No,No,789589968ed90e82a832dbc60e958c76b787be7e,No,No,default,Static,Static Function,gicv2_irq_startup(struct irq_desc *),xen/arch/arm/gic-v2.c,1,5,0,1,6,1,5,1,2,0,0,0,2,1,2,2,0,0,2,1,1,1,1,0,0,0,0,0
422,No,No,789589968ed90e82a832dbc60e958c76b787be7e,No,No,default,Static,Static Function,"gicv2_is_aliased(paddr_t,paddr_t)",xen/arch/arm/gic-v2.c,3,9,5,1,17,3,9,2,5,5,0,0,2,2,5,6,1,0,5,2,2,3,1,1,0,1,0,0
422,No,No,789589968ed90e82a832dbc60e958c76b787be7e,No,No,default,Static,Static Function,"gicv2_make_hwdom_dt_node(const struct domain *,const struct dt_device_node *,void *)",xen/arch/arm/gic-v2.c,7,31,5,3,43,7,31,7,20,5,0,0,9,5,18,22,4,0,18,5,5,5,5,4,4,1,4,0
422,No,No,789589968ed90e82a832dbc60e958c76b787be7e,No,No,default,Static,Static Function,"gicv2_make_hwdom_madt(const struct domain *,u32)",xen/arch/arm/gic-v2.c,0,4,0,0,4,0,4,1,1,0,0,0,1,1,1,1,0,0,1,1,1,1,1,0,0,0,0,0
422,No,No,789589968ed90e82a832dbc60e958c76b787be7e,No,No,default,Static,Static Function,gicv2_map_hwdown_extra_mappings(struct domain *),xen/arch/arm/gic-v2.c,7,48,11,6,66,7,48,4,31,11,0,0,10,6,18,23,3,0,20,6,6,6,6,10,10,2,10,0
422,No,No,789589968ed90e82a832dbc60e958c76b787be7e,No,No,default,Static,Static Function,"gicv2_peek_irq(struct irq_desc *,uint32_t)",xen/arch/arm/gic-v2.c,2,6,0,4,8,2,6,2,2,0,0,0,2,1,3,3,1,0,2,1,1,1,1,0,0,0,0,0
422,No,No,789589968ed90e82a832dbc60e958c76b787be7e,No,No,default,Static,Static Function,"gicv2_poke_irq(struct irq_desc *,uint32_t)",xen/arch/arm/gic-v2.c,0,4,0,7,4,0,4,1,1,0,0,0,1,1,1,1,0,0,1,1,1,1,1,0,0,0,0,0
422,No,No,789589968ed90e82a832dbc60e958c76b787be7e,No,No,default,Static,Static Function,gicv2_read_apr(int),xen/arch/arm/gic-v2.c,0,4,0,0,4,0,4,1,1,0,0,0,2,1,1,1,0,0,1,1,1,1,1,0,0,0,0,0
422,No,No,789589968ed90e82a832dbc60e958c76b787be7e,No,No,default,Static,Static Function,gicv2_read_irq(),xen/arch/arm/gic-v2.c,0,4,0,0,4,0,4,1,1,0,0,0,2,1,1,1,0,0,1,1,1,1,1,0,0,0,0,0
422,No,No,789589968ed90e82a832dbc60e958c76b787be7e,No,No,default,Static,Static Function,"gicv2_read_lr(int,struct gic_lr *)",xen/arch/arm/gic-v2.c,2,21,4,3,27,2,21,2,13,4,0,0,12,2,11,12,1,0,11,2,2,2,1,1,0,1,0,0
422,No,No,789589968ed90e82a832dbc60e958c76b787be7e,No,No,default,Static,Static Function,gicv2_read_pending_state(struct irq_desc *),xen/arch/arm/gic-v2.c,0,4,0,1,4,0,4,1,1,0,0,0,2,1,1,1,0,0,1,1,1,1,1,0,0,0,0,0
422,No,No,789589968ed90e82a832dbc60e958c76b787be7e,No,No,default,Static,Static Function,gicv2_read_vmcr_priority(),xen/arch/arm/gic-v2.c,0,5,0,0,5,0,5,1,2,0,0,0,2,1,1,1,0,0,1,1,1,1,1,0,0,0,0,0
422,No,No,789589968ed90e82a832dbc60e958c76b787be7e,No,No,default,Static,Static Function,gicv2_restore_state(const struct vcpu *),xen/arch/arm/gic-v2.c,2,9,0,9,11,2,9,2,5,0,0,0,1,2,7,8,1,0,7,2,2,2,1,0,0,1,0,0
422,No,No,789589968ed90e82a832dbc60e958c76b787be7e,No,No,default,Static,Static Function,gicv2_save_state(struct vcpu *),xen/arch/arm/gic-v2.c,2,9,5,3,16,2,9,2,5,5,0,0,8,2,7,8,1,0,7,2,2,2,1,0,0,1,0,0
422,No,No,789589968ed90e82a832dbc60e958c76b787be7e,No,No,default,Static,Static Function,gicv2_secondary_cpu_init(),xen/arch/arm/gic-v2.c,3,8,0,2,11,3,8,1,5,0,0,0,5,1,5,5,0,0,5,1,1,1,1,0,0,0,0,0
422,No,No,789589968ed90e82a832dbc60e958c76b787be7e,No,No,default,Static,Static Function,"gicv2_send_SGI(enum gic_sgi,enum gic_sgi_mode,const cpumask_t *)",xen/arch/arm/gic-v2.c,2,25,4,3,31,2,25,4,18,4,0,0,5,4,12,16,2,0,14,4,2,4,1,6,0,1,0,0
422,No,No,789589968ed90e82a832dbc60e958c76b787be7e,No,No,default,Static,Static Function,"gicv2_set_active_state(struct irq_desc *,bool)",xen/arch/arm/gic-v2.c,1,14,0,4,15,1,14,1,7,0,0,0,6,4,6,8,0,0,8,4,4,4,1,1,0,2,0,0
422,No,No,789589968ed90e82a832dbc60e958c76b787be7e,No,No,default,Static,Static Function,"gicv2_set_irq_priority(struct irq_desc *,unsigned int)",xen/arch/arm/gic-v2.c,3,8,1,5,12,3,8,3,4,1,0,0,3,1,4,4,1,0,3,1,1,1,1,0,0,0,0,0
422,No,No,789589968ed90e82a832dbc60e958c76b787be7e,No,No,default,Static,Static Function,"gicv2_set_irq_type(struct irq_desc *,unsigned int)",xen/arch/arm/gic-v2.c,3,27,1,5,31,3,27,3,21,1,0,0,9,6,12,15,2,0,13,7,7,7,1,1,0,1,0,0
422,No,No,789589968ed90e82a832dbc60e958c76b787be7e,No,No,default,Static,Static Function,"gicv2_set_pending_state(struct irq_desc *,bool)",xen/arch/arm/gic-v2.c,1,12,2,3,15,1,12,1,5,2,0,0,4,4,4,6,0,0,6,4,4,4,1,1,0,2,0,0
422,No,No,789589968ed90e82a832dbc60e958c76b787be7e,No,No,default,Static,Static Function,"gicv2_update_lr(int,unsigned int,uint8_t,unsigned int,unsigned int)",xen/arch/arm/gic-v2.c,4,15,0,7,19,4,15,3,10,0,0,0,4,8,8,11,1,0,10,6,6,6,1,0,0,2,0,0
422,No,No,789589968ed90e82a832dbc60e958c76b787be7e,No,No,default,Static,Static Function,"gicv2_write_lr(int,const struct gic_lr *)",xen/arch/arm/gic-v2.c,5,24,4,12,33,5,24,2,17,4,0,0,3,20,11,16,1,0,15,7,7,8,1,1,0,3,0,0
422,No,No,789589968ed90e82a832dbc60e958c76b787be7e,No,No,default,Static,Static Function,"gicv2m_make_dt_node(const struct domain *,const struct dt_device_node *,void *)",xen/arch/arm/gic-v2.c,15,69,8,12,92,15,69,8,50,8,0,0,12,17,35,47,5,0,42,13,13,13,13,12,12,2,12,0
422,No,No,789589968ed90e82a832dbc60e958c76b787be7e,No,No,default,Static,Static Function,gicv3_clear_lr(int),xen/arch/arm/gic-v3.c,0,4,0,1,4,0,4,1,1,0,0,0,1,1,1,1,0,0,1,1,1,1,1,0,0,0,0,0
422,No,No,789589968ed90e82a832dbc60e958c76b787be7e,No,No,default,Static,Static Function,"gicv3_compute_target_list(int *,const struct cpumask *,uint64_t)",xen/arch/arm/gic-v3.c,4,25,5,4,34,4,25,5,15,5,0,0,4,5,12,15,3,0,12,4,4,4,4,4,4,2,4,0
422,No,No,789589968ed90e82a832dbc60e958c76b787be7e,No,No,default,Static,Static Function,gicv3_cpu_disable(),xen/arch/arm/gic-v3.c,0,5,0,1,5,0,5,1,2,0,0,0,2,1,2,2,0,0,2,1,1,1,1,0,0,0,0,0
422,No,No,789589968ed90e82a832dbc60e958c76b787be7e,No,No,default,Static,Static Function,gicv3_cpu_init(),xen/arch/arm/gic-v3.c,14,39,18,1,71,14,39,3,32,18,0,0,14,12,27,34,2,0,32,8,8,8,6,6,6,2,6,0
422,No,No,789589968ed90e82a832dbc60e958c76b787be7e,No,No,default,Static,Static Function,gicv3_dir_irq(struct irq_desc *),xen/arch/arm/gic-v3.c,0,5,1,3,6,0,5,1,2,1,0,0,2,1,2,2,0,0,2,1,1,1,1,0,0,0,0,0
422,No,No,789589968ed90e82a832dbc60e958c76b787be7e,No,No,default,Static,Static Function,gicv3_disable_interface(),xen/arch/arm/gic-v3.c,2,7,0,2,9,2,7,1,4,0,0,0,4,1,4,4,0,0,4,1,1,1,1,0,0,0,0,0
422,No,No,789589968ed90e82a832dbc60e958c76b787be7e,No,No,default,Static,Static Function,gicv3_dist_wait_for_rwp(),xen/arch/arm/gic-v3.c,0,4,0,3,4,0,4,1,1,0,0,0,1,1,1,1,0,0,1,1,1,1,1,0,0,0,0,0
422,No,No,789589968ed90e82a832dbc60e958c76b787be7e,No,No,default,Static,Static Function,gicv3_do_wait_for_rwp(void __iomem *),xen/arch/arm/gic-v3.c,2,20,0,3,22,2,20,4,14,0,0,0,6,8,11,14,3,0,11,5,5,5,4,4,4,2,4,0
422,No,No,789589968ed90e82a832dbc60e958c76b787be7e,No,No,default,Static,Static Function,gicv3_dump_state(const struct vcpu *),xen/arch/arm/gic-v3.c,1,14,0,7,15,1,14,2,6,0,0,0,2,4,7,10,1,0,9,4,4,4,1,1,0,2,0,0
422,No,No,789589968ed90e82a832dbc60e958c76b787be7e,No,No,default,Static,Static Function,gicv3_enable_lpis(),xen/arch/arm/gic-v3.c,3,10,0,1,13,3,10,2,6,0,0,0,4,2,6,7,1,0,6,2,2,2,1,1,0,1,0,0
422,No,No,789589968ed90e82a832dbc60e958c76b787be7e,No,No,default,Static,Static Function,gicv3_enable_redist(),xen/arch/arm/gic-v3.c,4,27,1,1,32,4,27,4,19,1,0,0,9,8,16,19,3,0,16,5,5,5,4,5,4,2,4,0
422,No,No,789589968ed90e82a832dbc60e958c76b787be7e,No,No,default,Static,Static Function,gicv3_enable_sre(),xen/arch/arm/gic-v3.c,2,8,0,1,10,2,8,2,4,0,0,0,3,1,5,5,1,0,4,1,1,1,1,0,0,0,0,0
422,No,No,789589968ed90e82a832dbc60e958c76b787be7e,No,No,default,Static,Static Function,gicv3_eoi_irq(struct irq_desc *),xen/arch/arm/gic-v3.c,0,5,1,4,6,0,5,1,2,1,0,0,2,1,2,2,0,0,2,1,1,1,1,0,0,0,0,0
422,No,No,789589968ed90e82a832dbc60e958c76b787be7e,No,No,default,Static,Static Function,gicv3_get_cpu_from_mask(const cpumask_t *),xen/arch/arm/gic-v3.c,2,8,0,2,10,2,8,3,3,0,0,0,3,1,5,5,2,0,3,1,1,1,1,0,0,0,0,0
422,No,No,789589968ed90e82a832dbc60e958c76b787be7e,No,No,default,Static,Static Function,gicv3_get_hwdom_extra_madt_size(const struct domain *),xen/arch/arm/gic-v3.c,0,4,0,0,4,0,4,1,1,0,0,0,1,1,1,1,0,0,1,1,1,1,1,0,0,0,0,0
422,No,No,789589968ed90e82a832dbc60e958c76b787be7e,No,No,default,Static,Static Function,gicv3_guest_irq_end(struct irq_desc *),xen/arch/arm/gic-v3.c,0,4,2,1,6,0,4,1,1,2,0,0,1,1,1,1,0,0,1,1,1,1,1,0,0,0,0,0
422,No,No,789589968ed90e82a832dbc60e958c76b787be7e,No,No,default,Static,Static Function,"gicv3_hcr_status(uint32_t,bool)",xen/arch/arm/gic-v3.c,1,10,0,2,11,1,10,2,6,0,0,0,3,2,5,6,1,0,5,2,2,2,1,1,0,1,0,0
422,No,No,789589968ed90e82a832dbc60e958c76b787be7e,No,No,default,Static,Static Function,gicv3_host_irq_end(struct irq_desc *),xen/arch/arm/gic-v3.c,0,5,2,1,7,0,5,1,2,2,0,0,2,1,2,2,0,0,2,1,1,1,1,0,0,0,0,0
422,No,No,789589968ed90e82a832dbc60e958c76b787be7e,No,No,default,Static,Static Function,gicv3_hyp_disable(),xen/arch/arm/gic-v3.c,1,8,0,1,9,1,8,2,4,0,0,0,3,1,5,5,1,0,4,1,1,1,1,0,0,0,0,0
422,No,No,789589968ed90e82a832dbc60e958c76b787be7e,No,No,default,Static,Static Function,gicv3_hyp_init(),xen/arch/arm/gic-v3.c,3,12,0,3,15,3,12,2,8,0,0,0,7,2,7,8,1,0,7,2,2,3,1,0,0,1,0,0
422,No,No,789589968ed90e82a832dbc60e958c76b787be7e,No,No,default,Static,Static Function,gicv3_ich_read_lr(int),xen/arch/arm/gic-v3.c,0,24,0,3,24,0,24,1,19,0,0,0,3,17,17,34,0,0,34,17,2,17,1,136,0,1,0,0
422,No,No,789589968ed90e82a832dbc60e958c76b787be7e,No,No,default,Static,Static Function,"gicv3_ich_write_lr(int,uint64_t)",xen/arch/arm/gic-v3.c,0,57,0,5,57,0,57,1,52,0,0,0,2,17,34,51,0,0,51,17,2,17,17,152,152,1,152,0
422,No,No,789589968ed90e82a832dbc60e958c76b787be7e,No,No,default,Static,Static Function,gicv3_iomem_deny_access(const struct domain *),xen/arch/arm/gic-v3.c,6,36,0,6,42,6,36,3,25,0,0,0,4,13,22,29,2,0,27,8,8,8,8,8,8,2,8,0
422,No,No,789589968ed90e82a832dbc60e958c76b787be7e,No,No,default,Static,Static Function,gicv3_irq_ack(struct irq_desc *),xen/arch/arm/gic-v3.c,0,3,1,0,4,0,3,1,0,1,0,0,0,1,0,0,0,0,0,1,1,1,1,0,0,0,0,0
422,No,No,789589968ed90e82a832dbc60e958c76b787be7e,No,No,default,Static,Static Function,gicv3_irq_disable(struct irq_desc *),xen/arch/arm/gic-v3.c,2,9,1,6,12,2,9,2,5,1,0,0,7,2,7,8,1,0,7,3,3,3,1,0,0,2,0,0
422,No,No,789589968ed90e82a832dbc60e958c76b787be7e,No,No,default,Static,Static Function,gicv3_irq_enable(struct irq_desc *),xen/arch/arm/gic-v3.c,2,10,1,6,13,2,10,2,6,1,0,0,8,2,8,9,1,0,8,3,3,3,1,0,0,2,0,0
422,No,No,789589968ed90e82a832dbc60e958c76b787be7e,No,No,default,Static,Static Function,"gicv3_irq_set_affinity(struct irq_desc *,const cpumask_t *)",xen/arch/arm/gic-v3.c,5,13,1,6,19,5,13,3,8,1,0,0,8,4,10,12,2,0,10,4,4,4,1,0,0,2,0,0
422,No,No,789589968ed90e82a832dbc60e958c76b787be7e,No,No,default,Static,Static Function,gicv3_irq_shutdown(struct irq_desc *),xen/arch/arm/gic-v3.c,0,4,0,1,4,0,4,1,1,0,0,0,1,1,1,1,0,0,1,1,1,1,1,0,0,0,0,0
422,No,No,789589968ed90e82a832dbc60e958c76b787be7e,No,No,default,Static,Static Function,gicv3_irq_startup(struct irq_desc *),xen/arch/arm/gic-v3.c,1,5,0,1,6,1,5,1,2,0,0,0,2,1,2,2,0,0,2,1,1,1,1,0,0,0,0,0
422,No,No,789589968ed90e82a832dbc60e958c76b787be7e,No,No,default,Static,Static Function,"gicv3_make_hwdom_dt_node(const struct domain *,const struct dt_device_node *,void *)",xen/arch/arm/gic-v3.c,7,32,7,6,46,7,32,6,22,7,0,0,10,7,18,24,3,0,21,7,7,7,7,6,6,1,6,0
422,No,No,789589968ed90e82a832dbc60e958c76b787be7e,No,No,default,Static,Static Function,"gicv3_make_hwdom_madt(const struct domain *,u32)",xen/arch/arm/gic-v3.c,0,4,0,0,4,0,4,1,1,0,0,0,1,1,1,1,0,0,1,1,1,1,1,0,0,0,0,0
422,No,No,789589968ed90e82a832dbc60e958c76b787be7e,No,No,default,Static,Static Function,gicv3_mask_irq(struct irq_desc *),xen/arch/arm/gic-v3.c,0,4,0,2,4,0,4,1,1,0,0,0,1,1,1,1,0,0,1,1,1,1,1,0,0,0,0,0
422,No,No,789589968ed90e82a832dbc60e958c76b787be7e,No,No,default,Static,Static Function,gicv3_mpidr_to_affinity(int),xen/arch/arm/gic-v3.c,0,8,0,2,8,0,8,2,5,0,0,0,3,1,2,2,1,0,1,1,1,1,1,0,0,0,0,0
422,No,No,789589968ed90e82a832dbc60e958c76b787be7e,No,No,default,Static,Static Function,"gicv3_peek_irq(struct irq_desc *,u32)",xen/arch/arm/gic-v3.c,2,10,0,6,12,2,10,3,6,0,0,0,3,2,5,6,2,0,4,2,2,2,1,1,0,1,0,0
422,No,No,789589968ed90e82a832dbc60e958c76b787be7e,No,No,default,Static,Static Function,"gicv3_poke_irq(struct irq_desc *,u32,bool)",xen/arch/arm/gic-v3.c,3,12,0,10,15,3,12,3,8,0,0,0,3,4,6,8,2,0,6,3,3,3,1,1,0,1,0,0
422,No,No,789589968ed90e82a832dbc60e958c76b787be7e,No,No,default,Static,Static Function,gicv3_read_apr(int),xen/arch/arm/gic-v3.c,0,17,0,3,17,0,17,1,12,0,0,0,5,7,10,17,0,0,17,10,8,13,1,6,0,3,0,0
422,No,No,789589968ed90e82a832dbc60e958c76b787be7e,No,No,default,Static,Static Function,gicv3_read_irq(),xen/arch/arm/gic-v3.c,2,6,0,0,8,2,6,2,3,0,0,0,3,1,3,3,1,0,2,1,1,1,1,0,0,0,0,0
422,No,No,789589968ed90e82a832dbc60e958c76b787be7e,No,No,default,Static,Static Function,"gicv3_read_lr(int,struct gic_lr *)",xen/arch/arm/gic-v3.c,4,21,5,7,30,4,21,2,13,5,0,0,12,3,10,12,1,0,11,3,3,3,1,1,0,2,0,0
422,No,No,789589968ed90e82a832dbc60e958c76b787be7e,No,No,default,Static,Static Function,gicv3_read_pending_state(struct irq_desc *),xen/arch/arm/gic-v3.c,0,4,0,1,4,0,4,1,1,0,0,0,2,1,1,1,0,0,1,1,1,1,1,0,0,0,0,0
422,No,No,789589968ed90e82a832dbc60e958c76b787be7e,No,No,default,Static,Static Function,gicv3_read_vmcr_priority(),xen/arch/arm/gic-v3.c,0,5,0,0,5,0,5,1,2,0,0,0,2,1,1,1,0,0,1,1,1,1,1,0,0,0,0,0
422,No,No,789589968ed90e82a832dbc60e958c76b787be7e,No,No,default,Static,Static Function,gicv3_redist_wait_for_rwp(),xen/arch/arm/gic-v3.c,0,4,0,2,4,0,4,1,1,0,0,0,2,1,1,1,0,0,1,1,1,1,1,0,0,0,0,0
422,No,No,789589968ed90e82a832dbc60e958c76b787be7e,No,No,default,Static,Static Function,gicv3_restore_lrs(const struct vcpu *),xen/arch/arm/gic-v3.c,0,41,1,8,42,0,41,1,36,1,0,0,3,17,18,35,0,0,35,17,2,17,17,1,1,1,1,0
422,No,No,789589968ed90e82a832dbc60e958c76b787be7e,No,No,default,Static,Static Function,gicv3_restore_state(const struct vcpu *),xen/arch/arm/gic-v3.c,3,16,15,10,34,3,16,2,12,15,0,0,6,2,11,12,1,0,11,2,2,2,1,1,0,1,0,0
422,No,No,789589968ed90e82a832dbc60e958c76b787be7e,No,No,default,Static,Static Function,gicv3_save_lrs(struct vcpu *),xen/arch/arm/gic-v3.c,0,41,1,4,42,0,41,1,36,1,0,0,7,17,18,35,0,0,35,17,2,17,17,1,1,1,1,0
422,No,No,789589968ed90e82a832dbc60e958c76b787be7e,No,No,default,Static,Static Function,gicv3_save_state(struct vcpu *),xen/arch/arm/gic-v3.c,1,8,7,3,16,1,8,1,5,7,0,0,10,1,5,5,0,0,5,1,1,1,1,0,0,0,0,0
422,No,No,789589968ed90e82a832dbc60e958c76b787be7e,No,No,default,Static,Static Function,gicv3_secondary_cpu_init(),xen/arch/arm/gic-v3.c,5,12,0,2,17,5,12,2,7,0,0,0,5,2,7,8,1,0,7,2,2,2,1,1,0,1,0,0
422,No,No,789589968ed90e82a832dbc60e958c76b787be7e,No,No,default,Static,Static Function,"gicv3_send_sgi(enum gic_sgi,enum gic_sgi_mode,const cpumask_t *)",xen/arch/arm/gic-v3.c,1,22,4,3,27,1,22,2,16,4,0,0,7,4,9,13,0,0,13,4,2,4,1,6,0,1,0,0
422,No,No,789589968ed90e82a832dbc60e958c76b787be7e,No,No,default,Static,Static Function,"gicv3_send_sgi_list(enum gic_sgi,const cpumask_t *)",xen/arch/arm/gic-v3.c,4,18,7,3,29,4,18,5,12,7,0,0,6,1,8,8,4,0,4,1,1,1,1,0,0,0,0,0
422,No,No,789589968ed90e82a832dbc60e958c76b787be7e,No,No,default,Static,Static Function,"gicv3_set_active_state(struct irq_desc *,bool)",xen/arch/arm/gic-v3.c,1,14,0,4,15,1,14,1,7,0,0,0,6,4,6,8,0,0,8,4,4,4,1,1,0,2,0,0
422,No,No,789589968ed90e82a832dbc60e958c76b787be7e,No,No,default,Static,Static Function,"gicv3_set_irq_priority(struct irq_desc *,unsigned int)",xen/arch/arm/gic-v3.c,3,11,1,6,15,3,11,3,7,1,0,0,4,2,5,6,1,0,5,2,2,2,1,1,0,1,0,0
422,No,No,789589968ed90e82a832dbc60e958c76b787be7e,No,No,default,Static,Static Function,"gicv3_set_irq_type(struct irq_desc *,unsigned int)",xen/arch/arm/gic-v3.c,7,33,1,6,41,7,33,4,26,1,0,0,12,24,17,22,3,0,19,10,10,10,1,2,0,2,0,0
422,No,No,789589968ed90e82a832dbc60e958c76b787be7e,No,No,default,Static,Static Function,"gicv3_set_pending_state(struct irq_desc *,bool)",xen/arch/arm/gic-v3.c,1,8,2,3,11,1,8,1,5,2,0,0,4,4,4,6,0,0,6,4,4,4,1,1,0,2,0,0
422,No,No,789589968ed90e82a832dbc60e958c76b787be7e,No,No,default,Static,Static Function,gicv3_unmask_irq(struct irq_desc *),xen/arch/arm/gic-v3.c,0,4,0,2,4,0,4,1,1,0,0,0,1,1,1,1,0,0,1,1,1,1,1,0,0,0,0,0
422,No,No,789589968ed90e82a832dbc60e958c76b787be7e,No,No,default,Static,Static Function,"gicv3_update_lr(int,unsigned int,uint8_t,unsigned int,unsigned int)",xen/arch/arm/gic-v3.c,6,16,4,11,26,6,16,3,12,4,0,0,3,16,11,15,1,0,14,7,7,7,1,0,0,2,0,0
422,No,No,789589968ed90e82a832dbc60e958c76b787be7e,No,No,default,Static,Static Function,gicv3_wait_for_rwp(int),xen/arch/arm/gic-v3.c,0,7,0,2,7,0,7,1,4,0,0,0,2,2,2,3,0,0,3,2,2,2,1,1,0,1,0,0
422,No,No,789589968ed90e82a832dbc60e958c76b787be7e,No,No,default,Static,Static Function,"gicv3_write_lr(int,const struct gic_lr *)",xen/arch/arm/gic-v3.c,7,29,9,16,45,7,29,3,20,9,0,0,3,56,13,20,2,0,18,9,9,10,1,1,0,4,0,0
422,No,No,789589968ed90e82a832dbc60e958c76b787be7e,No,No,default,Static,Static Function,"gnttab_cache_flush(__guest_handle_gnttab_cache_flush_t,grant_ref_t *,unsigned int)",xen/common/grant_table.c,4,29,0,4,33,4,29,7,17,0,0,0,9,9,16,23,3,3,17,8,8,9,8,19,19,3,19,0
422,No,No,789589968ed90e82a832dbc60e958c76b787be7e,No,No,default,Static,Static Function,"gnttab_clear_flag(unsigned int,uint16_t *)",xen/include/asm-x86/grant_table.h,0,4,4,2,8,0,4,1,0,4,0,0,0,1,1,1,0,1,0,1,1,1,1,0,0,0,0,1
422,No,No,789589968ed90e82a832dbc60e958c76b787be7e,No,No,default,none,Function,"gnttab_clear_flag(unsigned long,uint16_t *)",xen/arch/arm/mm.c,1,7,4,9,12,1,7,2,4,4,0,0,1,1,3,3,1,0,2,2,2,2,1,0,0,1,0,0
422,No,No,789589968ed90e82a832dbc60e958c76b787be7e,No,No,default,Static,Static Function,"gnttab_copy(__guest_handle_gnttab_copy_t,unsigned int)",xen/common/grant_table.c,6,45,0,3,51,6,45,7,27,0,0,0,12,33,25,31,5,0,26,7,7,8,6,8,8,2,8,0
422,No,No,789589968ed90e82a832dbc60e958c76b787be7e,No,No,default,Static,Static Function,"gnttab_copy_buf(const struct gnttab_copy *,struct gnttab_copy_buf *,const struct gnttab_copy_buf *)",xen/common/grant_table.c,4,27,0,13,31,4,27,4,14,0,0,0,4,8,17,20,1,0,19,7,7,10,4,3,3,2,3,0
422,No,No,789589968ed90e82a832dbc60e958c76b787be7e,No,No,default,Static,Static Function,"gnttab_copy_buf_valid(const struct gnttab_copy_ptr *,const struct gnttab_copy_buf *,bool_t)",xen/common/grant_table.c,0,10,0,10,10,0,10,3,5,0,0,0,1,3,3,5,0,0,5,3,3,4,3,2,2,1,2,0
422,No,No,789589968ed90e82a832dbc60e958c76b787be7e,No,No,default,Static,Static Function,"gnttab_copy_claim_buf(const struct gnttab_copy *,const struct gnttab_copy_ptr *,struct gnttab_copy_buf *,unsigned int)",xen/common/grant_table.c,6,49,0,20,55,6,49,5,32,0,0,0,17,16,21,27,1,0,26,8,8,8,6,7,7,3,7,0
422,No,No,789589968ed90e82a832dbc60e958c76b787be7e,No,No,default,Static,Static Function,"gnttab_copy_lock_domain(domid_t,bool,struct gnttab_copy_buf *)",xen/common/grant_table.c,4,11,1,5,16,4,11,2,7,1,0,0,6,3,5,7,0,0,7,3,3,4,3,2,2,1,2,0
422,No,No,789589968ed90e82a832dbc60e958c76b787be7e,No,No,default,Static,Static Function,"gnttab_copy_lock_domains(const struct gnttab_copy *,struct gnttab_copy_buf *,struct gnttab_copy_buf *)",xen/common/grant_table.c,3,24,0,9,27,3,24,4,15,0,0,0,4,8,11,14,1,0,13,4,4,4,4,6,6,1,6,0
422,No,No,789589968ed90e82a832dbc60e958c76b787be7e,No,No,default,Static,Static Function,"gnttab_copy_one(const struct gnttab_copy *,struct gnttab_copy_buf *,struct gnttab_copy_buf *)",xen/common/grant_table.c,5,35,2,10,42,5,35,4,22,2,0,0,7,27,14,20,1,0,19,7,7,10,7,6,6,2,6,0
422,No,No,789589968ed90e82a832dbc60e958c76b787be7e,No,No,default,Static,Static Function,gnttab_copy_release_buf(struct gnttab_copy_buf *),xen/common/grant_table.c,0,23,0,12,23,0,23,1,12,0,0,0,9,16,8,12,0,0,12,5,5,5,1,0,0,1,0,0
422,No,No,789589968ed90e82a832dbc60e958c76b787be7e,No,No,default,Static,Static Function,"gnttab_copy_unlock_domains(struct gnttab_copy_buf *,struct gnttab_copy_buf *)",xen/common/grant_table.c,0,14,0,6,14,0,14,2,6,0,0,0,4,4,4,6,0,0,6,3,3,3,1,0,0,1,0,0
422,No,No,789589968ed90e82a832dbc60e958c76b787be7e,No,No,default,Static,Static Function,gnttab_flush_tlb(const struct domain *),xen/common/grant_table.c,0,5,0,6,5,0,5,1,2,0,0,0,3,2,1,2,0,0,2,2,2,2,1,0,0,1,0,0
422,No,No,789589968ed90e82a832dbc60e958c76b787be7e,No,No,default,none,Function,"gnttab_get_shared_frame(struct domain *,unsigned long,mfn_t *)",xen/common/grant_table.c,2,10,0,5,12,2,10,4,5,0,0,0,4,1,6,6,2,0,4,1,1,1,1,0,0,0,0,0
422,No,No,789589968ed90e82a832dbc60e958c76b787be7e,No,No,default,Static,Static Function,"gnttab_get_shared_frame_mfn(struct domain *,unsigned long,mfn_t *)",xen/common/grant_table.c,7,19,3,8,27,7,19,4,12,3,0,0,8,12,10,15,2,0,13,7,7,7,4,4,4,2,4,0
422,No,No,789589968ed90e82a832dbc60e958c76b787be7e,No,No,default,none,Function,"gnttab_get_status_frame(struct domain *,unsigned long,mfn_t *)",xen/common/grant_table.c,2,11,0,6,13,2,11,4,6,0,0,0,4,1,6,6,2,0,4,2,2,2,1,0,0,0,0,0
422,No,No,789589968ed90e82a832dbc60e958c76b787be7e,No,No,default,Static,Static Function,"gnttab_get_status_frame_mfn(struct domain *,unsigned long,mfn_t *)",xen/common/grant_table.c,9,23,4,8,33,9,23,5,15,4,0,0,10,14,13,19,3,0,16,8,8,8,5,6,6,2,6,0
422,No,No,789589968ed90e82a832dbc60e958c76b787be7e,No,No,default,Static,Static Function,"gnttab_get_status_frames(__guest_handle_gnttab_get_status_frames_t,unsigned int,unsigned int)",xen/common/grant_table.c,11,65,0,9,76,11,65,9,39,0,0,0,15,98,32,41,6,0,35,10,10,10,8,7,7,2,7,0
422,No,No,789589968ed90e82a832dbc60e958c76b787be7e,No,No,default,Static,Static Function,gnttab_get_version(__guest_handle_gnttab_get_version_t),xen/common/grant_table.c,7,23,0,6,30,7,23,5,14,0,0,0,7,5,13,17,3,0,14,5,5,5,5,4,4,1,4,0
422,No,No,789589968ed90e82a832dbc60e958c76b787be7e,No,No,default,Static,Static Function,"gnttab_grow_table(struct domain *,unsigned int)",xen/common/grant_table.c,10,58,4,12,72,10,58,5,39,4,0,0,16,721,35,49,2,0,47,16,16,16,8,12,12,2,12,0
422,No,No,789589968ed90e82a832dbc60e958c76b787be7e,No,No,default,none,Function,"gnttab_map_frame(struct domain *,unsigned long,gfn_t,mfn_t *)",xen/common/grant_table.c,8,25,0,8,33,8,25,5,18,0,0,0,11,12,13,17,4,0,13,5,5,7,1,1,0,2,0,0
422,No,No,789589968ed90e82a832dbc60e958c76b787be7e,No,No,default,Static,Static Function,"gnttab_map_grant_ref(__guest_handle_gnttab_map_grant_ref_t,unsigned int)",xen/common/grant_table.c,5,18,0,3,23,5,18,5,9,0,0,0,8,5,9,13,2,0,11,5,5,6,5,9,9,2,9,0
422,No,No,789589968ed90e82a832dbc60e958c76b787be7e,No,No,default,none,Function,"gnttab_mark_dirty(struct domain *,mfn_t)",xen/arch/arm/mm.c,0,8,1,3,9,0,8,2,3,1,0,0,1,2,3,4,1,0,3,2,2,2,1,0,0,1,0,0
422,No,No,789589968ed90e82a832dbc60e958c76b787be7e,No,No,default,Static,Static Function,"gnttab_populate_status_frames(struct domain *,struct grant_table *,unsigned int)",xen/common/grant_table.c,4,25,1,6,30,4,25,5,13,1,0,0,11,6,17,21,2,0,19,5,5,5,3,4,4,2,3,0
422,No,No,789589968ed90e82a832dbc60e958c76b787be7e,No,No,default,Static,Static Function,"gnttab_prepare_for_transfer(struct domain *,struct domain *,grant_ref_t)",xen/common/grant_table.c,11,48,0,11,59,11,48,7,32,0,0,0,12,18,24,29,4,3,22,6,6,7,6,13,13,2,13,0
422,No,No,789589968ed90e82a832dbc60e958c76b787be7e,No,No,default,Static,Static Function,"gnttab_query_size(__guest_handle_gnttab_query_size_t,unsigned int)",xen/common/grant_table.c,11,35,0,7,46,11,35,6,22,0,0,0,13,18,19,25,3,0,22,7,7,7,6,5,5,1,5,0
422,No,No,789589968ed90e82a832dbc60e958c76b787be7e,No,No,default,none,Function,gnttab_release_mappings(struct domain *),xen/common/grant_table.c,16,89,1,14,106,16,89,13,58,1,0,0,20,3042,50,71,9,0,62,27,27,29,4,4,4,5,2,0
422,No,No,789589968ed90e82a832dbc60e958c76b787be7e,No,No,default,Static,Static Function,gnttab_set_version(__guest_handle_gnttab_set_version_t),xen/common/grant_table.c,16,120,13,21,148,16,120,10,88,13,0,0,25,46081,60,90,7,0,83,26,21,30,20,24,24,4,23,0
422,No,No,789589968ed90e82a832dbc60e958c76b787be7e,No,No,default,Static,Static Function,"gnttab_setup_table(__guest_handle_gnttab_setup_table_t,unsigned int,unsigned int)",xen/common/grant_table.c,14,72,1,11,87,14,72,10,49,1,0,0,20,643,35,48,6,0,42,15,15,18,10,9,9,3,9,0
422,No,No,789589968ed90e82a832dbc60e958c76b787be7e,No,No,default,Static,Static Function,"gnttab_swap_grant_ref(__guest_handle_gnttab_swap_grant_ref_t,unsigned int)",xen/common/grant_table.c,1,19,0,5,20,1,19,5,10,0,0,0,10,5,10,14,2,0,12,5,5,6,5,9,9,2,9,0
422,No,No,789589968ed90e82a832dbc60e958c76b787be7e,No,No,default,Static,Static Function,"gnttab_transfer(__guest_handle_gnttab_transfer_t,unsigned int)",xen/common/grant_table.c,36,172,17,21,224,35,151,17,105,17,11,11,49,32259,82,103,14,0,89,24,24,29,14,34,33,4,32,0
422,No,No,789589968ed90e82a832dbc60e958c76b787be7e,No,No,default,Static,Static Function,"gnttab_unmap_and_replace(__guest_handle_gnttab_unmap_and_replace_t,unsigned int)",xen/common/grant_table.c,9,36,0,4,45,9,36,6,24,0,0,0,12,21,25,32,3,0,29,8,8,9,6,17,17,3,17,0
422,No,No,789589968ed90e82a832dbc60e958c76b787be7e,No,No,default,Static,Static Function,"gnttab_unmap_grant_ref(__guest_handle_gnttab_unmap_grant_ref_t,unsigned int)",xen/common/grant_table.c,9,36,0,4,45,9,36,6,24,0,0,0,12,21,25,32,3,0,29,8,8,9,6,17,17,3,17,0
422,No,No,789589968ed90e82a832dbc60e958c76b787be7e,No,No,default,Static,Static Function,"gnttab_unpopulate_status_frames(struct domain *,struct grant_table *)",xen/common/grant_table.c,8,56,6,5,70,8,56,9,37,6,0,0,25,59,29,39,4,0,35,15,15,15,5,8,8,4,7,0
422,No,No,789589968ed90e82a832dbc60e958c76b787be7e,No,No,default,Static,Static Function,gnttab_usage_print(struct domain *),xen/common/grant_table.c,11,46,1,17,58,11,46,8,30,1,0,0,10,10,26,30,7,0,23,5,5,5,3,2,2,2,1,0
422,No,No,789589968ed90e82a832dbc60e958c76b787be7e,No,No,default,Static,Static Function,gnttab_usage_print_all(unsigned char),xen/common/grant_table.c,0,8,0,3,8,0,8,2,4,0,0,0,3,2,6,7,1,0,6,2,2,2,1,0,0,1,0,0
422,No,No,789589968ed90e82a832dbc60e958c76b787be7e,No,No,default,Static,Static Function,"grant_map_exists(const struct domain *,struct grant_table *,mfn_t,grant_ref_t *)",xen/common/grant_table.c,5,23,7,9,35,5,23,6,12,7,0,0,8,5,10,13,2,0,11,4,4,6,4,4,4,2,4,0
422,No,No,789589968ed90e82a832dbc60e958c76b787be7e,No,No,default,Static,Static Function,grant_read_lock(struct grant_table *),xen/common/grant_table.c,0,4,0,15,4,0,4,1,1,0,0,0,2,1,1,1,0,0,1,1,1,1,1,0,0,0,0,0
422,No,No,789589968ed90e82a832dbc60e958c76b787be7e,No,No,default,Static,Static Function,grant_read_unlock(struct grant_table *),xen/common/grant_table.c,0,4,0,15,4,0,4,1,1,0,0,0,2,1,1,1,0,0,1,1,1,1,1,0,0,0,0,0
422,No,No,789589968ed90e82a832dbc60e958c76b787be7e,No,No,default,none,Function,grant_table_destroy(struct domain *),xen/common/grant_table.c,7,24,0,9,31,7,24,5,18,0,0,0,10,17,22,27,2,0,25,6,6,6,1,1,0,1,0,0
422,No,No,789589968ed90e82a832dbc60e958c76b787be7e,No,No,default,none,Function,"grant_table_init(struct domain *,unsigned int,unsigned int)",xen/common/grant_table.c,15,47,7,14,69,15,47,4,38,7,0,0,23,98,26,35,2,0,33,10,10,12,8,8,7,2,7,0
422,No,No,789589968ed90e82a832dbc60e958c76b787be7e,No,No,default,none,Function,grant_table_init_vcpu(struct vcpu *),xen/common/grant_table.c,0,6,0,3,6,0,6,1,3,0,0,0,4,1,3,3,0,0,3,1,1,1,1,0,0,0,0,0
422,No,No,789589968ed90e82a832dbc60e958c76b787be7e,No,No,default,none,Function,grant_table_warn_active_grants(struct domain *),xen/common/grant_table.c,7,36,0,7,43,7,30,5,21,0,0,6,8,10,15,19,4,0,15,5,5,5,3,1,1,2,1,0
422,No,No,789589968ed90e82a832dbc60e958c76b787be7e,No,No,default,Static,Static Function,grant_to_status_frames(unsigned int),xen/common/grant_table.c,0,4,0,6,4,0,4,1,1,0,0,0,1,1,1,1,0,0,1,1,1,1,1,0,0,0,0,0
422,No,No,789589968ed90e82a832dbc60e958c76b787be7e,No,No,default,Static,Static Function,grant_write_lock(struct grant_table *),xen/common/grant_table.c,0,4,0,10,4,0,4,1,1,0,0,0,2,1,1,1,0,0,1,1,1,1,1,0,0,0,0,0
422,No,No,789589968ed90e82a832dbc60e958c76b787be7e,No,No,default,Static,Static Function,grant_write_unlock(struct grant_table *),xen/common/grant_table.c,0,4,0,10,4,0,4,1,1,0,0,0,2,1,1,1,0,0,1,1,1,1,1,0,0,0,0,0
422,No,No,789589968ed90e82a832dbc60e958c76b787be7e,No,No,default,Static,Static Function,"gsi_vioapic(const struct domain *,unsigned int,unsigned int *)",xen/arch/x86/hvm/vioapic.c,3,16,0,11,19,3,16,4,7,0,0,0,3,3,7,9,2,0,7,3,3,4,3,3,3,2,3,0
422,No,No,789589968ed90e82a832dbc60e958c76b787be7e,No,No,default,none,Function,"gtime_to_gtsc(struct domain *,u64)",xen/arch/x86/time.c,0,11,0,7,11,0,11,1,6,0,0,0,3,3,3,5,0,0,5,3,3,3,3,2,2,2,2,0
422,No,No,789589968ed90e82a832dbc60e958c76b787be7e,No,No,default,none,Function,"gtsc_to_gtime(struct domain *,u64)",xen/arch/x86/time.c,1,7,0,6,8,1,7,2,4,0,0,0,3,2,3,4,1,0,3,2,2,2,1,0,0,1,0,0
422,No,No,789589968ed90e82a832dbc60e958c76b787be7e,No,No,default,Static,Static Function,"guest_console_write(__guest_handle_char,int)",xen/drivers/char/console.c,11,75,3,9,89,10,65,5,45,3,9,2,22,20,34,44,4,3,37,11,11,14,7,11,11,4,9,0
422,No,No,789589968ed90e82a832dbc60e958c76b787be7e,No,No,default,none,Function,"guest_cpuid(const struct vcpu *,uint32_t,uint32_t,struct cpuid_leaf *)",xen/arch/x86/cpuid.c,35,170,170,40,373,35,170,14,136,170,0,0,31,10616,116,173,22,0,151,57,43,75,26,105,102,4,102,1
422,No,No,789589968ed90e82a832dbc60e958c76b787be7e,No,No,default,none,Function,"guest_enabled_event(struct vcpu *,uint32_t)",xen/common/event_channel.c,0,4,0,3,4,0,4,1,1,0,0,0,1,1,1,1,0,0,1,1,1,2,1,0,0,0,0,0
422,No,No,789589968ed90e82a832dbc60e958c76b787be7e,No,No,default,Static,Static Function,"guest_io_okay(unsigned int,unsigned int,struct vcpu *,struct cpu_user_regs *)",xen/arch/x86/pv/emul-priv-op.c,7,25,7,15,39,7,25,4,16,7,0,0,5,26,12,20,4,0,16,8,7,8,6,3,3,2,3,0
422,No,No,789589968ed90e82a832dbc60e958c76b787be7e,No,No,default,Static,Static Function,"guest_io_read(unsigned int,unsigned int,struct domain *)",xen/arch/x86/pv/emul-priv-op.c,7,57,0,8,64,7,57,7,36,0,0,0,14,41,25,39,5,0,34,14,12,18,7,16,13,3,12,0
422,No,No,789589968ed90e82a832dbc60e958c76b787be7e,No,No,default,Static,Static Function,"guest_io_write(unsigned int,unsigned int,uint32_t,struct domain *)",xen/arch/x86/pv/emul-priv-op.c,5,63,0,9,68,5,63,4,42,0,0,0,17,26,26,42,2,0,40,16,14,20,4,10,4,3,3,0
422,No,No,789589968ed90e82a832dbc60e958c76b787be7e,No,No,default,none,Function,"guest_mask_msi_irq(struct irq_desc *,bool)",xen/arch/x86/msi.c,0,4,0,6,4,0,4,1,1,0,0,0,1,1,1,1,0,0,1,1,1,1,1,0,0,0,0,0
422,No,No,789589968ed90e82a832dbc60e958c76b787be7e,No,No,default,Static,Static Function,guest_misc_enable(uint64_t),xen/arch/x86/pv/emul-priv-op.c,0,9,0,3,9,0,9,1,6,0,0,0,1,1,3,3,0,0,3,1,1,1,1,0,0,0,0,0
422,No,No,789589968ed90e82a832dbc60e958c76b787be7e,No,No,default,none,Function,"guest_physmap_add_entry(struct domain *,gfn_t,mfn_t,unsigned int,p2m_type_t)",xen/arch/x86/mm/p2m.c,11,123,24,9,157,11,114,12,74,24,7,2,37,581,52,71,9,0,62,22,22,28,12,19,19,4,17,0
422,No,No,789589968ed90e82a832dbc60e958c76b787be7e,No,No,default,none,Function,"guest_physmap_add_entry(struct domain *,gfn_t,mfn_t,unsigned long,p2m_type_t)",xen/arch/arm/p2m.c,0,8,0,5,8,0,8,5,1,0,0,0,2,1,1,1,0,0,1,1,1,1,1,0,0,0,0,0
422,No,No,789589968ed90e82a832dbc60e958c76b787be7e,No,No,default,Static,Static Function,"guest_physmap_add_page(struct domain *,gfn_t,mfn_t,unsigned int)",xen/include/asm-x86/p2m.h,0,7,0,4,7,0,7,4,1,0,0,0,2,1,1,1,0,0,1,1,1,1,1,0,0,0,0,0
422,No,No,789589968ed90e82a832dbc60e958c76b787be7e,No,No,default,Static,Static Function,"guest_physmap_add_page(struct domain *,gfn_t,mfn_t,unsigned int)",xen/include/asm-arm/p2m.h,0,7,0,4,7,0,7,4,1,0,0,0,2,1,1,1,0,0,1,1,1,1,1,0,0,0,0,0
422,No,No,789589968ed90e82a832dbc60e958c76b787be7e,No,No,default,none,Function,"guest_physmap_mark_populate_on_demand(struct domain *,unsigned long,unsigned int)",xen/arch/x86/mm/p2m-pod.c,8,44,3,8,55,8,44,10,27,3,0,0,18,9,26,31,7,0,24,6,6,6,4,4,4,2,4,0
422,No,No,789589968ed90e82a832dbc60e958c76b787be7e,No,No,default,none,Function,"guest_physmap_mark_populate_on_demand(struct domain *,unsigned long,unsigned int)",xen/arch/arm/p2m.c,0,6,0,0,6,0,6,3,1,0,0,0,1,1,1,1,0,0,1,1,1,1,1,0,0,0,0,0
422,No,No,789589968ed90e82a832dbc60e958c76b787be7e,No,No,default,none,Function,"guest_physmap_remove_page(struct domain *,gfn_t,mfn_t,unsigned int)",xen/arch/x86/mm/p2m.c,0,11,0,5,11,0,11,5,5,0,0,0,7,1,6,6,2,0,4,1,1,1,1,0,0,0,0,0
422,No,No,789589968ed90e82a832dbc60e958c76b787be7e,No,No,default,none,Function,"guest_physmap_remove_page(struct domain *,gfn_t,mfn_t,unsigned int)",xen/arch/arm/p2m.c,0,5,0,4,5,0,5,2,1,0,0,0,2,1,1,1,0,0,1,1,1,1,1,0,0,0,0,0
422,No,No,789589968ed90e82a832dbc60e958c76b787be7e,No,No,default,none,Function,"guest_printk(const struct domain *,const char *,...)",xen/drivers/char/console.c,2,9,0,4,11,2,9,3,4,0,0,0,4,1,6,6,2,0,4,1,1,1,1,0,0,0,0,0
422,No,No,789589968ed90e82a832dbc60e958c76b787be7e,No,No,default,none,Function,"guest_rdmsr(const struct vcpu *,uint32_t,uint64_t *)",xen/arch/x86/msr.c,17,69,12,23,98,17,64,8,56,12,3,2,12,31,41,62,9,0,53,24,11,26,16,115,115,2,115,0
422,No,No,789589968ed90e82a832dbc60e958c76b787be7e,No,No,default,none,Function,"guest_rdmsr_viridian(const struct vcpu *,uint32_t,uint64_t *)",xen/arch/x86/hvm/viridian/viridian.c,12,49,0,16,61,12,49,5,42,0,0,0,11,8,20,38,2,0,36,18,2,18,8,39,39,1,39,0
422,No,No,789589968ed90e82a832dbc60e958c76b787be7e,No,No,default,none,Function,"guest_rdmsr_x2apic(const struct vcpu *,uint32_t,uint64_t *)",xen/arch/x86/hvm/vlapic.c,5,26,5,3,36,5,22,12,19,5,0,4,8,6,10,13,4,0,9,5,5,7,1,1,0,2,0,0
422,No,No,789589968ed90e82a832dbc60e958c76b787be7e,No,No,default,none,Function,"guest_rdmsr_xen(const struct vcpu *,uint32_t,uint64_t *)",xen/arch/x86/traps.c,2,12,2,4,15,2,12,3,7,2,0,0,3,2,5,7,2,0,5,3,3,3,1,1,0,1,0,0
422,No,No,789589968ed90e82a832dbc60e958c76b787be7e,No,No,default,none,Function,"guest_remove_page(struct domain *,unsigned long)",xen/common/memory.c,16,82,23,6,120,10,27,4,17,13,58,13,12,4,14,17,3,0,14,5,5,7,3,2,2,1,2,0
422,No,No,789589968ed90e82a832dbc60e958c76b787be7e,No,No,default,Static,Static Function,"guest_walk_ld(const struct vcpu *,vaddr_t,paddr_t *,unsigned int *)",xen/arch/arm/guest_walk.c,39,124,69,11,230,39,108,29,84,69,0,16,34,128,58,74,14,2,58,17,17,29,12,19,19,2,18,0
422,No,No,789589968ed90e82a832dbc60e958c76b787be7e,No,No,default,Static,Static Function,"guest_walk_sd(const struct vcpu *,vaddr_t,paddr_t *,unsigned int *)",xen/arch/arm/guest_walk.c,21,84,48,16,149,21,84,11,61,48,0,0,7,44,45,62,8,0,54,17,14,18,8,15,12,3,12,0
422,No,No,789589968ed90e82a832dbc60e958c76b787be7e,No,No,default,none,Function,"guest_walk_tables(const struct vcpu *,vaddr_t,paddr_t *,unsigned int *)",xen/arch/arm/guest_walk.c,7,21,13,7,41,7,21,5,14,13,0,0,6,4,11,14,3,0,11,5,5,6,4,3,3,1,3,0
422,No,No,789589968ed90e82a832dbc60e958c76b787be7e,No,No,default,none,Function,"guest_wrmsr(struct vcpu *,uint32_t,uint64_t)",xen/arch/x86/msr.c,32,105,26,26,157,32,105,10,94,26,0,0,19,103,61,97,11,0,86,40,27,50,28,274,274,2,274,0
422,No,No,789589968ed90e82a832dbc60e958c76b787be7e,No,No,default,none,Function,"guest_wrmsr_apic_base(struct vcpu *,uint64_t)",xen/arch/x86/hvm/vlapic.c,10,45,36,11,91,10,45,3,34,36,0,0,18,11,19,27,2,0,25,10,10,12,7,9,8,2,8,0
422,No,No,789589968ed90e82a832dbc60e958c76b787be7e,No,No,default,none,Function,"guest_wrmsr_viridian(struct vcpu *,uint32_t,uint64_t)",xen/arch/x86/hvm/viridian/viridian.c,15,60,0,17,75,15,60,3,52,0,0,0,25,10,27,44,2,0,42,17,4,17,9,42,42,2,42,0
422,No,No,789589968ed90e82a832dbc60e958c76b787be7e,No,No,default,none,Function,"guest_wrmsr_x2apic(struct vcpu *,uint32_t,uint64_t)",xen/arch/x86/hvm/vlapic.c,15,68,1,4,84,15,68,3,61,1,0,0,7,46,30,58,2,0,56,30,16,30,23,176,176,2,176,0
422,No,No,789589968ed90e82a832dbc60e958c76b787be7e,No,No,default,none,Function,"guest_wrmsr_xen(struct vcpu *,uint32_t,uint64_t)",xen/arch/x86/traps.c,9,45,2,5,55,9,45,8,29,2,0,0,12,7,21,27,7,0,20,7,7,8,5,8,8,3,8,0
422,No,No,789589968ed90e82a832dbc60e958c76b787be7e,No,No,default,Static,Static Function,"gvirt_to_maddr(vaddr_t,paddr_t *,unsigned int)",xen/include/asm-arm/mm.h,0,9,0,2,9,0,9,3,5,0,0,0,3,2,4,5,1,0,4,2,2,2,1,1,0,1,0,0
422,No,No,789589968ed90e82a832dbc60e958c76b787be7e,No,No,default,Static,Static Function,handle_arch(struct cpu_user_regs *),xen/arch/arm/vsmc.c,13,53,5,2,71,13,53,5,40,5,0,0,8,13,22,39,4,0,35,15,7,15,6,17,12,3,12,0
422,No,No,789589968ed90e82a832dbc60e958c76b787be7e,No,No,default,Static,Static Function,handle_dw_usr_busy_quirk(struct ns16550 *),xen/drivers/char/ns16550.c,0,8,8,4,16,0,8,1,3,8,0,0,1,2,1,2,0,0,2,2,2,3,1,0,0,1,0,1
422,No,No,789589968ed90e82a832dbc60e958c76b787be7e,No,No,default,Static,Static Function,handle_existing_apis(struct cpu_user_regs *),xen/arch/arm/vsmc.c,1,5,1,2,7,1,5,2,2,1,0,0,3,1,2,2,1,0,1,1,1,1,1,0,0,0,0,0
422,No,No,789589968ed90e82a832dbc60e958c76b787be7e,No,No,default,none,Function,handle_hvm_io_completion(struct vcpu *),xen/arch/x86/hvm/ioreq.c,12,52,0,17,64,12,52,8,33,0,0,0,15,22,26,36,7,1,28,10,7,12,10,20,20,4,20,0
422,No,No,789589968ed90e82a832dbc60e958c76b787be7e,No,No,default,Static,Static Function,handle_hypervisor(struct cpu_user_regs *),xen/arch/arm/vsmc.c,1,16,0,2,17,1,16,2,11,0,0,0,8,4,5,9,1,0,8,4,2,4,1,6,0,1,0,0
422,No,No,789589968ed90e82a832dbc60e958c76b787be7e,No,No,default,Static,Static Function,"handle_iomem_range(unsigned long,unsigned long,void *)",xen/arch/x86/mm.c,4,20,0,5,24,4,20,5,14,0,0,0,3,12,12,16,4,0,12,7,7,10,3,2,2,3,2,0
422,No,No,789589968ed90e82a832dbc60e958c76b787be7e,No,No,default,none,Function,"handle_memadd_fault(unsigned long,struct cpu_user_regs *)",xen/arch/x86/x86_64/mm.c,17,50,1,4,68,17,50,10,42,1,0,0,15,130,32,41,9,0,32,10,10,11,7,6,6,1,6,0
422,No,No,789589968ed90e82a832dbc60e958c76b787be7e,No,No,default,none,Function,"handle_raz_wi(struct cpu_user_regs *,int,bool,const union hsr,int)",xen/arch/arm/traps.c,3,13,1,8,17,3,13,5,6,1,0,0,6,6,5,8,0,0,8,5,5,7,1,1,0,2,0,0
422,No,No,789589968ed90e82a832dbc60e958c76b787be7e,No,No,default,none,Function,"handle_ro_raz(struct cpu_user_regs *,int,bool,const union hsr,int)",xen/arch/arm/traps.c,0,8,0,8,8,0,8,5,1,0,0,0,2,1,1,1,0,0,1,1,1,1,1,0,0,0,0,0
422,No,No,789589968ed90e82a832dbc60e958c76b787be7e,No,No,default,none,Function,"handle_ro_read_val(struct cpu_user_regs *,int,bool,const union hsr,int,register_t)",xen/arch/arm/traps.c,4,15,0,8,19,4,15,6,7,0,0,0,6,6,6,9,0,0,9,5,5,7,3,2,2,2,2,0
422,No,No,789589968ed90e82a832dbc60e958c76b787be7e,No,No,default,Static,Static Function,handle_sssc(struct cpu_user_regs *),xen/arch/arm/vsmc.c,5,18,0,2,23,5,18,2,13,0,0,0,9,5,6,11,1,0,10,5,3,5,5,7,7,1,7,0
422,No,No,789589968ed90e82a832dbc60e958c76b787be7e,No,No,default,Static,Static Function,"handle_vuart_init(struct domain *,struct xen_domctl_vuart_op *)",xen/arch/arm/domctl.c,6,16,0,8,22,6,16,4,10,0,0,0,7,4,9,12,2,0,10,4,4,4,3,2,2,1,2,0
422,No,No,789589968ed90e82a832dbc60e958c76b787be7e,No,No,default,none,Function,"handle_wo_wi(struct cpu_user_regs *,int,bool,const union hsr,int)",xen/arch/arm/traps.c,3,13,1,6,17,3,13,5,6,1,0,0,5,6,5,8,0,0,8,5,5,7,3,2,2,2,2,0
422,No,No,789589968ed90e82a832dbc60e958c76b787be7e,No,No,default,Static,Static Function,has_cap(const struct csched2_vcpu *),xen/common/sched_credit2.c,0,4,0,7,4,0,4,1,1,0,0,0,1,1,1,1,0,0,1,1,1,1,1,0,0,0,0,0
422,No,No,789589968ed90e82a832dbc60e958c76b787be7e,No,No,default,Static,Static Function,"hash_domain_foreach(struct domain *,unsigned int,const hash_domain_callback_t [],mfn_t)",xen/arch/x86/mm/shadow/common.c,4,29,13,15,46,4,29,6,16,13,0,0,10,10,16,22,2,0,20,7,7,7,7,6,6,4,6,0
422,No,No,789589968ed90e82a832dbc60e958c76b787be7e,No,No,default,Static,Static Function,hash_index(const struct argo_ring_id *),xen/common/argo.c,2,14,6,7,21,2,14,3,10,6,0,0,1,1,10,10,1,0,9,1,1,1,1,0,0,0,0,0
422,No,No,789589968ed90e82a832dbc60e958c76b787be7e,No,No,default,Static,Static Function,"hash_vcpu_foreach(struct vcpu *,unsigned int,const hash_vcpu_callback_t [],mfn_t)",xen/arch/x86/mm/shadow/common.c,4,29,13,15,46,4,29,6,17,13,0,0,9,10,17,23,3,0,20,7,7,7,7,6,6,4,6,0
422,No,No,789589968ed90e82a832dbc60e958c76b787be7e,No,No,default,none,Function,help(const char *),tools/xl/xl.c,1,30,0,10,31,1,30,3,21,0,0,0,4,6,13,18,2,0,16,8,8,9,1,2,0,3,0,0
422,No,No,789589968ed90e82a832dbc60e958c76b787be7e,No,No,default,Static,Static Function,"hmp_callback(libxl__qmp_handler *,const libxl__json_object *,void *)",tools/libxl/libxl_qmp.c,5,21,0,5,26,5,21,6,13,0,0,0,10,4,16,18,3,0,15,4,4,4,3,2,2,1,2,0
422,No,No,789589968ed90e82a832dbc60e958c76b787be7e,No,No,default,none,Function,host_tsc_is_safe(),xen/arch/x86/time.c,0,4,0,2,4,0,4,1,1,0,0,0,2,1,1,1,0,0,1,1,1,1,1,0,0,0,0,0
422,No,No,789589968ed90e82a832dbc60e958c76b787be7e,No,No,default,Static,Static Function,"hotadd_mem_valid(unsigned long,struct mem_hotadd_info *)",xen/arch/x86/x86_64/mm.c,0,4,0,8,4,0,4,1,1,0,0,0,1,1,1,1,0,0,1,1,1,2,1,0,0,0,0,0
422,No,No,789589968ed90e82a832dbc60e958c76b787be7e,No,No,default,Static,Static Function,"hpet_check_access_length(unsigned long,unsigned long)",xen/arch/x86/hvm/hpet.c,1,11,5,4,17,1,11,2,5,5,0,0,2,2,3,4,0,0,4,2,2,3,1,1,0,1,0,0
422,No,No,789589968ed90e82a832dbc60e958c76b787be7e,No,No,default,none,Function,hpet_deinit(struct domain *),xen/arch/x86/hvm/hpet.c,5,16,0,11,21,5,16,4,10,0,0,0,7,5,9,13,3,0,10,5,5,5,1,1,0,3,0,0
422,No,No,789589968ed90e82a832dbc60e958c76b787be7e,No,No,default,Static,Static Function,"hpet_fixup_reg(uint64_t,uint64_t,uint64_t)",xen/arch/x86/hvm/hpet.c,0,7,0,4,7,0,7,2,3,0,0,0,1,1,3,3,0,0,3,1,1,1,1,0,0,0,0,0
422,No,No,789589968ed90e82a832dbc60e958c76b787be7e,No,No,default,Static,Static Function,"hpet_get_comparator(HPETState *,unsigned int,uint64_t)",xen/arch/x86/hvm/hpet.c,3,25,2,13,30,3,25,5,13,2,0,0,7,8,11,15,3,0,12,5,5,6,1,0,0,3,0,0
422,No,No,789589968ed90e82a832dbc60e958c76b787be7e,No,No,default,none,Function,hpet_init(struct domain *),xen/arch/x86/hvm/hpet.c,1,8,0,7,9,1,8,1,5,0,0,0,6,2,4,5,0,0,5,2,2,2,1,1,0,1,0,0
422,No,No,789589968ed90e82a832dbc60e958c76b787be7e,No,No,default,Static,Static Function,"hpet_load(struct domain *,hvm_domain_context_t *)",xen/arch/x86/hvm/hpet.c,10,45,7,27,62,10,42,9,31,7,0,3,20,14,32,39,5,0,34,8,8,8,3,2,2,3,2,0
422,No,No,789589968ed90e82a832dbc60e958c76b787be7e,No,No,default,Static,Static Function,"hpet_range(struct vcpu *,unsigned long)",xen/arch/x86/hvm/hpet.c,0,5,0,1,5,0,5,1,2,0,0,0,1,1,1,1,0,0,1,1,1,2,1,0,0,0,0,0
422,No,No,789589968ed90e82a832dbc60e958c76b787be7e,No,No,default,Static,Static Function,"hpet_read(struct vcpu *,unsigned long,unsigned int,unsigned long *)",xen/arch/x86/hvm/hpet.c,8,36,0,11,44,8,36,6,24,0,0,0,12,32,18,23,3,0,20,6,6,7,3,4,2,1,2,0
422,No,No,789589968ed90e82a832dbc60e958c76b787be7e,No,No,default,Static,Static Function,"hpet_read64(HPETState *,unsigned long,uint64_t)",xen/arch/x86/hvm/hpet.c,2,32,0,11,34,2,32,5,26,0,0,0,10,8,27,41,3,0,38,14,2,14,1,28,0,1,0,0
422,No,No,789589968ed90e82a832dbc60e958c76b787be7e,No,No,default,Static,Static Function,"hpet_read_maincounter(HPETState *,uint64_t)",xen/arch/x86/hvm/hpet.c,1,8,0,10,9,1,8,1,5,0,0,0,3,2,3,4,0,0,4,2,2,2,1,1,0,1,0,0
422,No,No,789589968ed90e82a832dbc60e958c76b787be7e,No,No,default,none,Function,hpet_reset(struct domain *),xen/arch/x86/hvm/hpet.c,1,7,0,5,8,1,7,1,4,0,0,0,3,2,3,4,0,0,4,2,2,2,1,1,0,1,0,0
422,No,No,789589968ed90e82a832dbc60e958c76b787be7e,No,No,default,Static,Static Function,"hpet_save(struct vcpu *,hvm_domain_context_t *)",xen/arch/x86/hvm/hpet.c,6,45,11,25,62,6,43,9,36,11,0,2,22,5,34,37,5,0,32,5,5,5,1,1,0,1,0,0
422,No,No,789589968ed90e82a832dbc60e958c76b787be7e,No,No,default,Static,Static Function,hpet_set(HPETState *),xen/arch/x86/hvm/hpet.c,7,21,2,9,30,7,21,2,15,2,0,0,12,2,14,15,1,0,14,2,2,2,1,0,0,1,0,0
422,No,No,789589968ed90e82a832dbc60e958c76b787be7e,No,No,default,Static,Static Function,"hpet_set_timer(HPETState *,unsigned int,uint64_t)",xen/arch/x86/hvm/hpet.c,9,53,21,18,83,9,53,5,36,21,0,0,16,20,23,29,3,0,26,16,16,22,3,3,2,1,2,0
422,No,No,789589968ed90e82a832dbc60e958c76b787be7e,No,No,default,Static,Static Function,"hpet_stop_timer(HPETState *,unsigned int,uint64_t)",xen/arch/x86/hvm/hpet.c,0,9,2,7,11,0,9,2,5,2,0,0,5,1,5,5,0,0,5,1,1,1,1,0,0,0,0,0
422,No,No,789589968ed90e82a832dbc60e958c76b787be7e,No,No,default,Static,Static Function,"hpet_timer_fired(struct vcpu *,void *)",xen/arch/x86/hvm/hpet.c,1,9,0,10,10,1,9,3,6,0,0,0,4,2,5,6,2,0,4,2,2,2,1,0,0,1,0,0
422,No,No,789589968ed90e82a832dbc60e958c76b787be7e,No,No,default,Static,Static Function,"hpet_write(struct vcpu *,unsigned long,unsigned int,unsigned long)",xen/arch/x86/hvm/hpet.c,24,164,29,23,217,24,158,14,120,29,0,6,33,1472,89,132,11,0,121,46,35,54,11,30,26,4,25,0
422,No,No,789589968ed90e82a832dbc60e958c76b787be7e,No,No,default,Static,Static Function,hpetid_to_bdf(unsigned int),xen/drivers/passthrough/vtd/intremap.c,2,10,0,5,12,2,10,3,6,0,0,0,4,1,5,5,2,0,3,1,1,1,1,0,0,0,0,0
422,No,No,789589968ed90e82a832dbc60e958c76b787be7e,No,No,default,Static,Static Function,"hpfar_is_valid(bool,uint8_t)",xen/arch/arm/traps.c,0,4,10,3,14,0,4,1,1,10,0,0,2,1,1,1,0,0,1,1,1,3,1,0,0,0,0,2
422,No,No,789589968ed90e82a832dbc60e958c76b787be7e,No,No,default,Static,Static Function,"hvm_access_cf8(int,unsigned int,unsigned int,uint32_t *)",xen/arch/x86/hvm/ioreq.c,2,8,1,4,11,2,8,3,4,1,0,0,4,2,3,4,1,0,3,2,2,3,1,0,0,1,0,0
422,No,No,789589968ed90e82a832dbc60e958c76b787be7e,No,No,default,Static,Static Function,"hvm_add_ioreq_gfn(struct hvm_ioreq_server *,bool)",xen/arch/x86/hvm/ioreq.c,4,14,0,9,18,4,14,4,10,0,0,0,9,3,8,10,3,0,7,4,4,4,1,1,0,1,0,0
422,No,No,789589968ed90e82a832dbc60e958c76b787be7e,No,No,default,none,Function,"hvm_all_ioreq_servers_add_vcpu(struct domain *,struct vcpu *)",xen/arch/x86/hvm/ioreq.c,9,25,0,7,34,9,25,4,14,0,0,0,5,4,16,21,3,1,17,6,6,6,6,6,6,3,6,0
422,No,No,789589968ed90e82a832dbc60e958c76b787be7e,No,No,default,none,Function,"hvm_all_ioreq_servers_remove_vcpu(struct domain *,struct vcpu *)",xen/arch/x86/hvm/ioreq.c,3,9,0,7,12,3,9,3,4,0,0,0,3,3,8,10,2,1,7,3,3,3,3,1,1,2,1,0
422,No,No,789589968ed90e82a832dbc60e958c76b787be7e,No,No,default,Static,Static Function,hvm_alloc_ioreq_gfn(struct hvm_ioreq_server *),xen/arch/x86/hvm/ioreq.c,2,11,4,8,17,2,11,3,5,4,0,0,4,3,6,8,2,0,6,3,3,3,3,3,3,2,3,0
422,No,No,789589968ed90e82a832dbc60e958c76b787be7e,No,No,default,Static,Static Function,"hvm_alloc_ioreq_mfn(struct hvm_ioreq_server *,bool)",xen/arch/x86/hvm/ioreq.c,9,30,9,11,48,9,30,3,21,9,0,0,14,6,18,24,2,0,22,9,9,9,6,7,6,2,6,0
422,No,No,789589968ed90e82a832dbc60e958c76b787be7e,No,No,default,Static,Static Function,hvm_alloc_legacy_ioreq_gfn(struct hvm_ioreq_server *),xen/arch/x86/hvm/ioreq.c,3,12,0,8,15,3,12,4,6,0,0,0,3,3,8,10,3,0,7,3,3,3,3,3,3,2,3,0
422,No,No,789589968ed90e82a832dbc60e958c76b787be7e,No,No,default,none,Function,"hvm_broadcast_ioreq(ioreq_t *,bool)",xen/arch/x86/hvm/ioreq.c,3,14,0,8,17,3,14,4,8,0,0,0,2,6,9,13,3,1,9,5,5,5,4,2,2,3,2,0
422,No,No,789589968ed90e82a832dbc60e958c76b787be7e,No,No,default,Static,Static Function,"hvm_build_set_params(xc_interface *,uint32_t,libxl_domain_build_info *,int,unsigned long *,int,unsigned long *,domid_t,domid_t)",tools/libxl/libxl_dom.c,5,34,0,14,39,5,34,10,22,0,0,0,13,4,23,26,4,0,22,4,4,4,3,2,2,2,2,0
422,No,No,789589968ed90e82a832dbc60e958c76b787be7e,No,No,default,Static,Static Function,"hvm_build_set_xs_values(libxl__gc *,uint32_t,struct xc_dom_image *,const libxl_domain_build_info *)",tools/libxl/libxl_dom.c,10,37,1,10,48,10,37,6,28,1,0,0,5,25,17,23,2,0,21,7,7,8,7,12,12,2,12,0
422,No,No,789589968ed90e82a832dbc60e958c76b787be7e,No,No,default,Static,Static Function,hvm_cpu_down(),xen/include/asm-x86/hvm/hvm.h,0,1,0,0,1,0,1,1,0,0,0,0,0,1,0,0,0,0,0,1,1,1,1,0,0,0,0,0
422,No,No,789589968ed90e82a832dbc60e958c76b787be7e,No,No,default,Static,Static Function,hvm_cpu_up(),xen/include/asm-x86/hvm/hvm.h,0,4,0,0,4,0,4,1,1,0,0,0,1,1,1,1,0,0,1,1,1,1,1,0,0,0,0,0
422,No,No,789589968ed90e82a832dbc60e958c76b787be7e,No,No,default,none,Function,"hvm_create_ioreq_server(struct domain *,int,ioservid_t *)",xen/arch/x86/hvm/ioreq.c,12,39,4,8,55,12,39,5,27,4,0,0,10,26,25,32,3,0,29,8,8,8,7,8,8,2,8,0
422,No,No,789589968ed90e82a832dbc60e958c76b787be7e,No,No,default,none,Function,hvm_destroy_all_ioreq_servers(struct domain *),xen/arch/x86/hvm/ioreq.c,6,14,5,6,25,6,14,3,7,5,0,0,6,3,11,13,2,1,10,3,3,3,3,1,1,2,1,0
422,No,No,789589968ed90e82a832dbc60e958c76b787be7e,No,No,default,none,Function,"hvm_destroy_ioreq_server(struct domain *,ioservid_t)",xen/arch/x86/hvm/ioreq.c,13,24,4,8,41,13,24,3,18,4,0,0,11,4,18,20,2,0,18,3,3,3,3,2,2,1,2,0
422,No,No,789589968ed90e82a832dbc60e958c76b787be7e,No,No,default,Static,Static Function,hvm_event_pending(const struct vcpu *),xen/include/asm-x86/hvm/hvm.h,0,4,0,0,4,0,4,1,1,0,0,0,1,1,1,1,0,0,1,1,1,1,1,0,0,0,0,0
422,No,No,789589968ed90e82a832dbc60e958c76b787be7e,No,No,default,Static,Static Function,hvm_flush_guest_tlbs(),xen/include/asm-x86/hvm/hvm.h,0,1,0,0,1,0,1,1,0,0,0,0,0,1,0,0,0,0,0,1,1,1,1,0,0,0,0,0
422,No,No,789589968ed90e82a832dbc60e958c76b787be7e,No,No,default,Static,Static Function,"hvm_free_ioreq_gfn(struct hvm_ioreq_server *,gfn_t)",xen/arch/x86/hvm/ioreq.c,2,11,0,9,13,2,11,3,6,0,0,0,7,6,7,10,2,0,8,6,6,6,1,0,0,3,0,0
422,No,No,789589968ed90e82a832dbc60e958c76b787be7e,No,No,default,Static,Static Function,"hvm_free_ioreq_mfn(struct hvm_ioreq_server *,bool)",xen/arch/x86/hvm/ioreq.c,5,13,4,9,22,5,13,3,10,4,0,0,6,3,8,10,2,0,8,4,4,4,1,1,0,1,0,0
422,No,No,789589968ed90e82a832dbc60e958c76b787be7e,No,No,default,Static,Static Function,"hvm_free_legacy_ioreq_gfn(struct hvm_ioreq_server *,gfn_t)",xen/arch/x86/hvm/ioreq.c,2,15,0,9,17,2,15,4,8,0,0,0,4,6,8,11,2,0,9,4,4,4,3,3,3,2,2,0
422,No,No,789589968ed90e82a832dbc60e958c76b787be7e,No,No,default,Static,Static Function,hvm_get_cpl(const struct vcpu *),xen/include/asm-x86/hvm/hvm.h,0,5,0,0,5,0,5,1,2,0,0,0,2,1,2,2,0,0,2,1,1,1,1,0,0,0,0,0
422,No,No,789589968ed90e82a832dbc60e958c76b787be7e,No,No,default,none,Function,"hvm_get_ioreq_server_frame(struct domain *,ioservid_t,unsigned long,mfn_t *)",xen/arch/x86/hvm/ioreq.c,12,38,0,13,50,12,38,4,29,0,0,0,10,64,24,32,2,0,30,9,8,9,7,9,9,2,9,0
422,No,No,789589968ed90e82a832dbc60e958c76b787be7e,No,No,default,none,Function,"hvm_get_ioreq_server_info(struct domain *,ioservid_t,unsigned long *,unsigned long *,evtchn_port_t *)",xen/arch/x86/hvm/ioreq.c,11,35,0,16,46,11,35,6,22,0,0,0,9,120,16,24,2,0,22,9,9,10,5,4,4,2,4,0
422,No,No,789589968ed90e82a832dbc60e958c76b787be7e,No,No,default,Static,Static Function,"hvm_grant_table_op(unsigned int,__guest_handle_void,unsigned int)",xen/arch/x86/hvm/hypercall.c,2,22,1,4,24,2,22,2,16,1,0,0,3,3,4,14,0,0,14,10,3,10,3,3,3,1,3,0
422,No,No,789589968ed90e82a832dbc60e958c76b787be7e,No,No,default,Static,Static Function,hvm_hap_supported(),xen/include/asm-x86/hvm/hvm.h,0,4,0,0,4,0,4,1,1,0,0,0,1,1,1,1,0,0,1,1,1,1,1,0,0,0,0,0
422,No,No,789589968ed90e82a832dbc60e958c76b787be7e,No,No,default,Static,Static Function,hvm_has_set_descriptor_access_exiting(),xen/include/asm-x86/hvm/hvm.h,0,4,0,0,4,0,4,1,1,0,0,0,1,1,1,1,0,0,1,1,1,1,1,0,0,0,0,0
422,No,No,789589968ed90e82a832dbc60e958c76b787be7e,No,No,default,none,Function,hvm_hypercall(struct cpu_user_regs *),xen/arch/x86/hvm/hypercall.c,21,127,5,27,153,21,119,19,92,5,0,8,27,2714,72,115,20,0,95,40,17,44,37,11,11,3,11,0
422,No,No,789589968ed90e82a832dbc60e958c76b787be7e,No,No,default,Static,Static Function,"hvm_inject_hw_exception(unsigned int,int)",xen/include/asm-x86/hvm/hvm.h,0,4,0,0,4,0,4,1,1,0,0,0,1,1,1,1,0,0,1,1,1,1,1,0,0,0,0,0
422,No,No,789589968ed90e82a832dbc60e958c76b787be7e,No,No,default,Static,Static Function,"hvm_invlpg(const struct vcpu *,unsigned long)",xen/include/asm-x86/hvm/hvm.h,0,4,0,0,4,0,4,1,1,0,0,0,1,1,1,1,0,0,1,1,1,1,1,0,0,0,0,0
422,No,No,789589968ed90e82a832dbc60e958c76b787be7e,No,No,default,Static,Static Function,"hvm_io_assist(struct hvm_ioreq_vcpu *,uint64_t)",xen/arch/x86/hvm/ioreq.c,3,15,0,8,18,3,15,3,10,0,0,0,7,2,8,9,2,0,7,2,2,2,1,1,0,1,0,0
422,No,No,789589968ed90e82a832dbc60e958c76b787be7e,No,No,default,none,Function,hvm_io_pending(struct vcpu *),xen/arch/x86/hvm/ioreq.c,3,18,0,10,21,3,18,5,9,0,0,0,2,4,9,12,4,1,7,4,4,5,4,4,4,3,4,0
422,No,No,789589968ed90e82a832dbc60e958c76b787be7e,No,No,default,none,Function,hvm_ioreq_init(struct domain *),xen/arch/x86/hvm/ioreq.c,1,5,0,5,6,1,5,1,2,0,0,0,2,1,2,2,0,0,2,1,1,1,1,0,0,0,0,0
422,No,No,789589968ed90e82a832dbc60e958c76b787be7e,No,No,default,Static,Static Function,hvm_ioreq_needs_completion(const ioreq_t *),xen/include/asm-x86/hvm/vcpu.h,0,6,0,5,6,0,6,1,3,0,0,0,1,1,1,1,0,0,1,1,1,4,1,0,0,0,0,0
422,No,No,789589968ed90e82a832dbc60e958c76b787be7e,No,No,default,Static,Static Function,"hvm_ioreq_server_add_vcpu(struct hvm_ioreq_server *,struct vcpu *)",xen/arch/x86/hvm/ioreq.c,14,37,0,14,51,14,37,4,26,0,0,0,13,24,21,26,2,0,24,6,6,7,5,7,7,2,7,0
422,No,No,789589968ed90e82a832dbc60e958c76b787be7e,No,No,default,Static,Static Function,hvm_ioreq_server_alloc_pages(struct hvm_ioreq_server *),xen/arch/x86/hvm/ioreq.c,4,10,0,3,14,4,10,2,6,0,0,0,3,4,5,7,1,0,6,3,3,4,1,0,0,1,0,0
422,No,No,789589968ed90e82a832dbc60e958c76b787be7e,No,No,default,Static,Static Function,"hvm_ioreq_server_alloc_rangesets(struct hvm_ioreq_server *,ioservid_t)",xen/arch/x86/hvm/ioreq.c,9,28,0,5,37,9,28,5,18,0,0,0,7,5,15,18,3,0,15,7,7,7,4,8,8,2,8,0
422,No,No,789589968ed90e82a832dbc60e958c76b787be7e,No,No,default,Static,Static Function,hvm_ioreq_server_deinit(struct hvm_ioreq_server *),xen/arch/x86/hvm/ioreq.c,3,9,9,6,21,3,9,1,6,9,0,0,8,4,7,9,0,0,9,4,4,4,1,0,0,2,0,1
422,No,No,789589968ed90e82a832dbc60e958c76b787be7e,No,No,default,Static,Static Function,hvm_ioreq_server_disable(struct hvm_ioreq_server *),xen/arch/x86/hvm/ioreq.c,4,11,0,6,15,4,11,1,7,0,0,0,5,2,6,7,0,0,7,2,2,2,1,1,0,1,0,0
422,No,No,789589968ed90e82a832dbc60e958c76b787be7e,No,No,default,Static,Static Function,hvm_ioreq_server_enable(struct hvm_ioreq_server *),xen/arch/x86/hvm/ioreq.c,6,16,0,5,22,6,16,2,11,0,0,0,7,2,8,9,1,0,8,2,2,2,1,1,0,1,0,0
422,No,No,789589968ed90e82a832dbc60e958c76b787be7e,No,No,default,Static,Static Function,hvm_ioreq_server_free_pages(struct hvm_ioreq_server *),xen/arch/x86/hvm/ioreq.c,0,5,0,2,5,0,5,1,2,0,0,0,1,1,2,2,0,0,2,1,1,1,1,0,0,0,0,0
422,No,No,789589968ed90e82a832dbc60e958c76b787be7e,No,No,default,Static,Static Function,hvm_ioreq_server_free_rangesets(struct hvm_ioreq_server *),xen/arch/x86/hvm/ioreq.c,1,6,0,5,7,1,6,2,2,0,0,0,1,2,4,5,1,0,4,2,2,2,1,0,0,1,0,0
422,No,No,789589968ed90e82a832dbc60e958c76b787be7e,No,No,default,Static,Static Function,"hvm_ioreq_server_init(struct hvm_ioreq_server *,struct domain *,int,ioservid_t)",xen/arch/x86/hvm/ioreq.c,11,33,0,13,44,11,33,6,23,0,0,0,19,4,24,28,3,0,25,6,6,6,4,5,5,2,4,0
422,No,No,789589968ed90e82a832dbc60e958c76b787be7e,No,No,default,Static,Static Function,hvm_ioreq_server_map_pages(struct hvm_ioreq_server *),xen/arch/x86/hvm/ioreq.c,4,10,0,3,14,4,10,2,6,0,0,0,3,4,5,7,1,0,6,3,3,4,1,0,0,1,0,0
422,No,No,789589968ed90e82a832dbc60e958c76b787be7e,No,No,default,Static,Static Function,hvm_ioreq_server_remove_all_vcpus(struct hvm_ioreq_server *),xen/arch/x86/hvm/ioreq.c,7,18,0,12,25,7,18,3,13,0,0,0,6,2,8,9,2,0,7,2,2,3,1,0,0,1,0,0
422,No,No,789589968ed90e82a832dbc60e958c76b787be7e,No,No,default,Static,Static Function,"hvm_ioreq_server_remove_vcpu(struct hvm_ioreq_server *,struct vcpu *)",xen/arch/x86/hvm/ioreq.c,7,20,0,13,27,7,20,3,14,0,0,0,6,4,9,11,1,0,10,3,3,4,1,0,0,1,0,0
422,No,No,789589968ed90e82a832dbc60e958c76b787be7e,No,No,default,Static,Static Function,hvm_ioreq_server_unmap_pages(struct hvm_ioreq_server *),xen/arch/x86/hvm/ioreq.c,0,5,0,3,5,0,5,1,2,0,0,0,1,1,2,2,0,0,2,1,1,1,1,0,0,0,0,0
422,No,No,789589968ed90e82a832dbc60e958c76b787be7e,No,No,default,Static,Static Function,hvm_is_singlestep_supported(),xen/include/asm-x86/hvm/hvm.h,0,4,0,0,4,0,4,1,1,0,0,0,1,1,1,1,0,0,1,1,1,1,1,0,0,0,0,0
422,No,No,789589968ed90e82a832dbc60e958c76b787be7e,No,No,default,none,Function,"hvm_map_io_range_to_ioreq_server(struct domain *,ioservid_t,uint32_t,uint64_t,uint64_t)",xen/arch/x86/hvm/ioreq.c,12,39,0,12,51,12,39,6,28,0,0,0,6,33,21,30,3,0,27,9,7,9,6,6,5,1,5,0
422,No,No,789589968ed90e82a832dbc60e958c76b787be7e,No,No,default,Static,Static Function,"hvm_map_ioreq_gfn(struct hvm_ioreq_server *,bool)",xen/arch/x86/hvm/ioreq.c,8,22,5,10,35,8,22,4,16,5,0,0,8,6,11,16,3,0,13,7,7,7,5,5,5,2,5,0
422,No,No,789589968ed90e82a832dbc60e958c76b787be7e,No,No,default,none,Function,"hvm_map_mem_type_to_ioreq_server(struct domain *,ioservid_t,uint32_t,uint32_t)",xen/arch/x86/hvm/ioreq.c,11,28,0,12,39,11,28,5,19,0,0,0,8,14,15,21,3,0,18,7,7,8,5,4,4,2,4,0
422,No,No,789589968ed90e82a832dbc60e958c76b787be7e,No,No,default,Static,Static Function,"hvm_memory_op(int,__guest_handle_void)",xen/arch/x86/hvm/hypercall.c,4,18,0,3,22,4,18,3,12,0,0,0,7,5,7,12,2,0,10,5,4,5,1,2,0,1,0,0
422,No,No,789589968ed90e82a832dbc60e958c76b787be7e,No,No,default,Static,Static Function,"hvm_physdev_op(int,__guest_handle_void)",xen/arch/x86/hvm/hypercall.c,3,26,1,5,30,3,26,2,21,1,0,0,5,11,8,19,1,0,18,11,6,11,7,9,9,2,9,0
422,No,No,789589968ed90e82a832dbc60e958c76b787be7e,No,No,default,Static,Static Function,"hvm_remove_ioreq_gfn(struct hvm_ioreq_server *,bool)",xen/arch/x86/hvm/ioreq.c,3,11,0,9,14,3,11,3,8,0,0,0,7,3,7,9,2,0,7,5,5,5,1,1,0,2,0,0
422,No,No,789589968ed90e82a832dbc60e958c76b787be7e,No,No,default,none,Function,"hvm_select_ioreq_server(struct domain *,ioreq_t *)",xen/arch/x86/hvm/ioreq.c,18,72,2,17,92,18,72,13,45,2,0,0,13,81,37,51,11,1,39,15,13,22,12,25,25,4,24,0
422,No,No,789589968ed90e82a832dbc60e958c76b787be7e,No,No,default,Static,Static Function,"hvm_send_buffered_ioreq(struct hvm_ioreq_server *,ioreq_t *)",xen/arch/x86/hvm/ioreq.c,14,65,13,22,92,14,65,12,52,13,0,0,15,23,38,48,8,0,40,11,8,15,8,17,17,1,17,0
422,No,No,789589968ed90e82a832dbc60e958c76b787be7e,No,No,default,none,Function,"hvm_send_ioreq(struct hvm_ioreq_server *,ioreq_t *,bool)",xen/arch/x86/hvm/ioreq.c,11,43,5,11,59,11,43,7,31,5,0,0,16,14,25,31,5,0,26,9,9,9,6,3,3,2,3,0
422,No,No,789589968ed90e82a832dbc60e958c76b787be7e,No,No,default,Static,Static Function,"hvm_set_conf_params(xc_interface *,uint32_t,libxl_domain_build_info *const)",tools/libxl/libxl_dom.c,0,29,0,11,29,0,27,2,22,0,0,2,4,3,11,14,0,0,14,3,2,3,1,3,0,1,0,0
422,No,No,789589968ed90e82a832dbc60e958c76b787be7e,No,No,default,none,Function,"hvm_set_ioreq_server_state(struct domain *,ioservid_t,bool)",xen/arch/x86/hvm/ioreq.c,9,24,0,9,33,9,24,4,17,0,0,0,8,8,15,18,2,0,16,4,4,4,3,3,2,1,2,0
422,No,No,789589968ed90e82a832dbc60e958c76b787be7e,No,No,default,Static,Static Function,"hvm_set_mca_capabilities(libxl__gc *,uint32_t,libxl_domain_build_info *const)",tools/libxl/libxl_dom.c,2,8,0,8,10,2,8,3,4,0,0,0,3,2,3,4,1,0,3,2,2,2,1,1,0,1,0,0
422,No,No,789589968ed90e82a832dbc60e958c76b787be7e,No,No,default,Static,Static Function,"hvm_set_viridian_features(libxl__gc *,uint32_t,libxl_domain_build_info *const)",tools/libxl/libxl_dom.c,16,64,4,12,82,16,64,5,51,4,0,0,14,55296,36,55,3,0,52,20,20,22,6,9,9,3,9,0
422,No,No,789589968ed90e82a832dbc60e958c76b787be7e,No,No,default,none,Function,"hvm_unmap_io_range_from_ioreq_server(struct domain *,ioservid_t,uint32_t,uint64_t,uint64_t)",xen/arch/x86/hvm/ioreq.c,12,39,0,12,51,12,39,6,28,0,0,0,6,33,21,30,3,0,27,9,7,9,6,6,5,1,5,0
422,No,No,789589968ed90e82a832dbc60e958c76b787be7e,No,No,default,Static,Static Function,"hvm_unmap_ioreq_gfn(struct hvm_ioreq_server *,bool)",xen/arch/x86/hvm/ioreq.c,3,10,0,10,13,3,10,2,7,0,0,0,6,2,6,7,1,0,6,3,3,3,1,1,0,1,0,0
422,No,No,789589968ed90e82a832dbc60e958c76b787be7e,No,No,default,Static,Static Function,"hvm_update_guest_cr3(const struct vcpu *,bool)",xen/include/asm-x86/hvm/hvm.h,0,4,0,0,4,0,4,1,1,0,0,0,1,1,1,1,0,0,1,1,1,1,1,0,0,0,0,0
422,No,No,789589968ed90e82a832dbc60e958c76b787be7e,No,No,default,Static,Static Function,hvm_update_host_cr3(const struct vcpu *),xen/include/asm-x86/hvm/hvm.h,0,4,0,0,4,0,4,1,1,0,0,0,1,1,1,1,0,0,1,1,1,1,1,0,0,0,0,0
422,No,No,789589968ed90e82a832dbc60e958c76b787be7e,No,No,default,Static,Static Function,"hvm_update_ioreq_evtchn(struct hvm_ioreq_server *,struct hvm_ioreq_vcpu *)",xen/arch/x86/hvm/ioreq.c,2,10,0,9,12,2,10,3,4,0,0,0,5,4,4,6,1,0,5,4,4,4,1,0,0,2,0,0
422,No,No,789589968ed90e82a832dbc60e958c76b787be7e,No,No,default,none,Function,hvm_vm_event_do_resume(struct vcpu *),xen/arch/x86/hvm/vm_event.c,16,49,4,15,69,16,49,3,35,4,0,0,18,405,19,31,2,0,29,13,13,13,1,2,0,2,0,0
422,No,No,789589968ed90e82a832dbc60e958c76b787be7e,No,No,default,Static,Static Function,hvm_vm_event_set_registers(const struct vcpu *),xen/arch/x86/hvm/vm_event.c,5,27,0,24,32,5,27,2,22,0,0,0,24,2,21,22,1,0,21,2,2,2,1,0,0,1,0,0
422,No,No,789589968ed90e82a832dbc60e958c76b787be7e,No,No,default,Static,Static Function,"hvm_wait_for_io(struct hvm_ioreq_vcpu *,ioreq_t *)",xen/arch/x86/hvm/ioreq.c,6,43,9,9,54,6,43,3,28,9,0,0,15,15,36,45,2,0,43,12,10,12,9,20,19,4,18,0
422,No,No,789589968ed90e82a832dbc60e958c76b787be7e,No,No,default,none,Function,hwdom_pit_access(struct ioreq *),xen/arch/x86/time.c,4,38,9,5,44,4,38,1,31,9,0,0,5,13,16,29,0,0,29,12,9,12,9,24,22,3,22,0
422,No,No,789589968ed90e82a832dbc60e958c76b787be7e,No,No,default,none,Function,hwdom_shutdown(u8),xen/common/shutdown.c,5,38,6,4,43,5,38,1,33,6,0,0,6,6,21,27,0,0,27,6,2,6,1,15,0,1,0,0
422,No,No,789589968ed90e82a832dbc60e958c76b787be7e,No,No,default,Static,Static Function,hypercall_cancel_continuation(struct vcpu *),xen/include/xen/sched.h,0,4,0,0,4,0,4,1,1,0,0,0,3,1,1,1,0,0,1,1,1,1,1,0,0,0,0,0
422,No,No,789589968ed90e82a832dbc60e958c76b787be7e,No,No,default,none,Function,"hypercall_create_continuation(unsigned int,const char *,...)",xen/arch/x86/hypercall.c,7,56,0,6,63,7,56,12,33,0,0,0,18,63,75,106,10,0,96,27,11,27,1,50,0,4,0,0
422,No,No,789589968ed90e82a832dbc60e958c76b787be7e,No,No,default,none,Function,"hypercall_create_continuation(unsigned int,const char *,...)",xen/arch/arm/domain.c,14,63,4,8,81,11,42,10,24,3,23,2,16,68,54,73,8,0,65,18,9,19,1,28,0,3,0,0
422,No,No,789589968ed90e82a832dbc60e958c76b787be7e,No,No,default,none,Function,hypercall_page_initialise_ring1_kernel(void *),xen/arch/x86/pv/hypercall.c,4,19,12,1,29,4,19,3,13,12,0,0,0,3,14,16,2,0,14,3,3,3,3,1,1,2,1,0
422,No,No,789589968ed90e82a832dbc60e958c76b787be7e,No,No,default,none,Function,hypercall_page_initialise_ring3_kernel(void *),xen/arch/x86/pv/hypercall.c,3,25,18,1,34,3,25,3,19,18,0,0,0,3,20,22,2,0,20,3,3,3,3,1,1,2,1,0
422,No,No,789589968ed90e82a832dbc60e958c76b787be7e,No,No,default,none,Function,"hypercall_xlat_continuation(unsigned int *,unsigned int,unsigned int,...)",xen/arch/x86/hypercall.c,7,88,0,14,95,7,88,9,57,0,0,0,11,67,54,73,7,0,66,19,14,25,3,30,3,4,3,0
422,No,No,789589968ed90e82a832dbc60e958c76b787be7e,No,No,default,none,Function,hypervisor_alloc_unused_page(mfn_t *),xen/arch/x86/guest/xen.c,2,9,0,3,11,2,9,3,4,0,0,0,4,2,5,6,2,0,4,2,2,2,1,0,0,1,0,0
422,No,No,789589968ed90e82a832dbc60e958c76b787be7e,No,No,default,none,Function,hypervisor_ap_setup(),xen/arch/x86/guest/xen.c,0,6,0,1,6,0,6,1,3,0,0,0,3,1,3,3,0,0,3,1,1,1,1,0,0,0,0,0
422,No,No,789589968ed90e82a832dbc60e958c76b787be7e,No,No,default,Static,Static Function,hypervisor_ap_setup(),xen/include/asm-x86/guest/xen.h,0,4,0,0,4,0,4,1,1,0,0,0,1,1,1,1,0,0,1,1,1,1,1,0,0,0,0,0
422,No,No,789589968ed90e82a832dbc60e958c76b787be7e,No,No,default,none,Function,hypervisor_cpuid_base(),xen/arch/x86/guest/xen.c,0,4,0,2,4,0,4,1,1,0,0,0,1,1,1,1,0,0,1,1,1,1,1,0,0,0,0,0
422,No,No,789589968ed90e82a832dbc60e958c76b787be7e,No,No,default,none,Function,hypervisor_free_unused_page(mfn_t),xen/arch/x86/guest/xen.c,0,4,0,3,4,0,4,1,1,0,0,0,3,1,1,1,0,0,1,1,1,1,1,0,0,0,0,0
422,No,No,789589968ed90e82a832dbc60e958c76b787be7e,No,No,default,none,Function,hypervisor_resume(),xen/arch/x86/guest/xen.c,3,11,8,2,22,3,11,1,8,8,0,0,7,4,6,8,0,0,8,3,3,4,1,0,0,1,0,0
422,No,No,789589968ed90e82a832dbc60e958c76b787be7e,No,No,default,Static,Static Function,hypervisor_setup(),xen/include/asm-x86/guest/xen.h,0,4,0,0,4,0,4,1,1,0,0,0,1,1,1,1,0,0,1,1,1,1,1,0,0,0,0,0
422,No,No,789589968ed90e82a832dbc60e958c76b787be7e,No,No,default,none,Function,i8259A_irq_pending(unsigned int),xen/arch/x86/i8259.c,2,13,0,1,15,2,13,4,8,0,0,0,4,2,8,9,3,0,6,2,2,2,1,1,0,1,0,0
422,No,No,789589968ed90e82a832dbc60e958c76b787be7e,No,No,default,Static,Static Function,i8259A_irq_real(unsigned int),xen/arch/x86/i8259.c,1,15,4,2,16,1,15,3,10,4,0,0,3,2,10,11,2,0,9,2,2,2,1,1,0,1,0,0
422,No,No,789589968ed90e82a832dbc60e958c76b787be7e,No,No,default,none,Function,i8259A_resume(),xen/arch/x86/i8259.c,0,6,0,2,6,0,6,1,3,0,0,0,3,1,3,3,0,0,3,1,1,1,1,0,0,0,0,0
422,No,No,789589968ed90e82a832dbc60e958c76b787be7e,No,No,default,none,Function,i8259A_suspend(),xen/arch/x86/i8259.c,0,5,0,1,5,0,5,1,2,0,0,0,2,1,2,2,0,0,2,1,1,1,1,0,0,0,0,0
422,No,No,789589968ed90e82a832dbc60e958c76b787be7e,No,No,default,none,Function,identify_cpu(struct cpuinfo_x86 *),xen/arch/x86/cpu/common.c,16,56,28,13,96,16,44,2,36,28,8,4,20,256,33,42,2,0,40,10,10,10,1,2,0,2,0,0
422,No,No,789589968ed90e82a832dbc60e958c76b787be7e,No,No,default,Static,Static Function,"idiv_dbl(unsigned long [2],long)",xen/arch/x86/x86_emulate/x86_emulate.c,5,24,5,2,33,5,24,2,17,5,0,0,2,33,9,17,1,0,16,10,10,10,6,8,8,2,8,0
422,No,No,789589968ed90e82a832dbc60e958c76b787be7e,No,No,default,Static,Static Function,idle_loop(),xen/arch/x86/domain.c,2,16,10,0,28,2,16,2,11,10,0,0,10,7,8,12,1,3,8,5,5,7,1,1,0,2,0,0
422,No,No,789589968ed90e82a832dbc60e958c76b787be7e,No,No,default,none,Function,idle_loop(),xen/arch/arm/domain.c,3,16,10,0,29,3,16,2,11,10,0,0,10,7,8,12,1,3,8,5,5,7,1,1,0,2,0,0
422,No,No,789589968ed90e82a832dbc60e958c76b787be7e,No,No,default,Static,Static Function,imul_dbl(unsigned long [2]),xen/arch/x86/x86_emulate/x86_emulate.c,2,7,0,1,9,2,7,2,1,0,0,0,1,1,3,3,1,1,1,1,1,1,1,0,0,0,0,0
422,No,No,789589968ed90e82a832dbc60e958c76b787be7e,No,No,default,Static,Static Function,"in_protmode(struct x86_emulate_ctxt *,const struct x86_emulate_ops *)",xen/arch/x86/x86_emulate/x86_emulate.c,0,7,0,6,7,0,7,4,1,0,0,0,2,1,1,1,0,0,1,1,1,2,1,0,0,0,0,0
422,No,No,789589968ed90e82a832dbc60e958c76b787be7e,No,No,default,Static,Static Function,"in_realmode(struct x86_emulate_ctxt *,const struct x86_emulate_ops *)",xen/arch/x86/x86_emulate/x86_emulate.c,2,12,0,6,14,2,12,6,4,0,0,0,2,2,5,6,2,0,4,2,2,3,1,1,0,1,0,0
422,No,No,789589968ed90e82a832dbc60e958c76b787be7e,No,No,default,Static,Static Function,increase_reservation(struct memop_args *),xen/common/memory.c,7,38,1,9,46,7,38,5,24,1,0,0,15,15,15,22,4,0,18,8,8,11,8,9,9,3,9,0
422,No,No,789589968ed90e82a832dbc60e958c76b787be7e,No,No,default,none,Function,init_8259A(int),xen/arch/x86/i8259.c,8,26,22,3,42,8,26,2,22,22,0,0,6,4,19,21,1,0,20,3,3,3,1,2,0,1,0,0
422,No,No,789589968ed90e82a832dbc60e958c76b787be7e,No,No,default,Static,Static Function,init_apic_ldr_x2apic_cluster(),xen/arch/x86/genapic/x2apic.c,4,21,0,1,25,4,21,2,15,0,0,0,9,3,10,13,1,0,12,4,4,5,1,1,0,1,0,0
422,No,No,789589968ed90e82a832dbc60e958c76b787be7e,No,No,default,Static,Static Function,init_apic_ldr_x2apic_phys(),xen/arch/x86/genapic/x2apic.c,0,3,0,0,3,0,3,1,0,0,0,0,0,1,0,0,0,0,0,1,1,1,1,0,0,0,0,0
422,No,No,789589968ed90e82a832dbc60e958c76b787be7e,No,No,default,Static,Static Function,init_apic_pin_2_ir_idx(),xen/drivers/passthrough/vtd/intremap.c,6,27,1,2,34,6,27,3,18,1,0,0,4,11,21,26,2,0,24,6,6,7,3,2,2,1,2,0
422,No,No,789589968ed90e82a832dbc60e958c76b787be7e,No,No,default,Static,Static Function,init_bars(struct pci_dev *),xen/drivers/vpci/header.c,18,105,3,9,126,18,105,14,79,3,0,0,13,309,54,70,11,0,59,18,17,20,12,25,25,3,24,0
422,No,No,789589968ed90e82a832dbc60e958c76b787be7e,No,No,default,Static,Static Function,"init_console_info(libxl__gc *,libxl__device_console *,int)",tools/libxl/libxl_create.c,0,9,2,5,11,0,9,3,4,2,0,0,7,1,4,4,0,0,4,1,1,1,1,0,0,0,0,0
422,No,No,789589968ed90e82a832dbc60e958c76b787be7e,No,No,default,Static,Static Function,init_context(struct x86_emulate_ctxt *),xen/arch/x86/x86_emulate/x86_emulate.c,0,5,0,2,5,0,5,1,2,0,0,0,4,1,2,2,0,0,2,1,1,1,1,0,0,0,0,0
422,No,No,789589968ed90e82a832dbc60e958c76b787be7e,No,No,default,none,Function,init_domain_cpuid_policy(struct domain *),xen/arch/x86/cpuid.c,5,13,0,3,18,5,13,4,10,0,0,0,9,3,6,8,1,0,7,4,4,4,1,1,0,1,0,0
422,No,No,789589968ed90e82a832dbc60e958c76b787be7e,No,No,default,none,Function,init_domain_irq_mapping(struct domain *),xen/arch/x86/irq.c,4,24,0,6,28,4,24,4,15,0,0,0,9,20,14,19,3,0,16,6,6,6,4,3,3,2,3,0
422,No,No,789589968ed90e82a832dbc60e958c76b787be7e,No,No,default,none,Function,init_domain_msr_policy(struct domain *),xen/arch/x86/msr.c,4,12,1,3,17,4,12,4,9,1,0,0,8,3,5,7,1,0,6,4,4,4,1,1,0,1,0,0
422,No,No,789589968ed90e82a832dbc60e958c76b787be7e,No,No,default,none,Function,"init_domheap_pages(paddr_t,paddr_t)",xen/common/page_alloc.c,4,10,0,7,14,4,10,2,6,0,0,0,9,4,7,9,1,0,8,4,4,4,1,1,0,2,0,0
422,No,No,789589968ed90e82a832dbc60e958c76b787be7e,No,No,default,Static,Static Function,init_done(),xen/arch/arm/setup.c,1,7,1,0,9,1,7,1,4,1,0,0,5,1,4,4,0,0,4,1,1,1,1,0,0,0,0,0
422,No,No,789589968ed90e82a832dbc60e958c76b787be7e,No,No,default,Static,Static Function,init_done(),xen/arch/x86/setup.c,7,24,3,2,34,7,24,3,15,3,0,0,10,4,15,17,2,0,15,3,3,3,1,1,0,1,0,0
422,No,No,789589968ed90e82a832dbc60e958c76b787be7e,No,No,default,Static,Static Function,"init_evt_cli(struct libxenvchan *,int,struct xentoollog_logger *)",tools/libvchan/init.c,7,22,0,6,29,7,22,3,16,0,0,0,9,5,12,16,1,0,15,5,5,5,4,5,5,1,5,0
422,No,No,789589968ed90e82a832dbc60e958c76b787be7e,No,No,default,Static,Static Function,"init_evt_srv(struct libxenvchan *,int,struct xentoollog_logger *)",tools/libvchan/init.c,7,21,0,6,28,7,21,3,15,0,0,0,9,5,12,16,1,0,15,5,5,5,4,5,5,1,5,0
422,No,No,789589968ed90e82a832dbc60e958c76b787be7e,No,No,default,Static,Static Function,init_evtchn(),xen/arch/x86/guest/xen.c,5,20,1,3,26,5,20,8,13,1,0,0,7,4,8,10,3,0,7,3,3,3,1,0,0,1,0,0
422,No,No,789589968ed90e82a832dbc60e958c76b787be7e,No,No,default,Static,Static Function,"init_gnt_cli(struct libxenvchan *,int,uint32_t)",tools/libvchan/init.c,7,67,0,17,74,7,67,6,54,0,0,0,11,256,35,48,4,0,44,12,10,15,11,32,26,2,26,0
422,No,No,789589968ed90e82a832dbc60e958c76b787be7e,No,No,default,Static,Static Function,"init_gnt_srv(struct libxenvchan *,int)",tools/libvchan/init.c,7,58,0,14,65,7,58,6,49,0,0,0,17,32,34,44,4,0,40,11,9,11,8,20,17,2,17,0
422,No,No,789589968ed90e82a832dbc60e958c76b787be7e,No,No,default,Static,Static Function,"init_heap_pages(struct page_info *,unsigned long)",xen/common/page_alloc.c,6,36,6,6,48,6,36,11,24,6,0,0,15,20,21,27,7,0,20,8,8,13,5,5,5,4,5,0
422,No,No,789589968ed90e82a832dbc60e958c76b787be7e,No,No,default,Static,Static Function,init_local_irq_data(),xen/arch/arm/irq.c,5,15,6,2,26,5,15,3,9,6,0,0,9,2,11,12,2,0,10,2,2,2,1,0,0,1,0,0
422,No,No,789589968ed90e82a832dbc60e958c76b787be7e,No,No,default,Static,Static Function,init_msix(struct pci_dev *),xen/drivers/vpci/msix.c,11,39,0,15,50,11,39,6,31,0,0,0,21,8,24,29,5,0,24,6,6,6,4,3,3,1,3,0
422,No,No,789589968ed90e82a832dbc60e958c76b787be7e,No,No,default,Static,Static Function,"init_node_heap(int,unsigned long,unsigned long,bool *)",xen/common/page_alloc.c,4,57,1,9,62,4,57,8,40,1,0,0,16,21,30,38,4,0,34,11,11,19,1,4,0,3,0,0
422,No,No,789589968ed90e82a832dbc60e958c76b787be7e,No,No,default,Static,Static Function,"init_pdata(struct csched2_private *,struct csched2_pcpu *,unsigned int)",xen/common/sched_credit2.c,7,24,2,13,33,7,24,4,16,2,0,0,13,32,18,23,1,0,22,9,9,10,1,0,0,2,0,0
422,No,No,789589968ed90e82a832dbc60e958c76b787be7e,No,No,default,none,Function,init_percpu_time(),xen/arch/x86/time.c,8,52,21,6,81,8,52,8,32,21,0,0,21,33,27,35,7,0,28,10,10,10,1,2,0,3,0,0
422,No,No,789589968ed90e82a832dbc60e958c76b787be7e,No,No,default,none,Function,init_secondary_IRQ(),xen/arch/arm/irq.c,0,4,0,0,4,0,4,1,1,0,0,0,3,2,2,3,0,0,3,3,3,3,1,0,0,2,0,0
422,No,No,789589968ed90e82a832dbc60e958c76b787be7e,No,No,default,none,Function,init_secondary_pagetables(int),xen/arch/arm/mm.c,9,30,6,3,44,9,30,3,21,6,0,0,19,3,22,24,2,0,22,3,3,4,1,1,0,1,0,0
422,No,No,789589968ed90e82a832dbc60e958c76b787be7e,No,No,default,none,Function,init_traps(),xen/arch/arm/traps.c,4,11,19,0,34,4,11,1,8,19,0,0,4,1,6,6,0,0,6,1,1,1,1,0,0,0,0,1
422,No,No,789589968ed90e82a832dbc60e958c76b787be7e,No,No,default,none,Function,init_vcpu_msr_policy(struct vcpu *),xen/arch/x86/msr.c,3,11,0,3,14,3,11,5,8,0,0,0,6,2,5,6,2,0,4,3,3,3,1,1,0,1,0,0
422,No,No,789589968ed90e82a832dbc60e958c76b787be7e,No,No,default,Static,Static Function,init_vtd_hw(),xen/drivers/passthrough/vtd/iommu.c,9,74,18,6,101,9,74,8,47,18,0,0,20,80,34,42,7,0,35,9,9,9,6,3,3,3,2,0
422,No,No,789589968ed90e82a832dbc60e958c76b787be7e,No,No,default,none,Function,"init_xen_l4_slots(l4_pgentry_t *,mfn_t,const struct domain *,mfn_t,bool)",xen/arch/x86/mm.c,11,45,14,9,70,11,43,7,34,14,0,2,13,6,15,18,3,0,15,9,9,11,1,1,0,2,0,0
422,No,No,789589968ed90e82a832dbc60e958c76b787be7e,No,No,default,none,Function,"init_xenheap_pages(paddr_t,paddr_t)",xen/common/page_alloc.c,0,4,0,3,4,0,4,1,1,0,0,0,1,1,1,1,0,0,1,1,1,1,1,0,0,0,0,0
422,No,No,789589968ed90e82a832dbc60e958c76b787be7e,No,No,default,Static,Static Function,"init_xs_srv(struct libxenvchan *,int,const char *,int)",tools/libvchan/init.c,5,47,3,6,55,5,47,8,36,3,0,0,15,384,30,39,7,0,32,10,10,10,10,15,15,2,15,0
422,No,No,789589968ed90e82a832dbc60e958c76b787be7e,No,No,default,none,Function,initialize_cpu_data(unsigned int),xen/arch/x86/smpboot.c,0,4,0,2,4,0,4,1,1,0,0,0,1,1,1,1,0,0,1,1,1,1,1,0,0,0,0,0
422,No,No,789589968ed90e82a832dbc60e958c76b787be7e,No,No,default,Static,Static Function,"initiate_domain_create(libxl__egc *,libxl__domain_create_state *)",tools/libxl/libxl_create.c,24,158,28,35,209,24,158,14,129,28,0,0,37,786432,88,112,12,1,99,27,27,41,22,41,40,3,39,0
422,No,No,789589968ed90e82a832dbc60e958c76b787be7e,No,No,default,Static,Static Function,"inject_abt32_exception(struct cpu_user_regs *,int,register_t)",xen/arch/arm/traps.c,6,42,8,8,56,6,32,9,22,7,5,6,11,8,20,23,6,0,17,7,7,7,1,2,0,2,0,0
422,No,No,789589968ed90e82a832dbc60e958c76b787be7e,No,No,default,Static,Static Function,"inject_dabt32_exception(struct cpu_user_regs *,register_t)",xen/arch/arm/traps.c,0,5,0,3,5,0,5,2,1,0,0,0,1,1,1,1,0,0,1,1,1,1,1,0,0,0,0,0
422,No,No,789589968ed90e82a832dbc60e958c76b787be7e,No,No,default,Static,Static Function,"inject_dabt_exception(struct cpu_user_regs *,register_t,int)",xen/arch/arm/traps.c,0,11,0,4,11,0,7,3,2,0,2,2,2,2,1,2,0,0,2,2,2,2,1,0,0,1,0,0
422,No,No,789589968ed90e82a832dbc60e958c76b787be7e,No,No,default,Static,Static Function,"inject_iabt_exception(struct cpu_user_regs *,register_t,int)",xen/arch/arm/traps.c,0,11,0,4,11,0,7,3,2,0,2,2,2,2,1,2,0,0,2,2,2,2,1,0,0,1,0,0
422,No,No,789589968ed90e82a832dbc60e958c76b787be7e,No,No,default,Static,Static Function,"inject_pabt32_exception(struct cpu_user_regs *,register_t)",xen/arch/arm/traps.c,0,5,0,3,5,0,5,2,1,0,0,0,1,1,1,1,0,0,1,1,1,1,1,0,0,0,0,0
422,No,No,789589968ed90e82a832dbc60e958c76b787be7e,No,No,default,Static,Static Function,inject_undef32_exception(struct cpu_user_regs *),xen/arch/arm/traps.c,4,11,4,5,19,4,11,4,8,4,0,0,9,2,9,10,3,0,7,4,4,4,1,0,0,2,0,0
422,No,No,789589968ed90e82a832dbc60e958c76b787be7e,No,No,default,none,Function,"inject_undef_exception(struct cpu_user_regs *,const union hsr)",xen/arch/arm/traps.c,0,9,0,16,9,0,5,1,2,0,2,2,2,2,1,2,0,0,2,2,2,2,1,0,0,1,0,0
422,No,No,789589968ed90e82a832dbc60e958c76b787be7e,No,No,default,Static,Static Function,inject_vabt_exception(struct cpu_user_regs *),xen/arch/arm/traps.c,3,20,5,5,28,3,15,2,10,5,3,2,2,2,5,9,1,0,8,5,3,5,1,1,0,1,0,0
422,No,No,789589968ed90e82a832dbc60e958c76b787be7e,No,No,default,Static,Static Function,"insert_smmu_master(struct arm_smmu_device *,struct arm_smmu_master *)",xen/drivers/passthrough/arm/smmu.c,3,21,0,9,24,3,21,5,14,0,0,0,4,4,11,14,2,0,12,4,4,4,4,6,6,2,6,0
422,No,No,789589968ed90e82a832dbc60e958c76b787be7e,No,No,default,Static,Static Function,"insert_val_into_array(uint32_t [],unsigned int,const struct psr_socket_info *,enum psr_feat_type,enum psr_type,uint32_t)",xen/arch/x86/psr.c,9,44,7,11,60,9,44,10,26,7,0,0,5,9,23,31,4,0,27,9,9,9,8,8,8,2,7,0
422,No,No,789589968ed90e82a832dbc60e958c76b787be7e,No,No,default,Static,Static Function,"insn_fetch(enum x86_segment,unsigned long,void *,unsigned int,struct x86_emulate_ctxt *)",xen/arch/x86/pv/emul-priv-op.c,5,24,6,8,35,5,24,9,14,6,0,0,6,4,10,13,3,0,10,4,4,4,4,3,3,1,3,0
422,No,No,789589968ed90e82a832dbc60e958c76b787be7e,No,No,default,Static,Static Function,"install_equiv_cpu_table(struct microcode_amd *,const void *,size_t *)",xen/arch/x86/microcode_amd.c,6,27,1,8,33,6,27,5,15,1,0,0,7,4,12,15,1,0,14,4,4,4,4,3,3,1,3,0
422,No,No,789589968ed90e82a832dbc60e958c76b787be7e,No,No,default,Static,Static Function,"intel_iommu_add_device(u8,struct pci_dev *)",xen/drivers/passthrough/vtd/iommu.c,4,26,6,7,36,4,26,4,12,6,0,0,6,4,11,14,3,0,11,4,4,5,3,2,2,1,2,0
422,No,No,789589968ed90e82a832dbc60e958c76b787be7e,No,No,default,Static,Static Function,"intel_iommu_assign_device(struct domain *,u8,struct pci_dev *,u32)",xen/drivers/passthrough/vtd/iommu.c,3,29,11,11,43,3,29,6,15,11,0,0,4,3,11,13,4,0,9,5,5,6,3,2,2,1,2,0
422,No,No,789589968ed90e82a832dbc60e958c76b787be7e,No,No,default,Static,Static Function,intel_iommu_domain_init(struct domain *),xen/drivers/passthrough/vtd/iommu.c,1,5,0,1,6,1,5,1,2,0,0,0,4,1,2,2,0,0,2,1,1,1,1,0,0,0,0,0
422,No,No,789589968ed90e82a832dbc60e958c76b787be7e,No,No,default,Static,Static Function,intel_iommu_enable_device(struct pci_dev *),xen/drivers/passthrough/vtd/iommu.c,4,10,0,3,14,4,10,3,7,0,0,0,5,2,6,7,2,0,5,4,4,4,1,1,0,1,0,0
422,No,No,789589968ed90e82a832dbc60e958c76b787be7e,No,No,default,Static,Static Function,"intel_iommu_group_id(u16,u8,u8)",xen/drivers/passthrough/vtd/iommu.c,0,8,0,3,8,0,8,2,4,0,0,0,2,2,3,4,1,0,3,2,2,2,1,1,0,1,0,0
422,No,No,789589968ed90e82a832dbc60e958c76b787be7e,No,No,default,Static,Static Function,"intel_iommu_lookup_page(struct domain *,dfn_t,mfn_t *,unsigned int *)",xen/drivers/passthrough/vtd/iommu.c,8,27,4,8,39,8,27,5,19,4,0,0,12,4,17,20,3,0,17,6,6,8,4,3,3,1,3,0
422,No,No,789589968ed90e82a832dbc60e958c76b787be7e,No,No,default,Static,Static Function,"intel_iommu_map_page(struct domain *,dfn_t,mfn_t,unsigned int,unsigned int *)",xen/drivers/passthrough/vtd/iommu.c,12,43,3,11,58,12,43,9,31,3,0,0,12,9,29,35,4,0,31,12,12,13,5,4,4,2,4,0
422,No,No,789589968ed90e82a832dbc60e958c76b787be7e,No,No,default,Static,Static Function,"intel_iommu_remove_device(u8,struct pci_dev *)",xen/drivers/passthrough/vtd/iommu.c,3,15,4,5,22,3,15,4,4,4,0,0,3,2,7,8,3,0,5,2,2,3,1,1,0,1,0,0
422,No,No,789589968ed90e82a832dbc60e958c76b787be7e,No,No,default,Static,Static Function,"intel_iommu_unmap_page(struct domain *,dfn_t,unsigned int *)",xen/drivers/passthrough/vtd/iommu.c,2,9,2,5,13,2,9,2,5,2,0,0,4,3,3,5,0,0,5,3,3,4,3,2,2,1,2,0
422,No,No,789589968ed90e82a832dbc60e958c76b787be7e,No,No,default,Static,Static Function,"intel_xc_cpuid_policy(const struct cpuid_domain_info *,const unsigned int *,unsigned int *)",tools/libxc/xc_cpuid_x86.c,3,22,5,3,30,3,22,2,16,5,0,0,1,6,9,15,0,0,15,6,3,6,1,6,0,2,0,0
422,No,No,789589968ed90e82a832dbc60e958c76b787be7e,No,No,default,Static,Static Function,invalidate_all_devices(),xen/drivers/passthrough/amd/iommu_init.c,0,4,0,1,4,0,4,1,1,0,0,0,1,1,1,1,0,0,1,1,1,1,1,0,0,0,0,0
422,No,No,789589968ed90e82a832dbc60e958c76b787be7e,No,No,default,Static,Static Function,invalidate_all_domain_pages(),xen/drivers/passthrough/amd/iommu_init.c,0,6,0,1,6,0,6,2,2,0,0,0,2,1,2,2,1,0,1,1,1,1,1,0,0,0,0,0
422,No,No,789589968ed90e82a832dbc60e958c76b787be7e,No,No,default,none,Function,"io_apic_read_remap_rte(unsigned int,unsigned int)",xen/drivers/passthrough/vtd/intremap.c,4,20,0,4,24,4,20,8,15,0,0,0,7,4,11,14,6,0,8,5,5,6,4,3,3,1,3,0
422,No,No,789589968ed90e82a832dbc60e958c76b787be7e,No,No,default,none,Function,"io_apic_write_remap_rte(unsigned int,unsigned int,unsigned int)",xen/drivers/passthrough/vtd/intremap.c,5,25,2,4,32,5,25,9,17,2,0,0,7,3,15,17,6,0,11,4,4,4,1,1,0,2,0,0
422,No,No,789589968ed90e82a832dbc60e958c76b787be7e,No,No,default,Static,Static Function,io_check_error(const struct cpu_user_regs *),xen/arch/x86/traps.c,1,17,5,3,18,1,17,1,12,5,0,0,7,3,8,11,0,0,11,3,2,3,3,1,1,1,1,0
422,No,No,789589968ed90e82a832dbc60e958c76b787be7e,No,No,default,Static,Static Function,"io_emul_stub_setup(struct priv_op_ctxt *,u8,unsigned int,unsigned int)",xen/arch/x86/pv/emul-priv-op.c,6,28,7,11,40,6,28,6,21,7,0,0,10,8,16,19,4,0,15,6,6,6,1,0,0,1,0,0
422,No,No,789589968ed90e82a832dbc60e958c76b787be7e,No,No,default,Static,Static Function,"ioapic_inj_irq(struct hvm_vioapic *,struct vlapic *,uint8_t,uint8_t,uint8_t)",xen/arch/x86/hvm/vioapic.c,2,13,0,5,15,2,13,6,4,0,0,0,4,2,4,5,0,0,5,3,3,4,1,0,0,2,0,0
422,No,No,789589968ed90e82a832dbc60e958c76b787be7e,No,No,default,Static,Static Function,"ioapic_load(struct domain *,hvm_domain_context_t *)",xen/arch/x86/hvm/vioapic.c,4,11,0,8,15,4,11,2,7,0,0,0,5,3,5,7,1,0,6,3,3,4,3,2,2,1,2,0
422,No,No,789589968ed90e82a832dbc60e958c76b787be7e,No,No,default,Static,Static Function,"ioapic_rte_to_remap_entry(struct iommu *,int,unsigned int,struct IO_APIC_route_entry *,unsigned int,unsigned int)",xen/drivers/passthrough/vtd/intremap.c,11,75,5,20,88,11,75,13,56,5,0,0,39,12,54,59,8,0,51,7,7,7,1,3,0,2,0,0
422,No,No,789589968ed90e82a832dbc60e958c76b787be7e,No,No,default,Static,Static Function,"ioapic_save(struct vcpu *,hvm_domain_context_t *)",xen/arch/x86/hvm/vioapic.c,4,12,0,9,16,4,12,3,8,0,0,0,5,3,6,8,2,0,6,3,3,4,3,2,2,1,2,0
422,No,No,789589968ed90e82a832dbc60e958c76b787be7e,No,No,default,Static,Static Function,iommu_add_device(struct pci_dev *),xen/drivers/passthrough/pci.c,5,25,0,10,30,5,25,4,17,0,0,0,6,7,15,21,3,2,16,7,7,9,6,5,5,2,5,0
422,No,No,789589968ed90e82a832dbc60e958c76b787be7e,No,No,default,Static,Static Function,iommu_check_event_log(struct amd_iommu *),xen/drivers/passthrough/amd/iommu_init.c,6,27,10,6,43,6,27,3,18,10,0,0,8,6,14,17,2,0,15,4,4,4,1,1,0,2,0,0
422,No,No,789589968ed90e82a832dbc60e958c76b787be7e,No,No,default,Static,Static Function,iommu_check_ppr_log(struct amd_iommu *),xen/drivers/passthrough/amd/iommu_init.c,6,27,10,6,43,6,27,3,18,10,0,0,8,6,14,17,2,0,15,4,4,4,1,1,0,2,0,0
422,No,No,789589968ed90e82a832dbc60e958c76b787be7e,No,No,default,Static,Static Function,"iommu_clear_bit(uint32_t *,uint32_t)",xen/include/asm-x86/hvm/svm/amd-iommu-proto.h,0,4,0,2,4,0,4,1,1,0,0,0,1,1,1,1,0,0,1,1,1,1,1,0,0,0,0,0
422,No,No,789589968ed90e82a832dbc60e958c76b787be7e,No,No,default,none,Function,iommu_construct(struct domain *),xen/drivers/passthrough/iommu.c,9,25,6,4,40,9,25,3,15,6,0,0,6,5,12,16,2,0,14,5,5,5,4,3,3,3,3,0
422,No,No,789589968ed90e82a832dbc60e958c76b787be7e,No,No,default,none,Function,iommu_crash_shutdown(),xen/drivers/passthrough/iommu.c,0,6,0,1,6,0,6,1,3,0,0,0,5,2,2,3,0,0,3,2,2,2,1,0,0,1,0,0
422,No,No,789589968ed90e82a832dbc60e958c76b787be7e,No,No,default,none,Function,"iommu_dev_iotlb_flush_timeout(struct domain *,struct pci_dev *)",xen/drivers/passthrough/pci.c,5,22,0,10,27,5,22,1,17,0,0,0,11,5,13,16,0,0,16,5,5,6,1,1,0,2,0,0
422,No,No,789589968ed90e82a832dbc60e958c76b787be7e,No,No,default,Static,Static Function,iommu_disable_translation(struct iommu *),xen/drivers/passthrough/vtd/iommu.c,4,13,3,5,20,4,13,4,7,3,0,0,11,7,16,20,3,0,17,6,6,6,5,4,4,4,4,0
422,No,No,789589968ed90e82a832dbc60e958c76b787be7e,No,No,default,none,Function,iommu_disable_x2apic_IR(),xen/drivers/passthrough/vtd/intremap.c,3,10,1,3,14,3,10,2,6,1,0,0,3,2,4,5,1,0,4,2,2,2,1,1,0,1,0,0
422,No,No,789589968ed90e82a832dbc60e958c76b787be7e,No,No,default,none,Function,"iommu_do_domctl(struct xen_domctl *,struct domain *,__guest_handle_xen_domctl_t)",xen/drivers/passthrough/iommu.c,4,16,0,3,20,4,9,4,4,0,3,4,1,2,3,4,1,0,3,2,2,2,1,1,0,1,0,0
422,No,No,789589968ed90e82a832dbc60e958c76b787be7e,No,No,default,none,Function,"iommu_do_pci_domctl(struct xen_domctl *,struct domain *,__guest_handle_xen_domctl_t)",xen/drivers/passthrough/pci.c,23,120,3,19,146,23,120,10,93,3,0,0,19,465,64,86,7,0,79,23,20,24,16,37,35,3,35,0
422,No,No,789589968ed90e82a832dbc60e958c76b787be7e,No,No,default,none,Function,iommu_domain_destroy(struct domain *),xen/drivers/passthrough/iommu.c,2,7,0,7,9,2,7,1,4,0,0,0,2,2,3,4,0,0,4,2,2,3,1,1,0,1,0,0
422,No,No,789589968ed90e82a832dbc60e958c76b787be7e,No,No,default,none,Function,iommu_domain_init(struct domain *),xen/drivers/passthrough/iommu.c,3,12,0,6,15,3,12,3,9,0,0,0,5,3,7,9,2,0,7,3,3,3,3,2,2,1,2,0
422,No,No,789589968ed90e82a832dbc60e958c76b787be7e,No,No,default,Static,Static Function,iommu_domain_teardown(struct domain *),xen/drivers/passthrough/vtd/iommu.c,5,19,8,11,32,5,19,3,14,8,0,0,11,3,11,13,2,0,11,3,3,4,3,2,2,1,2,0
422,No,No,789589968ed90e82a832dbc60e958c76b787be7e,No,No,default,none,Function,"iommu_dte_set_guest_cr3(uint32_t *,uint16_t,uint64_t,int,unsigned int)",xen/drivers/passthrough/amd/iommu_map.c,5,35,6,5,46,5,35,3,30,6,0,0,2,1,17,17,1,0,16,1,1,1,1,0,0,0,0,0
422,No,No,789589968ed90e82a832dbc60e958c76b787be7e,No,No,default,none,Function,"iommu_dte_set_iotlb(uint32_t *,uint8_t)",xen/drivers/passthrough/amd/iommu_map.c,1,9,0,4,10,1,9,2,5,0,0,0,2,1,4,4,1,0,3,1,1,1,1,0,0,0,0,0
422,No,No,789589968ed90e82a832dbc60e958c76b787be7e,No,No,default,Static,Static Function,iommu_dump_p2m_table(unsigned char),xen/drivers/passthrough/iommu.c,4,24,0,7,28,4,24,3,13,0,0,0,5,6,12,16,2,0,14,5,5,6,5,3,3,2,3,0
422,No,No,789589968ed90e82a832dbc60e958c76b787be7e,No,No,default,Static,Static Function,iommu_enable_device(struct pci_dev *),xen/drivers/passthrough/pci.c,4,12,0,7,16,4,12,2,8,0,0,0,5,3,6,8,1,0,7,3,3,5,3,2,2,1,2,0
422,No,No,789589968ed90e82a832dbc60e958c76b787be7e,No,No,default,Static,Static Function,iommu_enable_translation(struct acpi_drhd_unit *),xen/drivers/passthrough/vtd/iommu.c,8,35,4,9,47,8,35,5,23,4,0,0,15,31,24,33,4,0,29,11,11,11,8,8,8,4,8,0
422,No,No,789589968ed90e82a832dbc60e958c76b787be7e,No,No,default,none,Function,iommu_enable_x2apic_IR(),xen/drivers/passthrough/vtd/intremap.c,9,43,7,4,59,9,43,3,29,7,0,0,10,9,17,23,2,0,21,7,7,7,7,9,9,2,9,0
422,No,No,789589968ed90e82a832dbc60e958c76b787be7e,No,No,default,Static,Static Function,iommu_fault_status(u32),xen/drivers/passthrough/vtd/iommu.c,0,17,0,3,17,0,17,1,14,0,0,0,1,2187,14,28,0,0,28,22,22,22,1,0,0,3,0,0
422,No,No,789589968ed90e82a832dbc60e958c76b787be7e,No,No,default,Static,Static Function,iommu_flush_all(),xen/drivers/passthrough/vtd/iommu.c,5,25,7,5,37,5,25,6,17,7,0,0,7,16,15,19,5,0,14,5,5,6,1,0,0,1,0,0
422,No,No,789589968ed90e82a832dbc60e958c76b787be7e,No,No,default,none,Function,"iommu_flush_cache_entry(void *,unsigned int)",xen/drivers/passthrough/vtd/iommu.c,0,4,0,13,4,0,4,1,1,0,0,0,1,1,1,1,0,0,1,1,1,1,1,0,0,0,0,0
422,No,No,789589968ed90e82a832dbc60e958c76b787be7e,No,No,default,none,Function,"iommu_flush_cache_page(void *,unsigned long)",xen/drivers/passthrough/vtd/iommu.c,0,4,0,3,4,0,4,1,1,0,0,0,1,1,1,1,0,0,1,1,1,1,1,0,0,0,0,0
422,No,No,789589968ed90e82a832dbc60e958c76b787be7e,No,No,default,Static,Static Function,"iommu_flush_context_device(struct iommu *,u16,u16,u8,bool_t)",xen/drivers/passthrough/vtd/iommu.c,0,10,0,7,10,0,10,5,4,0,0,0,3,1,2,2,1,0,1,1,1,1,1,0,0,0,0,0
422,No,No,789589968ed90e82a832dbc60e958c76b787be7e,No,No,default,Static,Static Function,"iommu_flush_context_global(struct iommu *,bool_t)",xen/drivers/passthrough/vtd/iommu.c,0,7,0,3,7,0,7,3,3,0,0,0,3,1,2,2,1,0,1,1,1,1,1,0,0,0,0,0
422,No,No,789589968ed90e82a832dbc60e958c76b787be7e,No,No,default,Static,Static Function,"iommu_flush_iotlb(struct domain *,dfn_t,bool_t,unsigned int)",xen/drivers/passthrough/vtd/iommu.c,6,36,4,12,46,6,36,9,24,4,0,0,11,16,16,20,6,0,14,5,5,6,1,1,0,1,0,0
422,No,No,789589968ed90e82a832dbc60e958c76b787be7e,No,No,default,Static,Static Function,iommu_flush_iotlb_all(struct domain *),xen/drivers/passthrough/vtd/iommu.c,0,4,0,1,4,0,4,1,1,0,0,0,3,1,1,1,0,0,1,1,1,1,1,0,0,0,0,0
422,No,No,789589968ed90e82a832dbc60e958c76b787be7e,No,No,default,Static,Static Function,"iommu_flush_iotlb_dsi(struct iommu *,u16,bool_t,bool_t)",xen/drivers/passthrough/vtd/iommu.c,4,12,2,8,18,4,12,5,6,2,0,0,5,1,6,6,2,0,4,1,1,1,1,0,0,0,0,0
422,No,No,789589968ed90e82a832dbc60e958c76b787be7e,No,No,default,Static,Static Function,"iommu_flush_iotlb_global(struct iommu *,bool_t,bool_t)",xen/drivers/passthrough/vtd/iommu.c,4,12,2,4,18,4,12,5,6,2,0,0,5,1,6,6,2,0,4,1,1,1,1,0,0,0,0,0
422,No,No,789589968ed90e82a832dbc60e958c76b787be7e,No,No,default,Static,Static Function,"iommu_flush_iotlb_pages(struct domain *,dfn_t,unsigned int,unsigned int)",xen/drivers/passthrough/vtd/iommu.c,1,10,0,4,11,1,10,4,4,0,0,0,5,1,3,3,0,0,3,1,1,2,1,0,0,0,0,0
422,No,No,789589968ed90e82a832dbc60e958c76b787be7e,No,No,default,Static,Static Function,"iommu_flush_iotlb_psi(struct iommu *,u16,u64,unsigned int,bool_t,bool_t)",xen/drivers/passthrough/vtd/iommu.c,8,20,4,9,32,8,20,6,13,4,0,0,7,3,11,13,2,0,11,3,3,3,3,2,2,1,2,0
422,No,No,789589968ed90e82a832dbc60e958c76b787be7e,No,No,default,Static,Static Function,iommu_flush_write_buffer(struct iommu *),xen/drivers/passthrough/vtd/iommu.c,4,13,1,10,18,4,13,4,7,1,0,0,9,8,15,20,3,0,17,7,7,8,6,5,5,4,5,0
422,No,No,789589968ed90e82a832dbc60e958c76b787be7e,No,No,default,Static,Static Function,iommu_free_page_table(struct page_info *),xen/drivers/passthrough/vtd/iommu.c,5,20,0,2,25,5,20,6,14,0,0,0,8,5,15,18,3,0,15,5,5,5,3,1,1,2,1,0
422,No,No,789589968ed90e82a832dbc60e958c76b787be7e,No,No,default,Static,Static Function,"iommu_free_pagetable(u64,int)",xen/drivers/passthrough/vtd/iommu.c,2,10,0,6,12,2,10,2,7,0,0,0,5,2,6,7,1,0,6,2,2,2,1,1,0,1,0,0
422,No,No,789589968ed90e82a832dbc60e958c76b787be7e,No,No,default,Static,Static Function,iommu_free_pagetables(unsigned long),xen/drivers/passthrough/iommu.c,2,14,0,3,16,2,14,2,10,0,0,0,9,2,8,9,1,0,8,3,3,3,3,2,2,2,2,0
422,No,No,789589968ed90e82a832dbc60e958c76b787be7e,No,No,default,Static,Static Function,iommu_get_addr_hi_from_cmd(uint32_t),xen/include/asm-x86/hvm/svm/amd-iommu-proto.h,0,5,0,1,5,0,5,1,2,0,0,0,2,1,1,1,0,0,1,1,1,1,1,0,0,0,0,0
422,No,No,789589968ed90e82a832dbc60e958c76b787be7e,No,No,default,Static,Static Function,iommu_get_addr_lo_from_cmd(uint32_t),xen/include/asm-x86/hvm/svm/amd-iommu-proto.h,0,5,0,1,5,0,5,1,2,0,0,0,2,1,1,1,0,0,1,1,1,1,1,0,0,0,0,0
422,No,No,789589968ed90e82a832dbc60e958c76b787be7e,No,No,default,Static,Static Function,"iommu_get_bit(uint32_t,uint32_t)",xen/include/asm-x86/hvm/svm/amd-iommu-proto.h,0,4,0,2,4,0,4,1,1,0,0,0,2,1,1,1,0,0,1,1,1,1,1,0,0,0,0,0
422,No,No,789589968ed90e82a832dbc60e958c76b787be7e,No,No,default,Static,Static Function,"iommu_get_device_group(struct domain *,u16,u8,u8,__guest_handle_64_uint32,int)",xen/drivers/passthrough/pci.c,8,38,0,17,46,8,38,9,25,0,0,0,8,13,20,25,6,0,19,6,6,11,6,3,3,2,3,0
422,No,No,789589968ed90e82a832dbc60e958c76b787be7e,No,No,default,Static,Static Function,iommu_get_devid_from_cmd(uint32_t),xen/include/asm-x86/hvm/svm/amd-iommu-proto.h,0,5,0,1,5,0,5,1,2,0,0,0,2,1,1,1,0,0,1,1,1,1,1,0,0,0,0,0
422,No,No,789589968ed90e82a832dbc60e958c76b787be7e,No,No,default,Static,Static Function,"iommu_get_fault_reason(u8,enum faulttype *)",xen/drivers/passthrough/vtd/iommu.c,0,20,0,4,20,0,20,2,10,0,0,0,3,3,6,8,0,0,8,3,3,4,3,2,2,1,2,0
422,No,No,789589968ed90e82a832dbc60e958c76b787be7e,No,No,default,Static,Static Function,iommu_get_ops(),xen/include/asm-x86/iommu.h,0,5,0,2,5,0,5,1,2,0,0,0,2,1,2,2,0,0,2,1,1,1,1,0,0,0,0,0
422,No,No,789589968ed90e82a832dbc60e958c76b787be7e,No,No,default,Static,Static Function,iommu_get_rb_pointer(uint32_t),xen/include/asm-x86/hvm/svm/amd-iommu-proto.h,0,5,0,1,5,0,5,1,2,0,0,0,2,1,1,1,0,0,1,1,1,1,1,0,0,0,0,0
422,No,No,789589968ed90e82a832dbc60e958c76b787be7e,No,No,default,none,Function,"iommu_get_reserved_device_memory(iommu_grdm_t *,void *)",xen/drivers/passthrough/iommu.c,3,10,0,4,13,3,10,2,6,0,0,0,3,3,5,7,1,0,6,3,3,3,3,2,2,1,2,0
422,No,No,789589968ed90e82a832dbc60e958c76b787be7e,No,No,default,Static,Static Function,"iommu_group_add_device(struct iommu_group *,struct device *)",xen/drivers/passthrough/arm/smmu.c,2,7,0,4,9,2,7,3,3,0,0,0,5,1,3,3,0,0,3,1,1,1,1,0,0,0,0,0
422,No,No,789589968ed90e82a832dbc60e958c76b787be7e,No,No,default,Static,Static Function,iommu_group_alloc(),xen/drivers/passthrough/arm/smmu.c,3,8,0,2,11,3,8,2,5,0,0,0,4,2,4,5,1,0,4,2,2,2,1,1,0,1,0,0
422,No,No,789589968ed90e82a832dbc60e958c76b787be7e,No,No,default,Static,Static Function,iommu_group_get(struct device *),xen/drivers/passthrough/arm/smmu.c,2,7,0,6,9,2,7,2,4,0,0,0,2,2,3,4,1,0,3,2,2,2,1,0,0,1,0,0
422,No,No,789589968ed90e82a832dbc60e958c76b787be7e,No,No,default,Static,Static Function,iommu_group_put(struct iommu_group *),xen/drivers/passthrough/arm/smmu.c,0,5,0,4,5,0,5,1,2,0,0,0,2,2,1,2,0,0,2,2,2,2,1,0,0,1,0,0
422,No,No,789589968ed90e82a832dbc60e958c76b787be7e,No,No,default,Static,Static Function,"iommu_group_set_iommudata(struct iommu_group *,struct arm_smmu_master_cfg *,void (*) ())",xen/drivers/passthrough/arm/smmu.c,1,7,1,3,9,1,7,3,2,1,0,0,4,2,3,4,0,0,4,3,3,3,1,0,0,2,0,0
422,No,No,789589968ed90e82a832dbc60e958c76b787be7e,No,No,default,Static,Static Function,iommu_hardware_setup(),xen/include/asm-x86/iommu.h,1,11,0,1,12,1,11,1,6,0,0,0,3,3,3,6,0,0,6,3,2,3,1,3,0,1,0,0
422,No,No,789589968ed90e82a832dbc60e958c76b787be7e,No,No,default,Static,Static Function,"iommu_has_cap(struct amd_iommu *,uint32_t)",xen/include/asm-x86/hvm/svm/amd-iommu-proto.h,0,4,0,5,4,0,4,1,1,0,0,0,1,1,1,1,0,0,1,1,1,1,1,0,0,0,0,0
422,No,No,789589968ed90e82a832dbc60e958c76b787be7e,No,No,default,none,Function,"iommu_has_feature(struct domain *,enum iommu_feature)",xen/drivers/passthrough/iommu.c,1,6,0,5,7,1,6,1,3,0,0,0,2,2,2,3,0,0,3,2,2,2,1,1,0,1,0,0
422,No,No,789589968ed90e82a832dbc60e958c76b787be7e,No,No,default,Static,Static Function,"iommu_has_ht_flag(struct amd_iommu *,u8)",xen/drivers/passthrough/amd/iommu_init.c,0,4,0,4,4,0,4,1,1,0,0,0,1,1,1,1,0,0,1,1,1,1,1,0,0,0,0,0
422,No,No,789589968ed90e82a832dbc60e958c76b787be7e,No,No,default,Static,Static Function,"iommu_interrupt_handler(int,void *,struct cpu_user_regs *)",xen/drivers/passthrough/amd/iommu_init.c,4,14,5,4,23,4,14,5,8,5,0,0,6,1,10,10,3,0,7,1,1,1,1,0,0,0,0,0
422,No,No,789589968ed90e82a832dbc60e958c76b787be7e,No,No,default,none,Function,"iommu_iotlb_flush(struct domain *,dfn_t,unsigned int,unsigned int)",xen/drivers/passthrough/iommu.c,5,22,0,15,27,5,22,4,15,0,0,0,9,7,10,15,2,0,13,7,7,12,3,2,2,3,2,0
422,No,No,789589968ed90e82a832dbc60e958c76b787be7e,No,No,default,none,Function,"iommu_iotlb_flush_all(struct domain *,unsigned int)",xen/drivers/passthrough/iommu.c,4,19,4,10,27,4,19,3,13,4,0,0,6,6,9,13,2,0,11,6,6,10,1,1,0,3,0,0
422,No,No,789589968ed90e82a832dbc60e958c76b787be7e,No,No,default,Static,Static Function,iommu_is_pte_present(const u32 *),xen/include/asm-x86/hvm/svm/amd-iommu-proto.h,0,6,0,1,6,0,6,1,3,0,0,0,2,1,1,1,0,0,1,1,1,1,1,0,0,0,0,0
422,No,No,789589968ed90e82a832dbc60e958c76b787be7e,No,No,default,none,Function,"iommu_legacy_map(struct domain *,dfn_t,mfn_t,unsigned int,unsigned int)",xen/drivers/passthrough/iommu.c,3,14,0,13,17,3,14,6,8,0,0,0,4,3,5,7,3,0,4,3,3,3,1,0,0,2,0,0
422,No,No,789589968ed90e82a832dbc60e958c76b787be7e,No,No,default,none,Function,"iommu_legacy_unmap(struct domain *,dfn_t,unsigned int)",xen/drivers/passthrough/iommu.c,3,13,0,10,16,3,13,5,8,0,0,0,4,3,5,7,3,0,4,3,3,3,1,0,0,2,0,0
422,No,No,789589968ed90e82a832dbc60e958c76b787be7e,No,No,default,none,Function,"iommu_lookup_page(struct domain *,dfn_t,mfn_t *,unsigned int *)",xen/drivers/passthrough/iommu.c,2,8,0,7,10,2,8,3,4,0,0,0,2,2,3,4,1,0,3,2,2,3,1,1,0,1,0,0
422,No,No,789589968ed90e82a832dbc60e958c76b787be7e,No,No,default,none,Function,"iommu_map(struct domain *,dfn_t,mfn_t,unsigned int,unsigned int,unsigned int *)",xen/drivers/passthrough/iommu.c,9,32,1,15,42,9,32,6,24,1,0,0,13,26,17,24,3,0,21,9,9,11,6,3,3,3,3,0
422,No,No,789589968ed90e82a832dbc60e958c76b787be7e,No,No,default,Static,Static Function,iommu_maskable_msi_shutdown(struct irq_desc *),xen/drivers/passthrough/amd/iommu_init.c,0,5,0,1,5,0,5,1,2,0,0,0,2,1,2,2,0,0,2,1,1,1,1,0,0,0,0,0
422,No,No,789589968ed90e82a832dbc60e958c76b787be7e,No,No,default,Static,Static Function,iommu_maskable_msi_startup(struct irq_desc *),xen/drivers/passthrough/amd/iommu_init.c,0,6,0,1,6,0,6,1,3,0,0,0,3,1,3,3,0,0,3,1,1,1,1,0,0,0,0,0
422,No,No,789589968ed90e82a832dbc60e958c76b787be7e,No,No,default,Static,Static Function,"iommu_msi_end(struct irq_desc *,u8)",xen/drivers/passthrough/amd/iommu_init.c,0,5,0,1,5,0,5,1,2,0,0,0,2,1,2,2,0,0,2,1,1,1,1,0,0,0,0,0
422,No,No,789589968ed90e82a832dbc60e958c76b787be7e,No,No,default,Static,Static Function,iommu_msi_mask(struct irq_desc *),xen/drivers/passthrough/amd/iommu_init.c,2,10,0,5,12,2,10,3,6,0,0,0,7,1,7,7,2,0,5,1,1,1,1,0,0,0,0,0
422,No,No,789589968ed90e82a832dbc60e958c76b787be7e,No,No,default,Static,Static Function,iommu_msi_startup(struct irq_desc *),xen/drivers/passthrough/amd/iommu_init.c,0,5,0,1,5,0,5,1,2,0,0,0,2,1,2,2,0,0,2,1,1,1,1,0,0,0,0,0
422,No,No,789589968ed90e82a832dbc60e958c76b787be7e,No,No,default,Static,Static Function,iommu_msi_unmask(struct irq_desc *),xen/drivers/passthrough/amd/iommu_init.c,1,9,0,7,10,1,9,3,5,0,0,0,6,1,6,6,2,0,4,1,1,1,1,0,0,0,0,0
422,No,No,789589968ed90e82a832dbc60e958c76b787be7e,No,No,default,Static,Static Function,iommu_next_level(const u32 *),xen/include/asm-x86/hvm/svm/amd-iommu-proto.h,0,6,0,1,6,0,6,1,3,0,0,0,2,1,1,1,0,0,1,1,1,1,1,0,0,0,0,0
422,No,No,789589968ed90e82a832dbc60e958c76b787be7e,No,No,default,Static,Static Function,"iommu_page_fault(int,void *,struct cpu_user_regs *)",xen/drivers/passthrough/vtd/iommu.c,0,5,5,1,10,0,5,2,1,5,0,0,1,1,1,1,0,0,1,1,1,1,1,0,0,0,0,1
422,No,No,789589968ed90e82a832dbc60e958c76b787be7e,No,No,default,Static,Static Function,"iommu_page_fault_do_one(struct iommu *,int,u8,u16,u64)",xen/drivers/passthrough/vtd/iommu.c,4,42,0,11,46,4,42,5,34,0,0,0,4,6,16,20,3,0,17,5,4,6,1,3,0,1,0,0
422,No,No,789589968ed90e82a832dbc60e958c76b787be7e,No,No,default,Static,Static Function,"iommu_pde_from_dfn(struct domain *,unsigned long,unsigned long [])",xen/drivers/passthrough/amd/iommu_map.c,16,81,6,8,102,16,81,11,52,6,0,0,16,9,46,54,9,0,45,9,9,13,8,18,18,4,18,0
422,No,No,789589968ed90e82a832dbc60e958c76b787be7e,No,No,default,none,Function,"iommu_pte_flush(struct domain *,uint64_t,uint64_t *,int,int)",xen/drivers/passthrough/vtd/iommu.c,7,39,0,15,46,7,39,9,27,0,0,0,13,40,20,26,6,0,20,8,8,9,1,0,0,3,0,0
422,No,No,789589968ed90e82a832dbc60e958c76b787be7e,No,No,default,none,Function,"iommu_read_apic_from_ire(unsigned int,unsigned int)",xen/drivers/passthrough/x86/iommu.c,0,5,0,2,5,0,5,2,2,0,0,0,3,1,2,2,1,0,1,1,1,1,1,0,0,0,0,0
422,No,No,789589968ed90e82a832dbc60e958c76b787be7e,No,No,default,Static,Static Function,"iommu_read_log(struct amd_iommu *,struct ring_buffer *,unsigned int,void (*) ())",xen/drivers/passthrough/amd/iommu_init.c,11,29,3,12,43,11,29,5,20,3,0,0,9,3,15,17,1,0,16,5,5,7,1,0,0,2,0,0
422,No,No,789589968ed90e82a832dbc60e958c76b787be7e,No,No,default,none,Function,"iommu_read_msi_from_ire(struct msi_desc *,struct msi_msg *)",xen/drivers/passthrough/pci.c,0,6,0,4,6,0,6,2,2,0,0,0,2,2,1,2,0,0,2,2,2,2,1,0,0,1,0,0
422,No,No,789589968ed90e82a832dbc60e958c76b787be7e,No,No,default,Static,Static Function,iommu_remove_device(struct pci_dev *),xen/drivers/passthrough/pci.c,6,24,0,10,30,6,24,4,16,0,0,0,4,7,15,20,3,1,16,6,6,7,6,7,7,2,7,0
422,No,No,789589968ed90e82a832dbc60e958c76b787be7e,No,No,default,Static,Static Function,"iommu_reset_log(struct amd_iommu *,struct ring_buffer *,void (*) ())",xen/drivers/passthrough/amd/iommu_init.c,8,29,3,7,40,8,29,6,20,3,0,0,7,2,15,16,3,0,13,5,5,8,1,1,0,1,0,0
422,No,No,789589968ed90e82a832dbc60e958c76b787be7e,No,No,default,none,Function,iommu_resume(),xen/drivers/passthrough/iommu.c,0,5,0,1,5,0,5,1,2,0,0,0,2,2,1,2,0,0,2,2,2,2,1,0,0,1,0,0
422,No,No,789589968ed90e82a832dbc60e958c76b787be7e,No,No,default,Static,Static Function,"iommu_set_addr_hi_to_reg(uint32_t *,uint32_t)",xen/include/asm-x86/hvm/svm/amd-iommu-proto.h,0,5,0,2,5,0,5,1,2,0,0,0,1,1,1,1,0,0,1,1,1,1,1,0,0,0,0,0
422,No,No,789589968ed90e82a832dbc60e958c76b787be7e,No,No,default,Static,Static Function,"iommu_set_addr_lo_to_reg(uint32_t *,uint32_t)",xen/include/asm-x86/hvm/svm/amd-iommu-proto.h,0,5,0,2,5,0,5,1,2,0,0,0,1,1,1,1,0,0,1,1,1,1,1,0,0,0,0,0
422,No,No,789589968ed90e82a832dbc60e958c76b787be7e,No,No,default,Static,Static Function,"iommu_set_bit(uint32_t *,uint32_t)",xen/include/asm-x86/hvm/svm/amd-iommu-proto.h,0,4,0,2,4,0,4,1,1,0,0,0,1,1,1,1,0,0,1,1,1,1,1,0,0,0,0,0
422,No,No,789589968ed90e82a832dbc60e958c76b787be7e,No,No,default,Static,Static Function,"iommu_set_devid_to_cmd(uint32_t *,uint16_t)",xen/include/asm-x86/hvm/svm/amd-iommu-proto.h,0,5,0,2,5,0,5,1,2,0,0,0,1,1,1,1,0,0,1,1,1,1,1,0,0,0,0,0
422,No,No,789589968ed90e82a832dbc60e958c76b787be7e,No,No,default,Static,Static Function,iommu_set_pgd(struct domain *),xen/drivers/passthrough/vtd/iommu.c,1,7,0,2,8,1,7,2,3,0,0,0,8,1,3,3,1,0,2,1,1,1,1,0,0,0,0,0
422,No,No,789589968ed90e82a832dbc60e958c76b787be7e,No,No,default,Static,Static Function,"iommu_set_rb_pointer(uint32_t *,uint32_t)",xen/include/asm-x86/hvm/svm/amd-iommu-proto.h,0,5,0,2,5,0,5,1,2,0,0,0,1,1,1,1,0,0,1,1,1,1,1,0,0,0,0,0
422,No,No,789589968ed90e82a832dbc60e958c76b787be7e,No,No,default,Static,Static Function,iommu_set_root_entry(struct iommu *),xen/drivers/passthrough/vtd/iommu.c,4,13,1,5,18,4,13,4,7,1,0,0,11,7,16,20,3,0,17,6,6,6,5,4,4,4,4,0
422,No,No,789589968ed90e82a832dbc60e958c76b787be7e,No,No,default,none,Function,iommu_share_p2m_table(struct domain *),xen/drivers/passthrough/iommu.c,0,8,4,4,12,0,5,1,2,4,1,2,2,2,1,2,0,0,2,2,2,3,1,0,0,1,0,0
422,No,No,789589968ed90e82a832dbc60e958c76b787be7e,No,No,default,none,Function,iommu_suspend(),xen/drivers/passthrough/iommu.c,1,6,0,1,7,1,6,1,3,0,0,0,3,2,2,3,0,0,3,2,2,2,1,1,0,1,0,0
422,No,No,789589968ed90e82a832dbc60e958c76b787be7e,No,No,default,none,Function,iommu_teardown(struct domain *),xen/drivers/passthrough/iommu.c,1,7,0,8,8,1,7,2,4,0,0,0,3,1,4,4,1,0,3,1,1,1,1,0,0,0,0,0
422,No,No,789589968ed90e82a832dbc60e958c76b787be7e,No,No,default,none,Function,"iommu_unmap(struct domain *,dfn_t,unsigned int,unsigned int *)",xen/drivers/passthrough/iommu.c,8,29,0,11,37,8,29,7,20,0,0,0,10,18,16,22,4,0,18,8,8,10,5,4,4,3,4,0
422,No,No,789589968ed90e82a832dbc60e958c76b787be7e,No,No,default,none,Function,"iommu_update_ire_from_apic(unsigned int,unsigned int,unsigned int)",xen/drivers/passthrough/x86/iommu.c,0,6,0,3,6,0,6,3,2,0,0,0,2,1,2,2,1,0,1,1,1,1,1,0,0,0,0,0
422,No,No,789589968ed90e82a832dbc60e958c76b787be7e,No,No,default,none,Function,"iommu_update_ire_from_msi(struct msi_desc *,struct msi_msg *)",xen/drivers/passthrough/pci.c,0,6,0,6,6,0,6,2,2,0,0,0,3,1,1,1,0,0,1,2,2,2,1,0,0,0,0,0
422,No,No,789589968ed90e82a832dbc60e958c76b787be7e,No,No,default,Static,Static Function,"iopl_ok(const struct vcpu *,const struct cpu_user_regs *)",xen/arch/x86/pv/emul-priv-op.c,2,7,0,9,9,2,7,3,4,0,0,0,5,1,3,3,1,0,2,3,3,3,1,0,0,0,0,0
422,No,No,789589968ed90e82a832dbc60e958c76b787be7e,No,No,default,Static,Static Function,"ioport_access_check(unsigned int,unsigned int,struct x86_emulate_ctxt *,const struct x86_emulate_ops *)",xen/arch/x86/x86_emulate/x86_emulate.c,11,39,8,10,58,11,39,9,25,8,0,0,6,70,34,48,4,0,44,18,16,19,15,32,32,3,32,0
422,No,No,789589968ed90e82a832dbc60e958c76b787be7e,No,No,default,none,Function,"ioremap(paddr_t,size_t)",xen/arch/x86/mm.c,4,15,1,2,20,4,15,5,9,1,0,0,10,4,9,11,4,0,7,4,4,4,1,1,0,2,0,0
422,No,No,789589968ed90e82a832dbc60e958c76b787be7e,No,No,default,none,Function,"ioremap(paddr_t,size_t)",xen/arch/arm/mm.c,0,4,0,2,4,0,4,1,1,0,0,0,2,1,1,1,0,0,1,1,1,1,1,0,0,0,0,0
422,No,No,789589968ed90e82a832dbc60e958c76b787be7e,No,No,default,none,Function,"ioremap_attr(paddr_t,size_t,unsigned int)",xen/arch/arm/mm.c,2,10,0,4,12,2,10,5,7,0,0,0,5,2,6,7,4,0,3,2,2,2,1,1,0,1,0,0
422,No,No,789589968ed90e82a832dbc60e958c76b787be7e,No,No,default,Static,Static Function,"ioremap_cache(paddr_t,size_t)",xen/include/asm-arm/mm.h,0,4,0,2,4,0,4,1,1,0,0,0,2,1,1,1,0,0,1,1,1,1,1,0,0,0,0,0
422,No,No,789589968ed90e82a832dbc60e958c76b787be7e,No,No,default,Static,Static Function,"ioremap_nocache(paddr_t,size_t)",xen/include/asm-arm/mm.h,0,4,0,2,4,0,4,1,1,0,0,0,2,1,1,1,0,0,1,1,1,1,1,0,0,0,0,0
422,No,No,789589968ed90e82a832dbc60e958c76b787be7e,No,No,default,Static,Static Function,"ioremap_wc(paddr_t,size_t)",xen/include/asm-arm/mm.h,0,4,0,2,4,0,4,1,1,0,0,0,2,1,1,1,0,0,1,1,1,1,1,0,0,0,0,0
422,No,No,789589968ed90e82a832dbc60e958c76b787be7e,No,No,default,Static,Static Function,"iov_count(const xen_argo_iov_t *,unsigned int,unsigned int *)",xen/common/argo.c,7,30,6,5,43,7,30,6,17,6,0,0,2,6,13,18,1,1,16,6,6,6,6,10,10,2,10,0
422,No,No,789589968ed90e82a832dbc60e958c76b787be7e,No,No,default,none,Function,irq_complete_move(struct irq_desc *),xen/arch/x86/irq.c,3,11,0,9,14,3,11,2,7,0,0,0,5,3,5,7,1,0,6,3,3,4,1,1,0,1,0,0
422,No,No,789589968ed90e82a832dbc60e958c76b787be7e,No,No,default,Static,Static Function,irq_get_domain(struct irq_desc *),xen/arch/arm/irq.c,0,4,0,4,4,0,4,1,1,0,0,0,2,1,1,1,0,0,1,1,1,1,1,0,0,0,0,0
422,No,No,789589968ed90e82a832dbc60e958c76b787be7e,No,No,default,Static,Static Function,irq_get_guest_info(struct irq_desc *),xen/arch/arm/irq.c,1,7,0,9,8,1,7,1,4,0,0,0,5,8,7,10,0,0,10,7,7,7,1,0,0,2,0,0
422,No,No,789589968ed90e82a832dbc60e958c76b787be7e,No,No,default,Static,Static Function,irq_get_used_vector_mask(int),xen/arch/x86/irq.c,7,30,0,6,37,7,30,4,18,0,0,0,9,5,11,15,3,0,12,5,5,6,1,2,0,3,0,0
422,No,No,789589968ed90e82a832dbc60e958c76b787be7e,No,No,default,Static,Static Function,irq_guest_eoi_timer_fn(void *),xen/arch/x86/irq.c,7,40,0,13,47,7,40,9,26,0,0,0,11,64,23,32,8,0,24,9,8,9,3,3,2,3,2,0
422,No,No,789589968ed90e82a832dbc60e958c76b787be7e,No,No,default,Static,Static Function,"irq_local_set_type(unsigned int,unsigned int)",xen/arch/arm/irq.c,8,27,1,5,36,8,27,6,18,1,0,0,13,8,19,22,5,0,17,5,5,5,3,2,2,2,2,0
422,No,No,789589968ed90e82a832dbc60e958c76b787be7e,No,No,default,none,Function,irq_move_cleanup_interrupt(struct cpu_user_regs *),xen/arch/x86/irq.c,12,50,7,7,69,12,50,5,35,7,0,0,17,193,28,37,4,0,33,10,10,12,8,6,6,3,6,0
422,No,No,789589968ed90e82a832dbc60e958c76b787be7e,No,No,default,Static,Static Function,irq_ratelimit_timer_fn(void *),xen/arch/x86/irq.c,3,15,0,3,18,3,15,3,9,0,0,0,8,1,9,9,2,0,7,1,1,1,1,0,0,0,0,0
422,No,No,789589968ed90e82a832dbc60e958c76b787be7e,No,No,default,none,Function,"irq_set_affinity(struct irq_desc *,const cpumask_t *)",xen/arch/arm/irq.c,0,5,0,4,5,0,5,1,2,0,0,0,1,2,1,2,0,0,2,2,2,2,1,0,0,1,0,0
422,No,No,789589968ed90e82a832dbc60e958c76b787be7e,No,No,default,none,Function,"irq_set_affinity(struct irq_desc *,const cpumask_t *)",xen/arch/x86/irq.c,1,11,0,8,12,1,11,1,8,0,0,0,5,2,7,8,0,0,8,2,2,2,1,1,0,1,0,0
422,No,No,789589968ed90e82a832dbc60e958c76b787be7e,No,No,default,none,Function,"irq_set_spi_type(unsigned int,unsigned int)",xen/arch/arm/irq.c,6,16,1,7,23,6,16,4,11,1,0,0,7,3,10,12,3,0,9,3,3,3,1,2,0,1,0,0
422,No,No,789589968ed90e82a832dbc60e958c76b787be7e,No,No,default,none,Function,"irq_set_type(unsigned int,unsigned int)",xen/arch/arm/irq.c,2,9,1,3,12,2,9,2,5,1,0,0,3,2,4,5,1,0,4,2,2,2,1,1,0,1,0,0
422,No,No,789589968ed90e82a832dbc60e958c76b787be7e,No,No,default,none,Function,irq_to_vector(int),xen/arch/x86/irq.c,3,16,0,8,19,3,16,2,11,0,0,0,6,4,7,10,1,0,9,4,4,6,1,2,0,2,0,0
422,No,No,789589968ed90e82a832dbc60e958c76b787be7e,No,No,default,none,Function,irq_type_set_by_domain(const struct domain *),xen/arch/arm/irq.c,0,4,0,3,4,0,4,1,1,0,0,0,1,1,1,1,0,0,1,1,1,1,1,0,0,0,0,0
422,No,No,789589968ed90e82a832dbc60e958c76b787be7e,No,No,default,Static,Static Function,"irq_validate_new_type(unsigned int,unsigned)",xen/arch/arm/irq.c,0,4,0,4,4,0,4,1,1,0,0,0,1,1,1,1,0,0,1,1,1,2,1,0,0,0,0,0
422,No,No,789589968ed90e82a832dbc60e958c76b787be7e,No,No,default,Static,Static Function,is_affected_midr_range(const struct arm_cpu_capabilities *),xen/arch/arm/cpuerrata.c,0,7,0,6,7,0,7,2,3,0,0,0,2,1,1,1,0,0,1,1,1,1,1,0,0,0,0,0
422,No,No,789589968ed90e82a832dbc60e958c76b787be7e,No,No,default,Static,Static Function,"is_aligned(enum x86_segment,unsigned long,unsigned int,struct x86_emulate_ctxt *,const struct x86_emulate_ops *)",xen/arch/x86/x86_emulate/x86_emulate.c,4,17,2,7,23,4,17,4,9,2,0,0,5,8,8,12,1,1,10,6,6,7,4,6,5,2,5,0
422,No,No,789589968ed90e82a832dbc60e958c76b787be7e,No,No,default,none,Function,is_assignable_irq(unsigned int),xen/arch/arm/irq.c,0,4,1,2,5,0,4,1,1,1,0,0,2,1,1,1,0,0,1,1,1,2,1,0,0,0,0,0
422,No,No,789589968ed90e82a832dbc60e958c76b787be7e,No,No,default,Static,Static Function,"is_branch_step(struct x86_emulate_ctxt *,const struct x86_emulate_ops *)",xen/arch/x86/x86_emulate/x86_emulate.c,1,8,0,4,9,1,8,3,3,0,0,0,2,1,2,2,1,0,1,1,1,3,1,0,0,0,0,0
422,No,No,789589968ed90e82a832dbc60e958c76b787be7e,No,No,default,Static,Static Function,is_cpufreq_controller(const struct domain *),xen/arch/x86/pv/emul-priv-op.c,0,5,0,5,5,0,5,1,2,0,0,0,1,1,1,1,0,0,1,1,1,2,1,0,0,0,0,0
422,No,No,789589968ed90e82a832dbc60e958c76b787be7e,No,No,default,Static,Static Function,"is_decimal(const char *,unsigned)",tools/libxl/libxl_json.c,0,9,0,3,9,0,9,2,5,0,0,0,1,3,5,7,1,1,5,3,3,3,3,3,3,2,3,0
422,No,No,789589968ed90e82a832dbc60e958c76b787be7e,No,No,default,Static,Static Function,is_epte_valid(ept_entry_t *),xen/arch/x86/mm/p2m-ept.c,0,4,1,9,5,0,4,1,1,1,0,0,1,1,1,1,0,0,1,1,1,2,1,0,0,0,0,0
422,No,No,789589968ed90e82a832dbc60e958c76b787be7e,No,No,default,Static,Static Function,"is_free_pirq(const struct domain *,const struct pirq *)",xen/arch/x86/irq.c,0,6,0,8,6,0,6,2,2,0,0,0,2,1,1,1,0,0,1,1,1,4,1,0,0,0,0,0
422,No,No,789589968ed90e82a832dbc60e958c76b787be7e,No,No,default,Static,Static Function,is_guest_pv32_psr(uint32_t),xen/arch/arm/domain.c,0,18,0,2,18,0,18,1,13,0,0,0,1,2,2,12,0,0,12,10,2,10,1,1,0,1,0,0
422,No,No,789589968ed90e82a832dbc60e958c76b787be7e,No,No,default,Static,Static Function,is_hvm_domain(const struct domain *),xen/include/xen/sched.h,0,4,0,63,4,0,4,1,1,0,0,0,2,1,1,1,0,0,1,2,2,2,1,0,0,0,0,0
422,No,No,789589968ed90e82a832dbc60e958c76b787be7e,No,No,default,Static,Static Function,is_hvm_vcpu(const struct vcpu *),xen/include/xen/sched.h,0,4,0,12,4,0,4,1,1,0,0,0,2,1,1,1,0,0,1,1,1,1,1,0,0,0,0,0
422,No,No,789589968ed90e82a832dbc60e958c76b787be7e,No,No,default,Static,Static Function,"is_invlpg(const struct x86_emulate_state *,const struct x86_emulate_ctxt *)",xen/arch/x86/hvm/svm/svm.c,1,8,0,3,9,1,8,3,3,0,0,0,3,1,2,2,1,0,1,1,1,3,1,0,0,0,0,0
422,No,No,789589968ed90e82a832dbc60e958c76b787be7e,No,No,default,none,Function,is_iomem_page(mfn_t),xen/arch/x86/mm.c,3,9,1,4,13,3,9,2,5,1,0,0,6,3,6,8,1,0,7,4,4,4,1,1,0,2,0,0
422,No,No,789589968ed90e82a832dbc60e958c76b787be7e,No,No,default,none,Function,is_iomem_page(mfn_t),xen/arch/arm/mm.c,0,4,0,1,4,0,4,1,1,0,0,0,2,1,1,1,0,0,1,1,1,1,1,0,0,0,0,0
422,No,No,789589968ed90e82a832dbc60e958c76b787be7e,No,No,default,none,Function,"is_ioreq_server_page(struct domain *,const struct page_info *)",xen/arch/x86/hvm/ioreq.c,4,17,0,11,21,4,17,4,8,0,0,0,3,4,11,14,3,1,10,4,4,5,4,3,3,3,3,0
422,No,No,789589968ed90e82a832dbc60e958c76b787be7e,No,No,default,Static,Static Function,is_last_branch_msr(u32),xen/arch/x86/hvm/vmx/vmx.c,3,10,0,5,13,3,10,2,7,0,0,0,2,4,6,9,1,1,7,4,4,5,4,4,4,2,4,0
422,No,No,789589968ed90e82a832dbc60e958c76b787be7e,No,No,default,Static,Static Function,"is_multicast_dest(struct vlapic *,unsigned int,uint32_t,bool_t)",xen/arch/x86/hvm/vlapic.c,4,15,0,6,19,4,15,2,11,0,0,0,7,5,5,9,0,0,9,6,6,6,5,4,4,1,4,0
422,No,No,789589968ed90e82a832dbc60e958c76b787be7e,No,No,default,Static,Static Function,"is_preemptable(const struct csched2_vcpu *,s_time_t,s_time_t)",xen/common/sched_credit2.c,1,9,0,8,10,1,9,2,5,0,0,0,4,3,4,6,0,0,6,4,4,4,1,1,0,2,0,0
422,No,No,789589968ed90e82a832dbc60e958c76b787be7e,No,No,default,Static,Static Function,is_pv_domain(const struct domain *),xen/include/xen/sched.h,0,4,0,27,4,0,4,1,1,0,0,0,2,1,1,1,0,0,1,2,2,2,1,0,0,0,0,0
422,No,No,789589968ed90e82a832dbc60e958c76b787be7e,No,No,default,Static,Static Function,is_pv_vcpu(const struct vcpu *),xen/include/xen/sched.h,0,4,0,9,4,0,4,1,1,0,0,0,2,1,1,1,0,0,1,1,1,1,1,0,0,0,0,0
422,No,No,789589968ed90e82a832dbc60e958c76b787be7e,No,No,default,Static,Static Function,is_system_domain(const struct domain *),xen/include/xen/sched.h,0,4,0,4,4,0,4,1,1,0,0,0,1,1,1,1,0,0,1,1,1,1,1,0,0,0,0,0
422,No,No,789589968ed90e82a832dbc60e958c76b787be7e,No,No,default,Static,Static Function,is_translation_valid(u32 *),xen/drivers/passthrough/amd/pci_amd_iommu.c,0,9,0,3,9,0,9,1,6,0,0,0,2,1,1,1,0,0,1,1,1,2,1,0,0,0,0,0
422,No,No,789589968ed90e82a832dbc60e958c76b787be7e,No,No,default,Static,Static Function,is_vcpu_dirty_cpu(unsigned int),xen/include/xen/sched.h,0,5,0,2,5,0,5,1,2,0,0,0,2,1,2,2,0,0,2,1,1,1,1,0,0,0,0,0
422,No,No,789589968ed90e82a832dbc60e958c76b787be7e,No,No,default,Static,Static Function,is_vcpu_online(const struct vcpu *),xen/include/xen/sched.h,0,4,0,2,4,0,4,1,1,0,0,0,2,1,1,1,0,0,1,1,1,1,1,0,0,0,0,0
422,No,No,789589968ed90e82a832dbc60e958c76b787be7e,No,No,default,none,Function,is_vlapic_lvtpc_enabled(struct vlapic *),xen/arch/x86/hvm/vlapic.c,0,5,0,1,5,0,5,1,2,0,0,0,3,1,1,1,0,0,1,1,1,2,1,0,0,0,0,0
422,No,No,789589968ed90e82a832dbc60e958c76b787be7e,No,No,default,Static,Static Function,is_x86_system_segment(enum x86_segment),xen/arch/x86/x86_emulate/x86_emulate.h,0,4,0,2,4,0,4,1,1,0,0,0,1,1,1,1,0,0,1,1,1,2,1,0,0,0,0,0
422,No,No,789589968ed90e82a832dbc60e958c76b787be7e,No,No,default,Static,Static Function,is_x86_user_segment(enum x86_segment),xen/arch/x86/x86_emulate/x86_emulate.h,1,5,0,7,6,1,5,2,2,0,0,0,1,1,2,2,1,0,1,1,1,1,1,0,0,0,0,0
422,No,No,789589968ed90e82a832dbc60e958c76b787be7e,No,No,default,Static,Static Function,is_zero_register(int),xen/arch/arm/traps.c,0,4,4,4,8,0,4,1,1,4,0,0,1,1,1,1,0,0,1,1,1,1,1,0,0,0,0,1
422,No,No,789589968ed90e82a832dbc60e958c76b787be7e,No,No,default,none,Function,iterate_ivrs_entries(int (*) ()),xen/drivers/passthrough/amd/iommu_init.c,3,15,0,4,18,3,15,5,10,0,0,0,2,4,11,13,4,0,9,4,4,6,3,2,2,2,2,0
422,No,No,789589968ed90e82a832dbc60e958c76b787be7e,No,No,default,none,Function,iterate_ivrs_mappings(int (*) ()),xen/drivers/passthrough/amd/iommu_init.c,3,13,0,5,16,3,13,4,9,0,0,0,2,2,8,9,3,0,6,3,3,4,3,2,2,2,2,0
422,No,No,789589968ed90e82a832dbc60e958c76b787be7e,No,No,default,Static,Static Function,"json_callback_boolean(void *,int)",tools/libxl/libxl_json.c,4,11,0,3,15,4,11,3,7,0,0,0,5,2,7,8,2,0,6,2,2,2,1,1,0,1,0,0
422,No,No,789589968ed90e82a832dbc60e958c76b787be7e,No,No,default,Static,Static Function,json_callback_end_array(void *),tools/libxl/libxl_json.c,3,13,0,4,16,3,13,2,9,0,0,0,4,2,6,7,1,0,6,2,2,2,1,2,0,1,0,0
422,No,No,789589968ed90e82a832dbc60e958c76b787be7e,No,No,default,Static,Static Function,json_callback_end_map(void *),tools/libxl/libxl_json.c,3,13,0,4,16,3,13,2,9,0,0,0,4,2,6,7,1,0,6,2,2,2,1,2,0,1,0,0
422,No,No,789589968ed90e82a832dbc60e958c76b787be7e,No,No,default,Static,Static Function,"json_callback_map_key(void *,const unsigned char *,libxl_yajl_length)",tools/libxl/libxl_json.c,7,24,0,7,31,7,24,7,18,0,0,0,9,2,16,17,5,0,12,2,2,2,1,2,0,1,0,0
422,No,No,789589968ed90e82a832dbc60e958c76b787be7e,No,No,default,Static,Static Function,json_callback_null(void *),tools/libxl/libxl_json.c,4,10,0,2,14,4,10,3,6,0,0,0,3,2,6,7,2,0,5,2,2,2,1,1,0,1,0,0
422,No,No,789589968ed90e82a832dbc60e958c76b787be7e,No,No,default,Static,Static Function,"json_callback_number(void *,const char *,libxl_yajl_length)",tools/libxl/libxl_json.c,11,33,1,4,45,11,33,6,25,1,0,0,13,8,20,24,5,0,19,5,5,9,4,8,7,2,7,0
422,No,No,789589968ed90e82a832dbc60e958c76b787be7e,No,No,default,Static,Static Function,json_callback_start_array(void *),tools/libxl/libxl_json.c,4,10,0,2,14,4,10,3,7,0,0,0,3,2,6,7,2,0,5,2,2,2,1,1,0,1,0,0
422,No,No,789589968ed90e82a832dbc60e958c76b787be7e,No,No,default,Static,Static Function,json_callback_start_map(void *),tools/libxl/libxl_json.c,4,10,0,2,14,4,10,3,7,0,0,0,3,2,6,7,2,0,5,2,2,2,1,1,0,1,0,0
422,No,No,789589968ed90e82a832dbc60e958c76b787be7e,No,No,default,Static,Static Function,"json_callback_string(void *,const unsigned char *,libxl_yajl_length)",tools/libxl/libxl_json.c,6,16,0,4,22,6,16,5,12,0,0,0,7,2,11,12,3,0,9,2,2,2,1,1,0,1,0,0
422,No,No,789589968ed90e82a832dbc60e958c76b787be7e,No,No,default,Static,Static Function,"kill_device_model(libxl__gc *,const char *)",tools/libxl/libxl_dm.c,3,26,0,4,29,3,26,3,18,0,0,0,7,6,16,19,2,0,17,5,5,7,4,5,5,1,5,0
422,No,No,789589968ed90e82a832dbc60e958c76b787be7e,No,No,default,Static,Static Function,"kill_device_model_uid_cb(libxl__egc *,libxl__ev_child *,pid_t,int)",tools/libxl/libxl_dm.c,5,17,1,8,23,5,17,6,11,1,0,0,9,3,9,11,4,0,7,4,4,5,1,0,0,2,0,0
422,No,No,789589968ed90e82a832dbc60e958c76b787be7e,No,No,default,Static,Static Function,"kill_device_model_uid_child(libxl__destroy_devicemodel_state *,const char *)",tools/libxl/libxl_dm.c,6,34,26,5,66,6,34,7,26,26,0,0,11,32,26,31,6,2,23,10,10,11,3,4,2,1,2,0
422,No,No,789589968ed90e82a832dbc60e958c76b787be7e,No,No,default,Static,Static Function,"l2_cat_write_msr(unsigned int,uint32_t,enum psr_type)",xen/arch/x86/psr.c,0,5,0,2,5,0,5,2,1,0,0,0,2,1,1,1,0,0,1,1,1,1,1,0,0,0,0,0
422,No,No,789589968ed90e82a832dbc60e958c76b787be7e,No,No,default,Static,Static Function,"l3_cat_write_msr(unsigned int,uint32_t,enum psr_type)",xen/arch/x86/psr.c,0,5,0,2,5,0,5,2,1,0,0,0,2,1,1,1,0,0,1,1,1,1,1,0,0,0,0,0
422,No,No,789589968ed90e82a832dbc60e958c76b787be7e,No,No,default,Static,Static Function,"l3_cdp_get_feat_info(const struct feat_node *,uint32_t [],uint32_t)",xen/arch/x86/psr.c,2,8,0,3,10,2,8,2,4,0,0,0,2,2,3,4,0,0,4,2,2,2,1,1,0,1,0,0
422,No,No,789589968ed90e82a832dbc60e958c76b787be7e,No,No,default,Static,Static Function,"l3_cdp_write_msr(unsigned int,uint32_t,enum psr_type)",xen/arch/x86/psr.c,0,8,0,3,8,0,8,2,4,0,0,0,3,1,1,1,0,0,1,2,2,2,1,0,0,0,0,0
422,No,No,789589968ed90e82a832dbc60e958c76b787be7e,No,No,default,Static,Static Function,lapic_load_fixup(struct vlapic *),xen/arch/x86/hvm/vlapic.c,1,17,7,7,24,1,17,2,10,7,0,0,7,3,5,7,1,0,6,3,3,6,1,1,0,2,0,0
422,No,No,789589968ed90e82a832dbc60e958c76b787be7e,No,No,default,Static,Static Function,"lapic_load_hidden(struct domain *,hvm_domain_context_t *)",xen/arch/x86/hvm/vlapic.c,7,25,1,8,33,7,25,4,18,1,0,0,12,7,13,18,3,0,15,6,6,8,5,4,4,1,4,0
422,No,No,789589968ed90e82a832dbc60e958c76b787be7e,No,No,default,Static,Static Function,"lapic_load_regs(struct domain *,hvm_domain_context_t *)",xen/arch/x86/hvm/vlapic.c,6,27,1,8,34,6,27,4,20,1,0,0,16,7,16,21,3,0,18,6,6,7,4,3,3,1,3,0
422,No,No,789589968ed90e82a832dbc60e958c76b787be7e,No,No,default,Static,Static Function,lapic_rearm(struct vlapic *),xen/arch/x86/hvm/vlapic.c,4,24,0,8,28,4,24,3,17,0,0,0,11,4,10,13,2,0,11,7,7,7,3,2,2,2,2,0
422,No,No,789589968ed90e82a832dbc60e958c76b787be7e,No,No,default,none,Function,lapic_resume(),xen/arch/x86/apic.c,6,44,6,17,56,6,44,4,35,6,0,0,9,17,31,36,3,0,33,6,6,6,1,2,0,1,0,0
422,No,No,789589968ed90e82a832dbc60e958c76b787be7e,No,No,default,Static,Static Function,"lapic_save_hidden(struct vcpu *,hvm_domain_context_t *)",xen/arch/x86/hvm/vlapic.c,1,6,0,5,7,1,6,1,3,0,0,0,4,2,2,3,0,0,3,2,2,2,1,1,0,1,0,0
422,No,No,789589968ed90e82a832dbc60e958c76b787be7e,No,No,default,Static,Static Function,"lapic_save_regs(struct vcpu *,hvm_domain_context_t *)",xen/arch/x86/hvm/vlapic.c,2,8,0,6,10,2,8,1,5,0,0,0,5,3,3,5,0,0,5,3,3,3,1,1,0,1,0,0
422,No,No,789589968ed90e82a832dbc60e958c76b787be7e,No,No,default,none,Function,lapic_suspend(),xen/arch/x86/apic.c,4,30,0,2,34,4,30,3,25,0,0,0,22,9,22,26,2,0,24,5,5,5,1,1,0,1,0,0
422,No,No,789589968ed90e82a832dbc60e958c76b787be7e,No,No,default,Static,Static Function,last_branch_msr_get(),xen/arch/x86/hvm/vmx/vmx.c,2,44,21,10,67,2,44,1,35,21,0,0,1,9,9,61,0,0,61,50,4,50,9,29,29,2,29,0
422,No,No,789589968ed90e82a832dbc60e958c76b787be7e,No,No,default,Static,Static Function,late_hwdom_init(struct domain *),xen/common/domain.c,7,27,12,1,46,0,4,1,1,0,39,5,1,1,1,1,0,0,1,1,1,1,1,0,0,0,0,0
422,No,No,789589968ed90e82a832dbc60e958c76b787be7e,No,No,default,Static,Static Function,lbr_fixup(),xen/arch/x86/hvm/vmx/vmx.c,1,8,0,5,9,1,8,2,5,0,0,0,2,4,3,5,1,0,4,3,3,3,1,0,0,1,0,0
422,No,No,789589968ed90e82a832dbc60e958c76b787be7e,No,No,default,Static,Static Function,lbr_tsx_fixup(),xen/arch/x86/hvm/vmx/vmx.c,2,14,4,11,20,2,14,5,8,4,0,0,2,6,8,11,4,1,6,4,4,5,1,0,0,2,0,0
422,No,No,789589968ed90e82a832dbc60e958c76b787be7e,No,No,default,none,Function,leave_hypervisor_tail(),xen/arch/arm/traps.c,4,10,14,0,28,4,10,1,7,14,0,0,7,2,6,7,0,0,7,2,2,2,1,0,0,1,0,1
422,No,No,789589968ed90e82a832dbc60e958c76b787be7e,No,No,default,Static,Static Function,lgdt(const struct desc_ptr *),xen/include/asm-x86/desc.h,0,4,0,1,4,0,4,1,0,0,0,0,0,1,1,1,0,1,0,1,1,1,1,0,0,0,0,0
422,No,No,789589968ed90e82a832dbc60e958c76b787be7e,No,No,default,none,Function,"libxenvchan_client_init(struct xentoollog_logger *,int,const char *)",tools/libvchan/init.c,8,55,3,5,66,8,55,8,45,3,0,0,23,1025,38,49,6,0,43,12,12,12,10,26,26,1,26,0
422,No,No,789589968ed90e82a832dbc60e958c76b787be7e,No,No,default,none,Function,"libxenvchan_server_init(struct xentoollog_logger *,int,const char *,size_t,size_t)",tools/libvchan/init.c,6,45,1,6,52,6,45,5,35,1,0,0,17,47,27,37,2,0,35,11,11,14,7,12,9,1,9,0
422,No,No,789589968ed90e82a832dbc60e958c76b787be7e,No,No,default,Static,Static Function,libxl__acpi_defbool_val(const libxl_domain_build_info *),tools/libxl/libxl_internal.h,0,5,0,7,5,0,5,1,2,0,0,0,2,1,1,1,0,0,1,1,1,2,1,0,0,0,0,0
422,No,No,789589968ed90e82a832dbc60e958c76b787be7e,No,No,default,Static,Static Function,"libxl__add_dtdevs(libxl__egc *,libxl__ao *,uint32_t,libxl_domain_config *,libxl__multidev *)",tools/libxl/libxl_create.c,3,20,0,10,23,3,20,7,12,0,0,0,6,3,12,14,4,0,10,3,3,3,3,2,2,2,2,0
422,No,No,789589968ed90e82a832dbc60e958c76b787be7e,No,No,default,Static,Static Function,libxl__ao_abortable_init(libxl__ao_abortable *),tools/libxl/libxl_internal.h,0,2,0,2,2,0,2,2,1,0,0,0,3,1,1,1,0,0,1,1,1,1,1,0,0,0,0,0
422,No,No,789589968ed90e82a832dbc60e958c76b787be7e,No,No,default,Static,Static Function,libxl__ao_abortable_isregistered(const libxl__ao_abortable *),tools/libxl/libxl_internal.h,0,2,0,2,2,0,2,2,1,0,0,0,1,1,1,1,0,0,1,1,1,1,1,0,0,0,0,0
422,No,No,789589968ed90e82a832dbc60e958c76b787be7e,No,No,default,none,Function,"libxl__arch_build_dom_finish(libxl__gc *,libxl_domain_build_info *,struct xc_dom_image *,libxl__domain_build_state *)",tools/libxl/libxl_x86.c,0,7,0,1,7,0,7,4,1,0,0,0,1,1,1,1,0,0,1,1,1,1,1,0,0,0,0,0
422,No,No,789589968ed90e82a832dbc60e958c76b787be7e,No,No,default,none,Function,"libxl__arch_domain_build_info_setdefault(libxl__gc *,libxl_domain_build_info *)",tools/libxl/libxl_x86.c,0,5,0,3,5,0,5,2,1,0,0,0,1,1,1,1,0,0,1,1,1,1,1,0,0,0,0,0
422,No,No,789589968ed90e82a832dbc60e958c76b787be7e,No,No,default,none,Function,"libxl__arch_domain_create(libxl__gc *,libxl_domain_config *,uint32_t)",tools/libxl/libxl_x86.c,11,67,0,19,78,11,67,10,51,0,0,0,14,1440,34,48,7,0,41,14,11,15,8,16,16,2,16,0
422,No,No,789589968ed90e82a832dbc60e958c76b787be7e,No,No,default,none,Function,"libxl__arch_domain_create_info_setdefault(libxl__gc *,libxl_domain_create_info *)",tools/libxl/libxl_x86.c,0,4,0,1,4,0,4,2,0,0,0,0,0,1,0,0,0,0,0,1,1,1,1,0,0,0,0,0
422,No,No,789589968ed90e82a832dbc60e958c76b787be7e,No,No,default,none,Function,"libxl__arch_domain_finalise_hw_description(libxl__gc *,uint32_t,libxl_domain_config *,struct xc_dom_image *)",tools/libxl/libxl_x86.c,4,21,0,7,25,4,21,6,12,0,0,0,6,6,9,13,2,0,11,5,5,5,4,3,3,2,3,0
422,No,No,789589968ed90e82a832dbc60e958c76b787be7e,No,No,default,none,Function,"libxl__arch_domain_init_hw_description(libxl__gc *,libxl_domain_build_info *,libxl__domain_build_state *,struct xc_dom_image *)",tools/libxl/libxl_x86.c,0,7,0,1,7,0,7,4,1,0,0,0,1,1,1,1,0,0,1,1,1,1,1,0,0,0,0,0
422,No,No,789589968ed90e82a832dbc60e958c76b787be7e,No,No,default,none,Function,"libxl__arch_domain_map_irq(libxl__gc *,uint32_t,int)",tools/libxl/libxl_x86.c,3,9,0,5,12,3,9,2,5,0,0,0,4,2,5,6,1,0,5,2,2,2,1,1,0,1,0,0
422,No,No,789589968ed90e82a832dbc60e958c76b787be7e,No,No,default,none,Function,"libxl__arch_domain_prepare_config(libxl__gc *,libxl_domain_config *,struct xen_domctl_createdomain *)",tools/libxl/libxl_x86.c,1,19,0,4,20,1,19,3,13,0,0,0,5,4,8,12,0,0,12,4,2,4,1,6,0,1,0,0
422,No,No,789589968ed90e82a832dbc60e958c76b787be7e,No,No,default,none,Function,"libxl__arch_domain_save_config(libxl__gc *,libxl_domain_config *,libxl__domain_build_state *,const struct xen_domctl_createdomain *)",tools/libxl/libxl_x86.c,0,7,0,1,7,0,7,4,1,0,0,0,1,1,1,1,0,0,1,1,1,1,1,0,0,0,0,0
422,No,No,789589968ed90e82a832dbc60e958c76b787be7e,No,No,default,none,Function,"libxl__arch_extra_memory(libxl__gc *,const libxl_domain_build_info *,uint64_t *)",tools/libxl/libxl_x86.c,1,7,0,1,8,1,7,3,2,0,0,0,2,1,2,2,0,0,2,1,1,1,1,0,0,0,0,0
422,No,No,789589968ed90e82a832dbc60e958c76b787be7e,No,No,default,none,Function,"libxl__arch_vnuma_build_vmemrange(libxl__gc *,uint32_t,libxl_domain_build_info *,libxl__domain_build_state *)",tools/libxl/libxl_x86.c,14,60,2,15,76,14,60,11,42,2,0,0,16,169,44,55,7,3,45,16,16,17,7,13,12,4,9,0
422,No,No,789589968ed90e82a832dbc60e958c76b787be7e,No,No,default,none,Function,libxl__async_exec_init(libxl__async_exec_state *),tools/libxl/libxl_aoutils.c,0,5,0,3,5,0,5,1,2,0,0,0,2,1,2,2,0,0,2,1,1,1,1,0,0,0,0,0
422,No,No,789589968ed90e82a832dbc60e958c76b787be7e,No,No,default,none,Function,libxl__async_exec_inuse(const libxl__async_exec_state *),tools/libxl/libxl_aoutils.c,0,7,0,3,7,0,7,3,4,0,0,0,5,2,6,7,2,1,4,3,3,3,1,1,0,1,0,0
422,No,No,789589968ed90e82a832dbc60e958c76b787be7e,No,No,default,none,Function,libxl__async_exec_start(libxl__async_exec_state *),tools/libxl/libxl_aoutils.c,8,28,4,9,40,8,28,6,20,4,0,0,8,8,15,18,5,0,13,4,4,4,3,4,4,1,4,0
422,No,No,789589968ed90e82a832dbc60e958c76b787be7e,No,No,default,none,Function,"libxl__bitmap_copy_best_effort(libxl__gc *,libxl_bitmap *,const libxl_bitmap *)",tools/libxl/libxl_utils.c,1,7,0,4,8,1,7,3,2,0,0,0,1,1,3,3,1,0,2,2,2,2,1,0,0,0,0,0
422,No,No,789589968ed90e82a832dbc60e958c76b787be7e,No,No,default,none,Function,"libxl__bitmap_parse_json(libxl__gc *,const libxl__json_object *,libxl_bitmap *)",tools/libxl/libxl_json.c,7,26,0,4,33,7,26,6,16,0,0,0,10,6,17,22,4,0,18,6,6,6,6,6,6,2,6,0
422,No,No,789589968ed90e82a832dbc60e958c76b787be7e,No,No,default,none,Function,"libxl__bool_parse_json(libxl__gc *,const libxl__json_object *,bool *)",tools/libxl/libxl_json.c,2,8,0,1,10,2,8,2,4,0,0,0,4,2,3,4,0,0,4,2,2,2,1,1,0,1,0,0
422,No,No,789589968ed90e82a832dbc60e958c76b787be7e,No,No,default,Static,Static Function,"libxl__build_device_model_args(libxl__gc *,const char *,int,const libxl_domain_config *,char ***,char ***,const libxl__domain_build_state *,int *)",tools/libxl/libxl_dm.c,0,26,2,12,28,0,26,6,17,2,0,0,8,6,10,15,0,2,13,7,6,7,1,5,0,2,0,0
422,No,No,789589968ed90e82a832dbc60e958c76b787be7e,No,No,default,Static,Static Function,"libxl__build_device_model_args_new(libxl__gc *,const char *,int,const libxl_domain_config *,char ***,char ***,const libxl__domain_build_state *,int *)",tools/libxl/libxl_dm.c,76,646,78,116,799,76,620,47,527,78,0,26,38,999999999,284,407,34,3,370,119,110,160,51,129,129,5,117,0
422,No,No,789589968ed90e82a832dbc60e958c76b787be7e,No,No,default,Static,Static Function,"libxl__build_device_model_args_old(libxl__gc *,const char *,int,const libxl_domain_config *,char ***,char ***,const libxl__domain_build_state *)",tools/libxl/libxl_dm.c,21,228,15,45,264,21,228,25,183,15,0,0,26,999999999,106,160,17,1,142,53,47,65,18,42,36,4,36,0
422,No,No,789589968ed90e82a832dbc60e958c76b787be7e,No,No,default,Static,Static Function,"libxl__build_dom(libxl__gc *,uint32_t,libxl_domain_config *,libxl__domain_build_state *,struct xc_dom_image *)",tools/libxl/libxl_dom.c,3,58,0,13,61,3,52,6,34,0,4,2,14,1024,25,35,3,0,32,13,13,13,11,10,10,1,10,0
422,No,No,789589968ed90e82a832dbc60e958c76b787be7e,No,No,default,none,Function,"libxl__build_hvm(libxl__gc *,uint32_t,libxl_domain_config *,libxl__domain_build_state *)",tools/libxl/libxl_dom.c,19,122,14,42,155,19,118,15,97,14,2,3,40,76032,78,98,9,1,88,26,26,28,11,23,21,2,21,0
422,No,No,789589968ed90e82a832dbc60e958c76b787be7e,No,No,default,none,Function,"libxl__build_post(libxl__gc *,uint32_t,libxl_domain_build_info *,libxl__domain_build_state *,char **,char **)",tools/libxl/libxl_dom.c,9,66,0,24,75,9,66,9,50,0,0,0,20,71,42,52,5,0,47,12,12,14,9,8,8,2,8,0
422,No,No,789589968ed90e82a832dbc60e958c76b787be7e,No,No,default,none,Function,"libxl__build_pre(libxl__gc *,uint32_t,libxl_domain_config *,libxl__domain_build_state *)",tools/libxl/libxl_dom.c,26,107,41,25,174,26,105,10,84,41,0,2,32,1092,57,79,8,0,71,26,26,31,16,27,26,3,25,0
422,No,No,789589968ed90e82a832dbc60e958c76b787be7e,No,No,default,none,Function,"libxl__build_pv(libxl__gc *,uint32_t,libxl_domain_config *,libxl__domain_build_state *)",tools/libxl/libxl_dom.c,16,93,0,39,109,16,93,8,73,0,0,0,40,2641,59,75,6,0,69,18,18,19,14,21,20,3,20,0
422,No,No,789589968ed90e82a832dbc60e958c76b787be7e,No,No,default,Static,Static Function,"libxl__colo_restore_setup_done(libxl__egc *,libxl__colo_restore_state *,int)",tools/libxl/libxl_create.c,3,13,0,6,16,3,13,5,7,0,0,0,5,2,6,7,2,0,5,2,2,2,1,1,0,1,0,0
422,No,No,789589968ed90e82a832dbc60e958c76b787be7e,No,No,default,Static,Static Function,libxl__conversion_helper_inuse(const libxl__conversion_helper_state *),tools/libxl/libxl_internal.h,0,3,0,2,3,0,3,2,1,0,0,0,2,1,1,1,0,0,1,1,1,1,1,0,0,0,0,0
422,No,No,789589968ed90e82a832dbc60e958c76b787be7e,No,No,default,none,Function,"libxl__count_physical_sockets(libxl__gc *,int *)",tools/libxl/libxl_utils.c,4,13,0,5,17,4,13,3,8,0,0,0,6,2,8,9,2,0,7,2,2,2,1,1,0,1,0,0
422,No,No,789589968ed90e82a832dbc60e958c76b787be7e,No,No,default,none,Function,"libxl__cpupoolid_to_name(libxl__gc *,uint32_t)",tools/libxl/libxl_utils.c,0,6,0,2,6,0,6,2,3,0,0,0,4,1,3,3,1,0,2,1,1,1,1,0,0,0,0,0
422,No,No,789589968ed90e82a832dbc60e958c76b787be7e,No,No,default,Static,Static Function,"libxl__create_qemu_logfile(libxl__gc *,char *)",tools/libxl/libxl_dm.c,5,15,0,4,20,5,15,3,9,0,0,0,7,3,10,12,2,0,10,3,3,3,3,2,2,1,2,0
422,No,No,789589968ed90e82a832dbc60e958c76b787be7e,No,No,default,Static,Static Function,libxl__ctx_lock(libxl_ctx *),tools/libxl/libxl_internal.h,0,4,0,17,4,0,4,2,2,0,0,0,4,2,4,5,1,1,3,3,3,3,1,1,0,1,0,0
422,No,No,789589968ed90e82a832dbc60e958c76b787be7e,No,No,default,Static,Static Function,libxl__ctx_unlock(libxl_ctx *),tools/libxl/libxl_internal.h,0,4,0,17,4,0,4,2,2,0,0,0,4,2,4,5,1,1,3,3,3,3,1,1,0,1,0,0
422,No,No,789589968ed90e82a832dbc60e958c76b787be7e,No,No,default,none,Function,libxl__datacopier_init(libxl__datacopier_state *),tools/libxl/libxl_aoutils.c,0,8,0,7,8,0,8,1,5,0,0,0,5,2,7,8,0,1,7,3,3,3,1,1,0,1,0,0
422,No,No,789589968ed90e82a832dbc60e958c76b787be7e,No,No,default,none,Function,libxl__datacopier_kill(libxl__datacopier_state *),tools/libxl/libxl_aoutils.c,1,11,0,9,12,1,11,3,7,0,0,0,6,1,8,8,3,0,5,1,1,1,1,0,0,0,0,0
422,No,No,789589968ed90e82a832dbc60e958c76b787be7e,No,No,default,none,Function,"libxl__datacopier_prefixdata(libxl__egc *,libxl__datacopier_state *,const void *,size_t)",tools/libxl/libxl_aoutils.c,4,15,7,11,26,4,15,5,8,7,0,0,9,4,13,15,3,1,11,4,4,4,1,1,0,1,0,0
422,No,No,789589968ed90e82a832dbc60e958c76b787be7e,No,No,default,none,Function,libxl__datacopier_start(libxl__datacopier_state *),tools/libxl/libxl_aoutils.c,7,26,0,9,33,7,26,3,19,0,0,0,12,72,21,28,3,2,23,10,10,14,6,10,8,2,8,0
422,No,No,789589968ed90e82a832dbc60e958c76b787be7e,No,No,default,none,Function,libxl__default_device_model(libxl__gc *),tools/libxl/libxl_linux.c,0,4,0,1,4,0,4,1,1,0,0,0,1,1,1,1,0,0,1,1,1,1,1,0,0,0,0,0
422,No,No,789589968ed90e82a832dbc60e958c76b787be7e,No,No,default,Static,Static Function,libxl__defbool_is_default(libxl_defbool *),tools/libxl/libxl_internal.h,0,4,0,2,4,0,4,1,1,0,0,0,1,1,1,1,0,0,1,1,1,1,1,0,0,0,0,0
422,No,No,789589968ed90e82a832dbc60e958c76b787be7e,No,No,default,none,Function,"libxl__defbool_parse_json(libxl__gc *,const libxl__json_object *,libxl_defbool *)",tools/libxl/libxl_json.c,4,20,0,1,24,4,20,3,15,0,0,0,7,5,8,12,1,0,11,5,5,5,5,7,7,1,7,0
422,No,No,789589968ed90e82a832dbc60e958c76b787be7e,No,No,default,none,Function,"libxl__destroy_device_model(libxl__egc *,libxl__destroy_devicemodel_state *)",tools/libxl/libxl_dm.c,12,51,33,7,95,12,51,8,37,33,0,0,15,32,35,42,7,1,34,13,13,15,3,5,4,3,4,0
422,No,No,789589968ed90e82a832dbc60e958c76b787be7e,No,No,default,none,Function,"libxl__destroy_domid(libxl__egc *,libxl__destroy_domid_state *)",tools/libxl/libxl_domain.c,8,59,1,8,68,8,59,6,47,1,0,0,22,240,36,50,6,1,43,14,10,14,9,21,20,2,20,0
422,No,No,789589968ed90e82a832dbc60e958c76b787be7e,No,No,default,none,Function,"libxl__destroy_qdisk_backend(libxl__gc *,uint32_t)",tools/libxl/libxl_dm.c,4,14,0,2,18,4,14,3,8,0,0,0,4,2,8,9,2,0,7,2,2,2,1,1,0,1,0,0
422,No,No,789589968ed90e82a832dbc60e958c76b787be7e,No,No,default,Static,Static Function,"libxl__detect_gfx_passthru_kind(libxl__gc *,const libxl_domain_config *)",tools/libxl/libxl_dm.c,3,12,0,7,15,3,12,4,6,0,0,0,2,3,4,6,1,0,5,3,3,3,3,2,2,1,2,0
422,No,No,789589968ed90e82a832dbc60e958c76b787be7e,No,No,default,Static,Static Function,libxl__device_disk_local_init(libxl__disk_local_state *),tools/libxl/libxl_internal.h,0,4,0,0,4,0,4,1,1,0,0,0,3,1,1,1,0,0,1,1,1,1,1,0,0,0,0,0
422,No,No,789589968ed90e82a832dbc60e958c76b787be7e,No,No,default,none,Function,"libxl__device_model_savefile(libxl__gc *,uint32_t)",tools/libxl/libxl_dm.c,0,4,0,5,4,0,4,1,1,0,0,0,2,1,1,1,0,0,1,1,1,1,1,0,0,0,0,0
422,No,No,789589968ed90e82a832dbc60e958c76b787be7e,No,No,default,Static,Static Function,"libxl__device_type_get_elem(const struct libxl_device_type *,const libxl_domain_config *,int)",tools/libxl/libxl_internal.h,0,6,0,6,6,0,6,3,1,0,0,0,2,1,1,1,0,0,1,1,1,1,1,0,0,0,0,0
422,No,No,789589968ed90e82a832dbc60e958c76b787be7e,No,No,default,Static,Static Function,"libxl__device_type_get_num(const struct libxl_device_type *,const libxl_domain_config *)",tools/libxl/libxl_internal.h,0,5,0,6,5,0,5,2,1,0,0,0,1,1,1,1,0,0,1,1,1,1,1,0,0,0,0,0
422,No,No,789589968ed90e82a832dbc60e958c76b787be7e,No,No,default,Static,Static Function,"libxl__device_type_get_ptr(const struct libxl_device_type *,const libxl_domain_config *)",tools/libxl/libxl_internal.h,0,5,0,5,5,0,5,2,1,0,0,0,1,1,1,1,0,0,1,1,1,1,1,0,0,0,0,0
422,No,No,789589968ed90e82a832dbc60e958c76b787be7e,No,No,default,none,Function,"libxl__devid_to_localdev(libxl__gc *,int)",tools/libxl/libxl_linux.c,0,4,0,2,4,0,4,1,1,0,0,0,2,1,1,1,0,0,1,1,1,1,1,0,0,0,0,0
422,No,No,789589968ed90e82a832dbc60e958c76b787be7e,No,No,default,none,Function,"libxl__dm_active(libxl__gc *,uint32_t)",tools/libxl/libxl_dm.c,2,7,0,4,9,2,7,2,3,0,0,0,3,1,4,4,1,0,3,1,1,1,1,0,0,0,0,0
422,No,No,789589968ed90e82a832dbc60e958c76b787be7e,No,No,default,none,Function,"libxl__dm_check_start(libxl__gc *,libxl_domain_config *,uint32_t)",tools/libxl/libxl_dm.c,5,16,0,3,21,5,16,3,10,0,0,0,5,5,8,11,1,0,10,4,4,4,4,4,4,1,4,0
422,No,No,789589968ed90e82a832dbc60e958c76b787be7e,No,No,default,Static,Static Function,"libxl__dm_vifs_from_hvm_guest_config(libxl__gc *,libxl_domain_config *const,libxl_domain_config *)",tools/libxl/libxl_dm.c,3,15,0,7,18,3,15,4,9,0,0,0,7,3,8,10,1,0,9,3,3,3,1,0,0,2,0,0
422,No,No,789589968ed90e82a832dbc60e958c76b787be7e,No,No,default,none,Function,libxl__dm_vnc(const libxl_domain_config *),tools/libxl/libxl_dm.c,0,10,0,13,10,0,10,2,6,0,0,0,2,3,4,6,1,0,5,4,4,5,1,1,0,1,0,0
422,No,No,789589968ed90e82a832dbc60e958c76b787be7e,No,No,default,none,Function,"libxl__domain_build(libxl__gc *,libxl_domain_config *,uint32_t,libxl__domain_build_state *)",tools/libxl/libxl_create.c,12,92,0,22,104,12,92,10,78,0,0,0,14,34,59,71,5,0,66,17,15,17,8,22,22,3,22,0
422,No,No,789589968ed90e82a832dbc60e958c76b787be7e,No,No,default,none,Function,"libxl__domain_build_info_setdefault(libxl__gc *,libxl_domain_build_info *)",tools/libxl/libxl_create.c,40,293,8,80,341,40,293,4,251,8,0,0,53,999999999,140,223,2,0,221,78,67,92,39,103,102,4,101,0
422,No,No,789589968ed90e82a832dbc60e958c76b787be7e,No,No,default,none,Function,libxl__domain_build_state_dispose(libxl__domain_build_state *),tools/libxl/libxl_create.c,0,9,0,6,9,0,9,1,5,0,0,0,4,2,4,5,0,0,5,2,2,2,1,0,0,1,0,0
422,No,No,789589968ed90e82a832dbc60e958c76b787be7e,No,No,default,none,Function,libxl__domain_build_state_init(libxl__domain_build_state *),tools/libxl/libxl_create.c,0,4,0,2,4,0,4,1,1,0,0,0,2,1,1,1,0,0,1,1,1,1,1,0,0,0,0,0
422,No,No,789589968ed90e82a832dbc60e958c76b787be7e,No,No,default,none,Function,"libxl__domain_cpupool(libxl__gc *,uint32_t)",tools/libxl/libxl_dom.c,1,17,0,7,18,1,17,3,8,0,0,0,5,3,8,10,2,0,8,3,3,3,3,2,2,1,2,0
422,No,No,789589968ed90e82a832dbc60e958c76b787be7e,No,No,default,none,Function,"libxl__domain_create_info_setdefault(libxl__gc *,libxl_domain_create_info *)",tools/libxl/libxl_create.c,5,18,0,10,23,5,18,2,12,0,0,0,7,5,9,12,0,0,12,4,4,4,1,1,0,1,0,0
422,No,No,789589968ed90e82a832dbc60e958c76b787be7e,No,No,default,none,Function,"libxl__domain_destroy(libxl__egc *,libxl__domain_destroy_state *)",tools/libxl/libxl_domain.c,2,19,0,10,21,2,19,3,15,0,0,0,12,2,14,15,3,0,12,2,2,2,1,1,0,1,0,0
422,No,No,789589968ed90e82a832dbc60e958c76b787be7e,No,No,default,none,Function,"libxl__domain_device_construct_rdm(libxl__gc *,libxl_domain_config *,uint64_t,struct xc_dom_image *)",tools/libxl/libxl_dm.c,21,100,63,26,184,21,100,14,75,63,0,0,13,11029,61,81,10,2,69,24,24,25,16,24,24,3,22,0
422,No,No,789589968ed90e82a832dbc60e958c76b787be7e,No,No,default,none,Function,"libxl__domain_device_model(libxl__gc *,const libxl_domain_build_info *)",tools/libxl/libxl_dm.c,2,25,0,7,27,2,25,3,18,0,0,0,8,5,11,16,1,0,15,5,4,5,1,5,0,2,0,0
422,No,No,789589968ed90e82a832dbc60e958c76b787be7e,No,No,default,Static,Static Function,"libxl__domain_firmware(libxl__gc *,libxl_domain_build_info *,libxl__domain_build_state *,struct xc_dom_image *)",tools/libxl/libxl_dom.c,13,169,8,24,190,13,169,11,130,8,0,0,24,558000,75,112,7,2,103,38,35,45,26,65,59,4,59,0
422,No,No,789589968ed90e82a832dbc60e958c76b787be7e,No,No,default,Static,Static Function,"libxl__domain_get_device_model_uid(libxl__gc *,libxl__dm_spawn_state *)",tools/libxl/libxl_dm.c,15,93,36,11,142,15,93,11,74,36,0,0,9,3601,53,68,9,0,59,16,16,18,12,15,15,2,15,0
422,No,No,789589968ed90e82a832dbc60e958c76b787be7e,No,No,default,none,Function,"libxl__domain_make(libxl__gc *,libxl_domain_config *,libxl__domain_build_state *,uint32_t *)",tools/libxl/libxl_create.c,30,188,11,26,229,30,188,22,159,11,0,0,30,104448,104,122,13,0,109,21,21,21,14,18,18,2,18,0
422,No,No,789589968ed90e82a832dbc60e958c76b787be7e,No,No,default,Static,Static Function,"libxl__domain_pvcontrol(libxl__gc *,uint32_t,const char *)",tools/libxl/libxl_domain.c,3,11,0,5,14,3,11,3,6,0,0,0,3,3,5,7,1,0,6,3,3,3,3,2,2,1,2,0
422,No,No,789589968ed90e82a832dbc60e958c76b787be7e,No,No,default,none,Function,"libxl__domain_pvcontrol_available(libxl__gc *,uint32_t)",tools/libxl/libxl_domain.c,4,17,0,4,21,4,17,5,12,0,0,0,6,4,10,13,4,0,9,4,4,4,4,3,3,1,3,0
422,No,No,789589968ed90e82a832dbc60e958c76b787be7e,No,No,default,none,Function,"libxl__domain_pvcontrol_read(libxl__gc *,xs_transaction_t,uint32_t)",tools/libxl/libxl_domain.c,2,9,0,3,11,2,9,3,4,0,0,0,3,2,4,5,1,0,4,2,2,2,1,1,0,1,0,0
422,No,No,789589968ed90e82a832dbc60e958c76b787be7e,No,No,default,none,Function,"libxl__domain_pvcontrol_write(libxl__gc *,xs_transaction_t,uint32_t,const char *)",tools/libxl/libxl_domain.c,2,9,0,6,11,2,9,3,4,0,0,0,3,2,4,5,1,0,4,2,2,2,1,1,0,1,0,0
422,No,No,789589968ed90e82a832dbc60e958c76b787be7e,No,No,default,none,Function,"libxl__domain_pvcontrol_xspath(libxl__gc *,uint32_t)",tools/libxl/libxl_domain.c,2,8,0,5,10,2,8,2,4,0,0,0,3,2,4,5,1,0,4,2,2,2,1,1,0,1,0,0
422,No,No,789589968ed90e82a832dbc60e958c76b787be7e,No,No,default,none,Function,"libxl__domain_rename(libxl__gc *,uint32_t,const char *,const char *,xs_transaction_t)",tools/libxl/libxl_domain.c,14,125,6,9,145,14,125,16,94,6,0,0,20,230400,64,86,13,0,73,23,23,23,21,80,70,3,70,0
422,No,No,789589968ed90e82a832dbc60e958c76b787be7e,No,No,default,none,Function,"libxl__domain_resume(libxl__gc *,uint32_t,int)",tools/libxl/libxl_dom_suspend.c,4,27,0,6,31,4,27,3,18,0,0,0,8,24,13,18,2,0,16,6,6,6,5,4,4,2,4,0
422,No,No,789589968ed90e82a832dbc60e958c76b787be7e,No,No,default,none,Function,"libxl__domain_resume_device_model(libxl__gc *,uint32_t)",tools/libxl/libxl_dom_suspend.c,3,24,0,4,27,3,24,3,17,0,0,0,10,5,11,16,2,0,14,5,4,6,4,8,8,2,8,0
422,No,No,789589968ed90e82a832dbc60e958c76b787be7e,No,No,default,Static,Static Function,"libxl__domain_s3_resume(libxl__gc *,int)",tools/libxl/libxl_domain.c,2,23,0,4,25,2,23,2,18,0,0,0,6,4,11,16,1,0,15,4,3,4,1,4,0,2,0,0
422,No,No,789589968ed90e82a832dbc60e958c76b787be7e,No,No,default,none,Function,"libxl__domain_scheduler(libxl__gc *,uint32_t)",tools/libxl/libxl_dom.c,4,17,0,3,21,4,17,5,11,0,0,0,6,3,11,13,4,0,9,3,3,3,1,2,0,1,0,0
422,No,No,789589968ed90e82a832dbc60e958c76b787be7e,No,No,default,none,Function,"libxl__domain_suspend(libxl__egc *,libxl__domain_suspend_state *)",tools/libxl/libxl_dom_suspend.c,0,5,0,3,5,0,5,2,1,0,0,0,1,1,1,1,0,0,1,1,1,1,1,0,0,0,0,0
422,No,No,789589968ed90e82a832dbc60e958c76b787be7e,No,No,default,none,Function,libxl__domain_suspend_callback(void *),tools/libxl/libxl_dom_suspend.c,1,9,0,4,10,1,9,5,6,0,0,0,2,1,6,6,4,0,2,1,1,1,1,0,0,0,0,0
422,No,No,789589968ed90e82a832dbc60e958c76b787be7e,No,No,default,none,Function,"libxl__domain_suspend_device_model(libxl__egc *,libxl__domain_suspend_state *)",tools/libxl/libxl_dom_suspend.c,2,27,3,7,30,2,27,6,20,3,0,0,8,5,15,19,5,0,14,4,3,4,3,5,4,1,4,0
422,No,No,789589968ed90e82a832dbc60e958c76b787be7e,No,No,default,none,Function,"libxl__domain_suspend_init(libxl__egc *,libxl__domain_suspend_state *,libxl_domain_type)",tools/libxl/libxl_dom_suspend.c,10,36,1,14,47,10,36,7,27,1,0,0,20,10,25,29,5,0,24,5,5,5,5,5,5,2,5,0
422,No,No,789589968ed90e82a832dbc60e958c76b787be7e,No,No,default,none,Function,"libxl__domain_type(libxl__gc *,uint32_t)",tools/libxl/libxl_dom.c,0,0,0,14,0,0,0,0,0,0,0,0,7,0,0,0,0,0,0,0,0,0,0,0,0,0,0,0
422,No,No,789589968ed90e82a832dbc60e958c76b787be7e,No,No,default,none,Function,"libxl__domid_to_name(libxl__gc *,uint32_t)",tools/libxl/libxl_utils.c,0,6,0,3,6,0,6,2,3,0,0,0,4,1,3,3,1,0,2,1,1,1,1,0,0,0,0,0
422,No,No,789589968ed90e82a832dbc60e958c76b787be7e,No,No,default,Static,Static Function,"libxl__e820_alloc(libxl__gc *,uint32_t,libxl_domain_config *)",tools/libxl/libxl_x86.c,6,22,0,11,28,6,22,7,14,0,0,0,5,5,14,18,5,0,13,5,5,6,5,4,4,1,4,0
422,No,No,789589968ed90e82a832dbc60e958c76b787be7e,No,No,default,none,Function,"libxl__enum_from_string(const libxl_enum_string_table *,const char *,int *)",tools/libxl/libxl_utils.c,1,12,0,4,13,1,12,2,6,0,0,0,3,4,6,9,0,1,8,4,4,4,4,4,4,2,4,0
422,No,No,789589968ed90e82a832dbc60e958c76b787be7e,No,No,default,Static,Static Function,libxl__ev_child_init(libxl__ev_child *),tools/libxl/libxl_internal.h,0,2,0,3,2,0,2,1,1,0,0,0,3,1,1,1,0,0,1,1,1,1,1,0,0,0,0,0
422,No,No,789589968ed90e82a832dbc60e958c76b787be7e,No,No,default,Static,Static Function,libxl__ev_child_inuse(const libxl__ev_child *),tools/libxl/libxl_internal.h,0,2,0,10,2,0,2,1,1,0,0,0,1,1,1,1,0,0,1,1,1,1,1,0,0,0,0,0
422,No,No,789589968ed90e82a832dbc60e958c76b787be7e,No,No,default,Static,Static Function,"libxl__ev_devstate_cancel(libxl__gc *,libxl__ev_devstate *)",tools/libxl/libxl_internal.h,0,5,0,3,5,0,5,2,1,0,0,0,2,1,1,1,0,0,1,1,1,1,1,0,0,0,0,0
422,No,No,789589968ed90e82a832dbc60e958c76b787be7e,No,No,default,Static,Static Function,libxl__ev_devstate_init(libxl__ev_devstate *),tools/libxl/libxl_internal.h,0,4,0,2,4,0,4,1,1,0,0,0,2,1,1,1,0,0,1,1,1,1,1,0,0,0,0,0
422,No,No,789589968ed90e82a832dbc60e958c76b787be7e,No,No,default,Static,Static Function,libxl__ev_evtchn_init(libxl__ev_evtchn *),tools/libxl/libxl_internal.h,0,2,0,1,2,0,2,1,1,0,0,0,3,1,1,1,0,0,1,1,1,1,1,0,0,0,0,0
422,No,No,789589968ed90e82a832dbc60e958c76b787be7e,No,No,default,Static,Static Function,libxl__ev_evtchn_iswaiting(const libxl__ev_evtchn *),tools/libxl/libxl_internal.h,0,2,0,2,2,0,2,1,1,0,0,0,1,1,1,1,0,0,1,1,1,1,1,0,0,0,0,0
422,No,No,789589968ed90e82a832dbc60e958c76b787be7e,No,No,default,Static,Static Function,libxl__ev_fd_init(libxl__ev_fd *),tools/libxl/libxl_internal.h,0,2,0,2,2,0,2,1,1,0,0,0,3,1,1,1,0,0,1,1,1,1,1,0,0,0,0,0
422,No,No,789589968ed90e82a832dbc60e958c76b787be7e,No,No,default,Static,Static Function,libxl__ev_fd_isregistered(const libxl__ev_fd *),tools/libxl/libxl_internal.h,0,2,0,3,2,0,2,1,1,0,0,0,1,1,1,1,0,0,1,1,1,1,1,0,0,0,0,0
422,No,No,789589968ed90e82a832dbc60e958c76b787be7e,No,No,default,none,Function,"libxl__ev_qmp_dispose(libxl__gc *,libxl__ev_qmp *)",tools/libxl/libxl_qmp.c,2,7,1,10,10,2,7,1,4,1,0,0,5,1,4,4,0,0,4,1,1,1,1,0,0,0,0,0
422,No,No,789589968ed90e82a832dbc60e958c76b787be7e,No,No,default,none,Function,libxl__ev_qmp_init(libxl__ev_qmp *),tools/libxl/libxl_qmp.c,4,16,3,5,23,4,16,1,13,3,0,0,16,1,13,13,0,0,13,1,1,1,1,0,0,0,0,0
422,No,No,789589968ed90e82a832dbc60e958c76b787be7e,No,No,default,none,Function,"libxl__ev_qmp_send(libxl__gc *,libxl__ev_qmp *,const char *,libxl__json_object *)",tools/libxl/libxl_qmp.c,6,30,5,13,41,6,30,4,21,5,0,0,13,48,21,27,3,2,22,9,9,11,4,7,5,2,5,0
422,No,No,789589968ed90e82a832dbc60e958c76b787be7e,No,No,default,Static,Static Function,libxl__ev_time_init(libxl__ev_time *),tools/libxl/libxl_internal.h,0,2,0,5,2,0,2,1,1,0,0,0,4,1,2,2,0,0,2,1,1,1,1,0,0,0,0,0
422,No,No,789589968ed90e82a832dbc60e958c76b787be7e,No,No,default,Static,Static Function,libxl__ev_time_isregistered(const libxl__ev_time *),tools/libxl/libxl_internal.h,0,2,0,4,2,0,2,1,1,0,0,0,1,1,1,1,0,0,1,1,1,1,1,0,0,0,0,0
422,No,No,789589968ed90e82a832dbc60e958c76b787be7e,No,No,default,Static,Static Function,libxl__ev_xswatch_init(libxl__ev_xswatch *),tools/libxl/libxl_internal.h,0,2,0,2,2,0,2,1,1,0,0,0,3,1,1,1,0,0,1,1,1,1,1,0,0,0,0,0
422,No,No,789589968ed90e82a832dbc60e958c76b787be7e,No,No,default,Static,Static Function,libxl__ev_xswatch_isregistered(const libxl__ev_xswatch *),tools/libxl/libxl_internal.h,0,2,0,5,2,0,2,1,1,0,0,0,1,1,1,1,0,0,1,1,1,1,1,0,0,0,0,0
422,No,No,789589968ed90e82a832dbc60e958c76b787be7e,No,No,default,none,Function,"libxl__evdisable_domain_death(libxl__gc *,libxl_evgen_domain_death *)",tools/libxl/libxl_domain.c,4,13,0,8,17,4,13,2,10,0,0,0,8,4,6,8,0,0,8,3,3,4,1,1,0,1,0,0
422,No,No,789589968ed90e82a832dbc60e958c76b787be7e,No,No,default,none,Function,"libxl__exec(libxl__gc *,int,int,int,const char *,char *const [],char *const [])",tools/libxl/libxl_exec.c,5,31,3,10,39,5,31,3,23,3,0,0,12,256,15,24,1,0,23,10,10,14,4,4,4,3,4,0
422,No,No,789589968ed90e82a832dbc60e958c76b787be7e,No,No,default,Static,Static Function,libxl__gc_is_real(const libxl__gc *),tools/libxl/libxl_internal.h,0,4,0,2,4,0,4,1,1,0,0,0,1,1,1,1,0,0,1,1,1,1,1,0,0,0,0,0
422,No,No,789589968ed90e82a832dbc60e958c76b787be7e,No,No,default,Static,Static Function,libxl__gc_owner(libxl__gc *),tools/libxl/libxl_internal.h,0,4,0,211,4,0,4,1,1,0,0,0,1,1,1,1,0,0,1,1,1,1,1,0,0,0,0,0
422,No,No,789589968ed90e82a832dbc60e958c76b787be7e,No,No,default,none,Function,"libxl__get_domid(libxl__gc *,uint32_t *)",tools/libxl/libxl_domain.c,3,15,0,2,18,3,15,3,8,0,0,0,6,4,9,11,2,0,9,3,3,3,3,2,2,1,2,0
422,No,No,789589968ed90e82a832dbc60e958c76b787be7e,No,No,default,none,Function,"libxl__get_hotplug_script_info(libxl__gc *,libxl__device *,char ***,char ***,libxl__device_action,int)",tools/libxl/libxl_linux.c,2,35,5,8,42,2,35,5,24,5,0,0,6,5,15,20,1,0,19,5,4,7,5,9,9,2,9,0
422,No,No,789589968ed90e82a832dbc60e958c76b787be7e,No,No,default,Static,Static Function,"libxl__get_reaper_uid(libxl__gc *,uid_t *)",tools/libxl/libxl_dm.c,6,25,6,3,37,6,25,3,17,6,0,0,5,24,12,17,2,0,15,6,6,8,3,2,2,2,2,0
422,No,No,789589968ed90e82a832dbc60e958c76b787be7e,No,No,default,Static,Static Function,"libxl__get_targetmem_fudge(libxl__gc *,const libxl_domain_build_info *)",tools/libxl/libxl_internal.h,1,9,0,6,10,1,9,6,4,0,0,0,1,1,2,2,1,0,1,2,2,3,1,0,0,0,0,0
422,No,No,789589968ed90e82a832dbc60e958c76b787be7e,No,No,default,Static,Static Function,"libxl__hotplug_disk(libxl__gc *,libxl__device *,char ***,char ***,libxl__device_action)",tools/libxl/libxl_linux.c,5,32,0,7,37,5,32,7,23,0,0,0,14,8,22,25,4,1,20,5,5,5,3,3,2,1,2,0
422,No,No,789589968ed90e82a832dbc60e958c76b787be7e,No,No,default,Static,Static Function,"libxl__hotplug_nic(libxl__gc *,libxl__device *,char ***,char ***,libxl__device_action,int)",tools/libxl/libxl_linux.c,6,49,0,8,55,6,49,8,36,0,0,0,15,64,31,37,5,1,31,9,9,11,5,6,4,1,4,0
422,No,No,789589968ed90e82a832dbc60e958c76b787be7e,No,No,default,Static,Static Function,libxl__hwcap_is_default(libxl_hwcap *),tools/libxl/libxl_internal.h,0,4,0,0,4,0,4,1,1,0,0,0,1,1,1,1,0,0,1,1,1,1,1,0,0,0,0,0
422,No,No,789589968ed90e82a832dbc60e958c76b787be7e,No,No,default,none,Function,"libxl__hwcap_parse_json(libxl__gc *,const libxl__json_object *,libxl_hwcap *)",tools/libxl/libxl_json.c,5,15,0,1,20,5,15,4,8,0,0,0,6,4,9,12,2,0,10,4,4,5,4,4,4,2,4,0
422,No,No,789589968ed90e82a832dbc60e958c76b787be7e,No,No,default,none,Function,"libxl__int_parse_json(libxl__gc *,const libxl__json_object *,void *)",tools/libxl/libxl_json.c,5,12,0,1,17,5,12,3,7,0,0,0,4,3,6,8,1,0,7,3,3,4,3,2,2,1,2,0
422,No,No,789589968ed90e82a832dbc60e958c76b787be7e,No,No,default,none,Function,"libxl__json_array_get(const libxl__json_object *,int)",tools/libxl/libxl_json.c,4,13,0,10,17,4,13,3,9,0,0,0,3,4,6,9,2,0,7,4,4,4,4,3,3,1,3,0
422,No,No,789589968ed90e82a832dbc60e958c76b787be7e,No,No,default,none,Function,"libxl__json_map_get(const char *,const libxl__json_object *,libxl__json_node_type)",tools/libxl/libxl_json.c,2,24,0,20,26,2,24,6,15,0,0,0,4,6,10,15,3,0,12,6,6,8,6,13,13,4,13,0
422,No,No,789589968ed90e82a832dbc60e958c76b787be7e,No,No,default,none,Function,"libxl__json_map_node_get(const libxl__json_object *,int)",tools/libxl/libxl_json.c,4,14,0,4,18,4,14,4,9,0,0,0,3,4,6,9,2,0,7,4,4,4,4,3,3,1,3,0
422,No,No,789589968ed90e82a832dbc60e958c76b787be7e,No,No,default,none,Function,"libxl__json_object_alloc(libxl__gc *,libxl__json_node_type)",tools/libxl/libxl_json.c,4,15,0,12,19,4,15,4,9,0,0,0,7,3,7,9,2,0,7,3,3,4,1,1,0,2,0,0
422,No,No,789589968ed90e82a832dbc60e958c76b787be7e,No,No,default,Static,Static Function,"libxl__json_object_append_to(libxl__gc *,libxl__json_object *,libxl__yajl_ctx *)",tools/libxl/libxl_json.c,5,35,0,17,40,5,35,5,25,0,0,0,13,14,15,22,2,0,20,7,6,8,5,10,10,3,10,0
422,No,No,789589968ed90e82a832dbc60e958c76b787be7e,No,No,default,none,Function,"libxl__json_object_free(libxl__gc *,libxl__json_object *)",tools/libxl/libxl_json.c,3,39,0,10,42,3,39,4,31,0,0,0,3,9,24,34,3,0,31,10,7,10,9,11,11,3,11,0
422,No,No,789589968ed90e82a832dbc60e958c76b787be7e,No,No,default,Static,Static Function,libxl__json_object_get_array(const libxl__json_object *),tools/libxl/libxl_internal.h,0,8,0,6,8,0,8,2,4,0,0,0,2,2,2,3,0,0,3,2,2,2,1,1,0,1,0,0
422,No,No,789589968ed90e82a832dbc60e958c76b787be7e,No,No,default,Static,Static Function,libxl__json_object_get_bool(const libxl__json_object *),tools/libxl/libxl_internal.h,0,7,0,5,7,0,7,1,4,0,0,0,2,2,2,3,0,0,3,2,2,2,1,1,0,1,0,0
422,No,No,789589968ed90e82a832dbc60e958c76b787be7e,No,No,default,Static,Static Function,libxl__json_object_get_integer(const libxl__json_object *),tools/libxl/libxl_internal.h,0,7,0,17,7,0,7,1,4,0,0,0,2,2,2,3,0,0,3,2,2,2,1,1,0,1,0,0
422,No,No,789589968ed90e82a832dbc60e958c76b787be7e,No,No,default,Static,Static Function,libxl__json_object_get_map(const libxl__json_object *),tools/libxl/libxl_internal.h,0,8,0,5,8,0,8,2,4,0,0,0,2,2,2,3,0,0,3,2,2,2,1,1,0,1,0,0
422,No,No,789589968ed90e82a832dbc60e958c76b787be7e,No,No,default,Static,Static Function,libxl__json_object_get_number(const libxl__json_object *),tools/libxl/libxl_internal.h,0,8,0,4,8,0,8,2,4,0,0,0,2,2,2,3,0,0,3,2,2,2,1,1,0,1,0,0
422,No,No,789589968ed90e82a832dbc60e958c76b787be7e,No,No,default,Static,Static Function,libxl__json_object_get_string(const libxl__json_object *),tools/libxl/libxl_internal.h,0,8,0,14,8,0,8,2,4,0,0,0,2,2,2,3,0,0,3,2,2,2,1,1,0,1,0,0
422,No,No,789589968ed90e82a832dbc60e958c76b787be7e,No,No,default,Static,Static Function,libxl__json_object_is_array(const libxl__json_object *),tools/libxl/libxl_internal.h,0,4,0,8,4,0,4,1,1,0,0,0,1,1,1,1,0,0,1,1,1,2,1,0,0,0,0,0
422,No,No,789589968ed90e82a832dbc60e958c76b787be7e,No,No,default,Static,Static Function,libxl__json_object_is_bool(const libxl__json_object *),tools/libxl/libxl_internal.h,0,4,0,4,4,0,4,1,1,0,0,0,1,1,1,1,0,0,1,1,1,2,1,0,0,0,0,0
422,No,No,789589968ed90e82a832dbc60e958c76b787be7e,No,No,default,Static,Static Function,libxl__json_object_is_double(const libxl__json_object *),tools/libxl/libxl_internal.h,0,4,0,2,4,0,4,1,1,0,0,0,1,1,1,1,0,0,1,1,1,2,1,0,0,0,0,0
422,No,No,789589968ed90e82a832dbc60e958c76b787be7e,No,No,default,Static,Static Function,libxl__json_object_is_integer(const libxl__json_object *),tools/libxl/libxl_internal.h,0,4,0,11,4,0,4,1,1,0,0,0,1,1,1,1,0,0,1,1,1,2,1,0,0,0,0,0
422,No,No,789589968ed90e82a832dbc60e958c76b787be7e,No,No,default,Static,Static Function,libxl__json_object_is_map(const libxl__json_object *),tools/libxl/libxl_internal.h,0,4,0,9,4,0,4,1,1,0,0,0,1,1,1,1,0,0,1,1,1,2,1,0,0,0,0,0
422,No,No,789589968ed90e82a832dbc60e958c76b787be7e,No,No,default,Static,Static Function,libxl__json_object_is_null(const libxl__json_object *),tools/libxl/libxl_internal.h,0,4,0,4,4,0,4,1,1,0,0,0,1,1,1,1,0,0,1,1,1,2,1,0,0,0,0,0
422,No,No,789589968ed90e82a832dbc60e958c76b787be7e,No,No,default,Static,Static Function,libxl__json_object_is_number(const libxl__json_object *),tools/libxl/libxl_internal.h,0,4,0,4,4,0,4,1,1,0,0,0,1,1,1,1,0,0,1,1,1,2,1,0,0,0,0,0
422,No,No,789589968ed90e82a832dbc60e958c76b787be7e,No,No,default,Static,Static Function,libxl__json_object_is_string(const libxl__json_object *),tools/libxl/libxl_internal.h,0,4,0,10,4,0,4,1,1,0,0,0,1,1,1,1,0,0,1,1,1,2,1,0,0,0,0,0
422,No,No,789589968ed90e82a832dbc60e958c76b787be7e,No,No,default,none,Function,"libxl__json_object_to_json(libxl__gc *,const libxl__json_object *)",tools/libxl/libxl_json.c,6,25,0,2,31,6,25,8,15,0,0,0,6,6,16,20,6,0,14,5,5,5,5,4,4,1,4,0
422,No,No,789589968ed90e82a832dbc60e958c76b787be7e,No,No,default,none,Function,"libxl__json_object_to_yajl_gen(libxl__gc *,yajl_gen,const libxl__json_object *)",tools/libxl/libxl_json.c,5,61,1,16,67,5,58,7,46,1,0,3,14,22,30,49,4,1,44,30,22,30,19,75,75,3,75,0
422,No,No,789589968ed90e82a832dbc60e958c76b787be7e,No,No,default,none,Function,"libxl__json_parse(libxl__gc *,const char *)",tools/libxl/libxl_json.c,10,30,0,8,40,10,30,5,23,0,0,0,14,8,22,25,4,0,21,4,4,4,3,4,4,1,4,0
422,No,No,789589968ed90e82a832dbc60e958c76b787be7e,No,No,default,Static,Static Function,libxl__key_value_list_is_empty(libxl_key_value_list *),tools/libxl/libxl_internal.h,0,4,0,1,4,0,4,1,1,0,0,0,2,1,1,1,0,0,1,1,1,1,1,0,0,0,0,0
422,No,No,789589968ed90e82a832dbc60e958c76b787be7e,No,No,default,none,Function,"libxl__key_value_list_parse_json(libxl__gc *,const libxl__json_object *,libxl_key_value_list *)",tools/libxl/libxl_json.c,6,28,0,6,34,6,28,7,21,0,0,0,11,6,17,22,5,0,17,6,6,7,5,8,8,2,7,0
422,No,No,789589968ed90e82a832dbc60e958c76b787be7e,No,No,default,none,Function,"libxl__kill(libxl__gc *,pid_t,int,const char *)",tools/libxl/libxl_aoutils.c,0,6,0,4,6,0,6,2,3,0,0,0,4,2,2,3,1,0,2,2,2,2,1,0,0,1,0,0
422,No,No,789589968ed90e82a832dbc60e958c76b787be7e,No,No,default,Static,Static Function,"libxl__load_hvm_firmware_module(libxl__gc *,const char *,const char *,struct xc_hvm_firmware_module *)",tools/libxl/libxl_dom.c,1,29,5,4,35,1,29,7,19,5,0,0,8,6,16,19,3,0,16,4,4,4,3,3,2,2,2,0
422,No,No,789589968ed90e82a832dbc60e958c76b787be7e,No,No,default,none,Function,libxl__local_dm_preexec_restrict(libxl__gc *),tools/libxl/libxl_linux.c,5,22,2,5,29,5,22,4,13,2,0,0,8,4,13,16,3,0,13,4,4,4,4,4,4,2,4,0
422,No,No,789589968ed90e82a832dbc60e958c76b787be7e,No,No,default,none,Function,"libxl__mac_parse_json(libxl__gc *,const libxl__json_object *,libxl_mac *)",tools/libxl/libxl_json.c,1,7,0,2,8,1,7,2,3,0,0,0,4,2,2,3,0,0,3,2,2,2,1,1,0,1,0,0
422,No,No,789589968ed90e82a832dbc60e958c76b787be7e,No,No,default,none,Function,"libxl__ms_vm_genid_parse_json(libxl__gc *,const libxl__json_object *,libxl_ms_vm_genid *)",tools/libxl/libxl_json.c,5,15,0,1,20,5,15,4,8,0,0,0,7,4,9,12,2,0,10,4,4,5,4,4,4,2,4,0
422,No,No,789589968ed90e82a832dbc60e958c76b787be7e,No,No,default,none,Function,"libxl__need_xenpv_qemu(libxl__gc *,libxl_domain_config *)",tools/libxl/libxl_dm.c,7,38,3,12,48,7,38,4,24,3,0,0,7,156,23,32,3,1,28,10,10,12,10,14,14,3,14,0
422,No,No,789589968ed90e82a832dbc60e958c76b787be7e,No,No,default,Static,Static Function,"libxl__numa_candidate_alloc(libxl__gc *,libxl__numa_candidate *)",tools/libxl/libxl_internal.h,0,5,0,3,5,0,5,2,1,0,0,0,3,1,1,1,0,0,1,1,1,1,1,0,0,0,0,0
422,No,No,789589968ed90e82a832dbc60e958c76b787be7e,No,No,default,Static,Static Function,libxl__numa_candidate_dispose(libxl__numa_candidate *),tools/libxl/libxl_internal.h,0,4,0,3,4,0,4,1,1,0,0,0,2,1,1,1,0,0,1,1,1,1,1,0,0,0,0,0
422,No,No,789589968ed90e82a832dbc60e958c76b787be7e,No,No,default,Static,Static Function,"libxl__numa_candidate_get_nodemap(libxl__gc *,const libxl__numa_candidate *,libxl_bitmap *)",tools/libxl/libxl_internal.h,0,7,0,5,7,0,7,4,1,0,0,0,3,1,1,1,0,0,1,1,1,1,1,0,0,0,0,0
422,No,No,789589968ed90e82a832dbc60e958c76b787be7e,No,No,default,Static,Static Function,libxl__numa_candidate_init(libxl__numa_candidate *),tools/libxl/libxl_internal.h,0,6,0,3,6,0,6,1,3,0,0,0,7,1,3,3,0,0,3,1,1,1,1,0,0,0,0,0
422,No,No,789589968ed90e82a832dbc60e958c76b787be7e,No,No,default,Static,Static Function,"libxl__numa_candidate_put_nodemap(libxl__gc *,libxl__numa_candidate *,const libxl_bitmap *)",tools/libxl/libxl_internal.h,0,7,0,4,7,0,7,4,1,0,0,0,3,1,1,1,0,0,1,1,1,1,1,0,0,0,0,0
422,No,No,789589968ed90e82a832dbc60e958c76b787be7e,No,No,default,none,Function,"libxl__object_from_json(libxl_ctx *,const char *,libxl__json_parse_callback,void *,const char *)",tools/libxl/libxl_json.c,3,26,0,4,29,3,26,6,16,0,0,0,8,4,18,20,3,0,17,4,4,4,3,2,2,1,2,0
422,No,No,789589968ed90e82a832dbc60e958c76b787be7e,No,No,default,none,Function,"libxl__object_to_json(libxl_ctx *,const char *,libxl__gen_json_callback,void *)",tools/libxl/libxl_json.c,6,32,0,3,38,6,32,7,23,0,0,0,6,13,16,21,5,0,16,6,6,6,4,4,3,1,3,0
422,No,No,789589968ed90e82a832dbc60e958c76b787be7e,No,No,default,none,Function,"libxl__openptys(libxl__openpty_state *,struct termios *,struct winsize *)",tools/libxl/libxl_aoutils.c,11,65,19,9,94,11,65,11,51,19,0,0,26,10080,60,76,9,3,64,20,20,20,4,7,3,3,3,0
422,No,No,789589968ed90e82a832dbc60e958c76b787be7e,No,No,default,none,Function,libxl__pci_numdevs(libxl__gc *),tools/libxl/libxl_linux.c,3,18,0,2,21,3,18,4,11,0,0,0,7,4,10,13,3,0,10,4,4,4,4,2,2,2,2,0
422,No,No,789589968ed90e82a832dbc60e958c76b787be7e,No,No,default,none,Function,"libxl__pci_topology_init(libxl__gc *,physdev_pci_device_t *,int)",tools/libxl/libxl_linux.c,10,37,0,3,47,10,37,7,24,0,0,0,12,10,22,27,4,0,23,6,6,6,6,6,6,2,6,0
422,No,No,789589968ed90e82a832dbc60e958c76b787be7e,No,No,default,Static,Static Function,"libxl__pre_open_qmp_socket(libxl__gc *,libxl_domid,int *)",tools/libxl/libxl_dm.c,7,37,0,3,44,7,37,7,26,0,0,0,12,33,23,29,4,0,25,7,7,8,6,5,5,1,5,0
422,No,No,789589968ed90e82a832dbc60e958c76b787be7e,No,No,default,none,Function,"libxl__prepare_sockaddr_un(libxl__gc *,struct sockaddr_un *,const char *,const char *)",tools/libxl/libxl_utils.c,0,14,0,8,14,0,14,4,8,0,0,0,8,2,7,8,0,0,8,2,2,2,1,1,0,1,0,0
422,No,No,789589968ed90e82a832dbc60e958c76b787be7e,No,No,default,Static,Static Function,"libxl__qemu_qmp_path(libxl__gc *,int)",tools/libxl/libxl_internal.h,0,4,0,4,4,0,4,1,1,0,0,0,2,1,1,1,0,0,1,1,1,1,1,0,0,0,0,0
422,No,No,789589968ed90e82a832dbc60e958c76b787be7e,No,No,default,none,Function,"libxl__qemu_traditional_cmd(libxl__gc *,uint32_t,const char *)",tools/libxl/libxl_dom.c,0,8,0,5,8,0,8,4,4,0,0,0,5,1,4,4,2,0,2,1,1,1,1,0,0,0,0,0
422,No,No,789589968ed90e82a832dbc60e958c76b787be7e,No,No,default,none,Function,"libxl__qmp_cleanup(libxl__gc *,uint32_t)",tools/libxl/libxl_qmp.c,2,16,0,3,18,2,16,2,8,0,0,0,5,9,5,9,1,0,8,5,5,5,1,0,0,2,0,0
422,No,No,789589968ed90e82a832dbc60e958c76b787be7e,No,No,default,none,Function,libxl__qmp_close(libxl__qmp_handler *),tools/libxl/libxl_qmp.c,0,7,0,5,7,0,7,1,4,0,0,0,2,2,3,4,0,0,4,2,2,2,1,1,0,1,0,0
422,No,No,789589968ed90e82a832dbc60e958c76b787be7e,No,No,default,none,Function,"libxl__qmp_colo_do_checkpoint(libxl__gc *,int)",tools/libxl/libxl_qmp.c,0,5,0,2,5,0,5,1,2,0,0,0,2,1,1,1,0,0,1,1,1,1,1,0,0,0,0,0
422,No,No,789589968ed90e82a832dbc60e958c76b787be7e,No,No,default,none,Function,"libxl__qmp_cpu_add(libxl__gc *,int,int)",tools/libxl/libxl_qmp.c,2,6,0,4,8,2,6,2,3,0,0,0,3,1,3,3,1,0,2,1,1,1,1,0,0,0,0,0
422,No,No,789589968ed90e82a832dbc60e958c76b787be7e,No,No,default,none,Function,"libxl__qmp_hmp(libxl__gc *,int,const char *,char **)",tools/libxl/libxl_qmp.c,2,8,0,5,10,2,8,3,4,0,0,0,3,1,3,3,1,0,2,1,1,1,1,0,0,0,0,0
422,No,No,789589968ed90e82a832dbc60e958c76b787be7e,No,No,default,none,Function,"libxl__qmp_initializations(libxl__gc *,uint32_t,const libxl_domain_config *)",tools/libxl/libxl_qmp.c,1,20,0,5,21,1,20,5,14,0,0,0,8,5,11,14,3,0,11,4,4,6,1,1,0,1,0,0
422,No,No,789589968ed90e82a832dbc60e958c76b787be7e,No,No,default,none,Function,"libxl__qmp_initialize(libxl__gc *,uint32_t)",tools/libxl/libxl_qmp.c,5,26,1,7,32,5,26,4,18,1,0,0,10,8,15,20,3,0,17,6,6,6,6,5,5,2,5,0
422,No,No,789589968ed90e82a832dbc60e958c76b787be7e,No,No,default,none,Function,"libxl__qmp_insert_cdrom(libxl__gc *,int,const libxl_device_disk *)",tools/libxl/libxl_qmp.c,2,15,0,6,17,2,15,4,10,0,0,0,6,2,7,8,2,0,6,2,2,2,1,1,0,1,0,0
422,No,No,789589968ed90e82a832dbc60e958c76b787be7e,No,No,default,none,Function,"libxl__qmp_nbd_server_add(libxl__gc *,int,const char *)",tools/libxl/libxl_qmp.c,2,7,0,3,9,2,7,2,4,0,0,0,4,1,4,4,1,0,3,1,1,1,1,0,0,0,0,0
422,No,No,789589968ed90e82a832dbc60e958c76b787be7e,No,No,default,none,Function,"libxl__qmp_nbd_server_start(libxl__gc *,int,const char *,const char *)",tools/libxl/libxl_qmp.c,4,13,8,4,25,4,13,5,9,8,0,0,4,1,9,9,3,0,6,1,1,1,1,0,0,0,0,0
422,No,No,789589968ed90e82a832dbc60e958c76b787be7e,No,No,default,none,Function,"libxl__qmp_nbd_server_stop(libxl__gc *,int)",tools/libxl/libxl_qmp.c,0,4,0,2,4,0,4,1,1,0,0,0,2,1,1,1,0,0,1,1,1,1,1,0,0,0,0,0
422,No,No,789589968ed90e82a832dbc60e958c76b787be7e,No,No,default,none,Function,"libxl__qmp_pci_add(libxl__gc *,int,libxl_device_pci *)",tools/libxl/libxl_qmp.c,5,32,10,6,47,5,32,5,27,10,0,0,7,10,17,22,4,0,18,6,6,6,3,2,2,1,2,0
422,No,No,789589968ed90e82a832dbc60e958c76b787be7e,No,No,default,none,Function,"libxl__qmp_pci_del(libxl__gc *,int,libxl_device_pci *)",tools/libxl/libxl_qmp.c,2,6,0,3,8,2,6,2,3,0,0,0,3,1,3,3,1,0,2,1,1,1,1,0,0,0,0,0
422,No,No,789589968ed90e82a832dbc60e958c76b787be7e,No,No,default,none,Function,"libxl__qmp_query_cpus(libxl__gc *,int,libxl_bitmap *)",tools/libxl/libxl_qmp.c,0,5,0,5,5,0,5,1,2,0,0,0,2,1,1,1,0,0,1,1,1,1,1,0,0,0,0,0
422,No,No,789589968ed90e82a832dbc60e958c76b787be7e,No,No,default,none,Function,libxl__qmp_query_serial(libxl__qmp_handler *),tools/libxl/libxl_qmp.c,0,6,0,3,6,0,6,1,3,0,0,0,2,1,1,1,0,0,1,1,1,1,1,0,0,0,0,0
422,No,No,789589968ed90e82a832dbc60e958c76b787be7e,No,No,default,none,Function,"libxl__qmp_query_xen_replication_status(libxl__gc *,int)",tools/libxl/libxl_qmp.c,0,5,0,2,5,0,5,1,2,0,0,0,2,1,1,1,0,0,1,1,1,1,1,0,0,0,0,0
422,No,No,789589968ed90e82a832dbc60e958c76b787be7e,No,No,default,none,Function,"libxl__qmp_restore(libxl__gc *,int,const char *)",tools/libxl/libxl_qmp.c,2,7,0,3,9,2,7,2,4,0,0,0,3,1,3,3,1,0,2,1,1,1,1,0,0,0,0,0
422,No,No,789589968ed90e82a832dbc60e958c76b787be7e,No,No,default,none,Function,"libxl__qmp_resume(libxl__gc *,int)",tools/libxl/libxl_qmp.c,0,4,0,3,4,0,4,1,1,0,0,0,2,1,1,1,0,0,1,1,1,1,1,0,0,0,0,0
422,No,No,789589968ed90e82a832dbc60e958c76b787be7e,No,No,default,none,Function,"libxl__qmp_run_command_flexarray(libxl__gc *,int,const char *,flexarray_t *)",tools/libxl/libxl_qmp.c,2,13,0,5,15,2,13,5,6,0,0,0,4,2,9,10,3,0,7,2,2,2,1,0,0,1,0,0
422,No,No,789589968ed90e82a832dbc60e958c76b787be7e,No,No,default,none,Function,"libxl__qmp_set_global_dirty_log(libxl__gc *,int,bool)",tools/libxl/libxl_qmp.c,2,7,0,3,9,2,7,2,4,0,0,0,3,1,3,3,1,0,2,1,1,1,1,0,0,0,0,0
422,No,No,789589968ed90e82a832dbc60e958c76b787be7e,No,No,default,none,Function,"libxl__qmp_start_replication(libxl__gc *,int,bool)",tools/libxl/libxl_qmp.c,2,7,0,3,9,2,7,2,4,0,0,0,3,1,4,4,1,0,3,1,1,1,1,0,0,0,0,0
422,No,No,789589968ed90e82a832dbc60e958c76b787be7e,No,No,default,none,Function,"libxl__qmp_stop_replication(libxl__gc *,int,bool)",tools/libxl/libxl_qmp.c,2,7,0,3,9,2,7,2,4,0,0,0,3,1,4,4,1,0,3,1,1,1,1,0,0,0,0,0
422,No,No,789589968ed90e82a832dbc60e958c76b787be7e,No,No,default,none,Function,"libxl__qmp_suspend_save(libxl__egc *,libxl__domain_suspend_state *)",tools/libxl/libxl_qmp.c,4,17,0,7,21,4,17,5,11,0,0,0,6,2,11,12,3,0,9,2,2,2,1,2,0,1,0,0
422,No,No,789589968ed90e82a832dbc60e958c76b787be7e,No,No,default,none,Function,"libxl__qmp_system_wakeup(libxl__gc *,int)",tools/libxl/libxl_qmp.c,0,4,0,3,4,0,4,1,1,0,0,0,2,1,1,1,0,0,1,1,1,1,1,0,0,0,0,0
422,No,No,789589968ed90e82a832dbc60e958c76b787be7e,No,No,default,none,Function,"libxl__qmp_x_blockdev_change(libxl__gc *,int,const char *,const char *,const char *)",tools/libxl/libxl_qmp.c,2,11,0,5,13,2,11,3,7,0,0,0,3,4,5,7,1,0,6,3,3,3,1,0,0,1,0,0
422,No,No,789589968ed90e82a832dbc60e958c76b787be7e,No,No,default,none,Function,"libxl__query_qemu_backend(libxl__gc *,uint32_t,uint32_t,const char *,bool)",tools/libxl/libxl_dm.c,3,16,0,5,19,3,16,5,9,0,0,0,3,2,9,10,3,0,7,2,2,2,1,1,0,1,0,0
422,No,No,789589968ed90e82a832dbc60e958c76b787be7e,No,No,default,none,Function,"libxl__random_bytes(libxl__gc *,uint8_t *,size_t)",tools/libxl/libxl_utils.c,4,19,0,3,23,4,19,4,12,0,0,0,8,3,12,14,3,0,11,3,3,3,3,2,2,1,2,0
422,No,No,789589968ed90e82a832dbc60e958c76b787be7e,No,No,default,none,Function,"libxl__rdm_setdefault(libxl__gc *,libxl_domain_build_info *)",tools/libxl/libxl_create.c,1,8,0,7,9,1,8,1,5,0,0,0,6,4,2,4,0,0,4,3,3,3,1,0,0,1,0,0
422,No,No,789589968ed90e82a832dbc60e958c76b787be7e,No,No,default,none,Function,"libxl__read_sysfs_file_contents(libxl__gc *,const char *,void **,int *)",tools/libxl/libxl_utils.c,12,56,4,6,72,12,56,8,40,4,0,0,17,513,37,50,6,1,43,15,15,16,10,17,16,3,16,0
422,No,No,789589968ed90e82a832dbc60e958c76b787be7e,No,No,default,none,Function,"libxl__recvmsg_fds(libxl__gc *,int,void *,size_t,int,int [],const char *)",tools/libxl/libxl_utils.c,3,63,0,12,66,3,63,11,45,0,0,0,17,11,36,45,8,3,34,10,10,12,9,9,9,3,9,0
422,No,No,789589968ed90e82a832dbc60e958c76b787be7e,No,No,default,none,Function,"libxl__remove_directory(libxl__gc *,const char *)",tools/libxl/libxl_utils.c,9,42,0,4,51,9,42,6,33,0,0,0,11,918,29,41,5,6,30,13,13,15,11,17,17,2,17,0
422,No,No,789589968ed90e82a832dbc60e958c76b787be7e,No,No,default,none,Function,"libxl__remove_file(libxl__gc *,const char *)",tools/libxl/libxl_utils.c,0,11,0,9,11,0,11,2,7,0,0,0,5,5,8,12,1,3,8,5,5,5,5,5,5,2,5,0
422,No,No,789589968ed90e82a832dbc60e958c76b787be7e,No,No,default,none,Function,"libxl__remove_file_or_directory(libxl__gc *,const char *)",tools/libxl/libxl_utils.c,0,13,0,3,13,0,13,2,9,0,0,0,7,7,10,16,1,3,12,7,7,7,7,9,9,2,9,0
422,No,No,789589968ed90e82a832dbc60e958c76b787be7e,No,No,default,none,Function,"libxl__resolve_domid(libxl__gc *,const char *,uint32_t *)",tools/libxl/libxl_domain.c,0,6,0,3,6,0,6,1,3,0,0,0,3,2,2,3,0,0,3,2,2,2,1,1,0,1,0,0
422,No,No,789589968ed90e82a832dbc60e958c76b787be7e,No,No,default,Static,Static Function,libxl__save_helper_inuse(const libxl__save_helper_state *),tools/libxl/libxl_internal.h,0,4,0,2,4,0,4,1,1,0,0,0,2,1,1,1,0,0,1,1,1,1,1,0,0,0,0,0
422,No,No,789589968ed90e82a832dbc60e958c76b787be7e,No,No,default,none,Function,"libxl__sendmsg_fds(libxl__gc *,int,const char,int,const int [],const char *)",tools/libxl/libxl_utils.c,6,42,2,9,50,6,42,10,30,2,0,0,19,7,29,34,7,1,26,6,6,6,6,9,9,3,9,0
422,No,No,789589968ed90e82a832dbc60e958c76b787be7e,No,No,default,Static,Static Function,"libxl__set_qemu_env_for_xsa_180(libxl__gc *,flexarray_t *)",tools/libxl/libxl_dm.c,0,6,0,4,6,0,6,2,2,0,0,0,2,2,2,3,0,0,3,2,2,2,1,1,0,1,0,0
422,No,No,789589968ed90e82a832dbc60e958c76b787be7e,No,No,default,Static,Static Function,"libxl__set_vcpuonline_qmp(libxl__gc *,uint32_t,libxl_bitmap *,const libxl_dominfo *)",tools/libxl/libxl_domain.c,6,31,0,7,37,6,31,5,20,0,0,0,12,24,22,28,2,0,26,7,7,7,5,5,5,3,5,0
422,No,No,789589968ed90e82a832dbc60e958c76b787be7e,No,No,default,Static,Static Function,"libxl__set_vcpuonline_xenstore(libxl__gc *,uint32_t,libxl_bitmap *,const libxl_dominfo *)",tools/libxl/libxl_domain.c,2,23,0,7,25,2,23,6,14,0,0,0,9,12,11,15,3,0,12,6,6,6,4,4,4,2,4,0
422,No,No,789589968ed90e82a832dbc60e958c76b787be7e,No,No,default,none,Function,libxl__spawn_init(libxl__spawn_state *),tools/libxl/libxl_exec.c,0,5,0,4,5,0,5,1,2,0,0,0,2,1,2,2,0,0,2,1,1,1,1,0,0,0,0,0
422,No,No,789589968ed90e82a832dbc60e958c76b787be7e,No,No,default,none,Function,"libxl__spawn_initiate_detach(libxl__gc *,libxl__spawn_state *)",tools/libxl/libxl_exec.c,0,5,0,4,5,0,5,1,2,0,0,0,3,1,2,2,0,0,2,1,1,1,1,0,0,0,0,0
422,No,No,789589968ed90e82a832dbc60e958c76b787be7e,No,No,default,none,Function,"libxl__spawn_initiate_failure(libxl__egc *,libxl__spawn_state *,int)",tools/libxl/libxl_exec.c,0,5,2,4,7,0,5,2,1,2,0,0,1,1,1,1,0,0,1,1,1,1,1,0,0,0,0,0
422,No,No,789589968ed90e82a832dbc60e958c76b787be7e,No,No,default,Static,Static Function,libxl__spawn_inuse(const libxl__spawn_state *),tools/libxl/libxl_internal.h,0,2,0,2,2,0,2,1,1,0,0,0,2,1,1,1,0,0,1,1,1,1,1,0,0,0,0,0
422,No,No,789589968ed90e82a832dbc60e958c76b787be7e,No,No,default,none,Function,"libxl__spawn_local_dm(libxl__egc *,libxl__dm_spawn_state *)",tools/libxl/libxl_dm.c,21,144,18,24,182,21,144,20,117,18,0,0,50,35389440,89,118,20,0,98,30,30,34,16,14,14,4,14,0
422,No,No,789589968ed90e82a832dbc60e958c76b787be7e,No,No,default,none,Function,"libxl__spawn_qdisk_backend(libxl__egc *,libxl__dm_spawn_state *)",tools/libxl/libxl_dm.c,9,62,12,6,82,9,62,7,52,12,0,0,31,128,50,57,7,0,50,8,8,8,4,3,3,1,3,0
422,No,No,789589968ed90e82a832dbc60e958c76b787be7e,No,No,default,none,Function,"libxl__spawn_record_pid(libxl__gc *,libxl__spawn_state *,pid_t)",tools/libxl/libxl_exec.c,4,15,0,5,19,4,15,2,9,0,0,0,6,4,9,11,1,0,10,4,4,4,3,2,2,1,2,0
422,No,No,789589968ed90e82a832dbc60e958c76b787be7e,No,No,default,none,Function,"libxl__spawn_spawn(libxl__egc *,libxl__spawn_state *)",tools/libxl/libxl_exec.c,11,55,3,11,68,11,55,12,43,3,0,0,30,124,40,50,9,5,36,17,17,19,7,11,10,3,9,0
422,No,No,789589968ed90e82a832dbc60e958c76b787be7e,No,No,default,none,Function,"libxl__spawn_stub_dm(libxl__egc *,libxl__stub_dm_spawn_state *)",tools/libxl/libxl_dm.c,24,124,5,36,153,24,124,15,109,5,0,0,76,768,89,100,15,1,84,13,13,15,10,17,16,2,16,0
422,No,No,789589968ed90e82a832dbc60e958c76b787be7e,No,No,default,none,Function,"libxl__srm_callout_callback_restore_results(xen_pfn_t,xen_pfn_t,void *)",tools/libxl/libxl_create.c,1,11,0,6,12,1,11,6,7,0,0,0,4,1,8,8,5,0,3,1,1,1,1,0,0,0,0,0
422,No,No,789589968ed90e82a832dbc60e958c76b787be7e,No,No,default,Static,Static Function,libxl__stream_read_inuse(const libxl__stream_read_state *),tools/libxl/libxl_internal.h,0,5,0,2,5,0,5,2,1,0,0,0,1,1,1,1,0,0,1,1,1,1,1,0,0,0,0,0
422,No,No,789589968ed90e82a832dbc60e958c76b787be7e,No,No,default,Static,Static Function,libxl__stream_write_inuse(const libxl__stream_write_state *),tools/libxl/libxl_internal.h,0,5,0,2,5,0,5,2,1,0,0,0,1,1,1,1,0,0,1,1,1,1,1,0,0,0,0,0
422,No,No,789589968ed90e82a832dbc60e958c76b787be7e,No,No,default,none,Function,"libxl__string_gen_json(yajl_gen,const char *)",tools/libxl/libxl_json.c,0,8,0,2,8,0,8,2,4,0,0,0,3,2,2,3,0,0,3,2,2,2,1,1,0,1,0,0
422,No,No,789589968ed90e82a832dbc60e958c76b787be7e,No,No,default,Static,Static Function,libxl__string_is_default(char **),tools/libxl/libxl_internal.h,0,4,0,1,4,0,4,1,1,0,0,0,1,1,1,1,0,0,1,1,1,1,1,0,0,0,0,0
422,No,No,789589968ed90e82a832dbc60e958c76b787be7e,No,No,default,Static,Static Function,libxl__string_list_is_empty(libxl_string_list *),tools/libxl/libxl_internal.h,0,4,0,1,4,0,4,1,1,0,0,0,2,1,1,1,0,0,1,1,1,1,1,0,0,0,0,0
422,No,No,789589968ed90e82a832dbc60e958c76b787be7e,No,No,default,none,Function,"libxl__string_list_parse_json(libxl__gc *,const libxl__json_object *,libxl_string_list *)",tools/libxl/libxl_json.c,7,23,1,4,31,7,23,6,14,1,0,0,10,5,15,19,4,0,15,5,5,5,5,5,5,2,5,0
422,No,No,789589968ed90e82a832dbc60e958c76b787be7e,No,No,default,none,Function,"libxl__string_parse_json(libxl__gc *,const libxl__json_object *,char **)",tools/libxl/libxl_json.c,2,11,0,3,13,2,11,2,7,0,0,0,7,3,4,6,0,0,6,3,3,4,1,2,0,1,0,0
422,No,No,789589968ed90e82a832dbc60e958c76b787be7e,No,No,default,none,Function,"libxl__stub_dm_name(libxl__gc *,const char *)",tools/libxl/libxl_dm.c,0,4,0,4,4,0,4,1,1,0,0,0,2,1,1,1,0,0,1,1,1,1,1,0,0,0,0,0
422,No,No,789589968ed90e82a832dbc60e958c76b787be7e,No,No,default,Static,Static Function,libxl__timer_mode_is_default(libxl_timer_mode *),tools/libxl/libxl_internal.h,0,4,0,2,4,0,4,1,1,0,0,0,1,1,1,1,0,0,1,1,1,1,1,0,0,0,0,0
422,No,No,789589968ed90e82a832dbc60e958c76b787be7e,No,No,default,none,Function,libxl__try_phy_backend(mode_t),tools/libxl/libxl_linux.c,1,7,0,1,8,1,7,1,3,0,0,0,3,2,2,3,0,0,3,2,2,3,1,1,0,1,0,0
422,No,No,789589968ed90e82a832dbc60e958c76b787be7e,No,No,default,none,Function,"libxl__uint16_parse_json(libxl__gc *,const libxl__json_object *,void *)",tools/libxl/libxl_json.c,0,1,0,1,1,0,1,1,1,0,0,0,4,3,6,8,1,0,7,3,3,4,3,2,2,1,2,0
422,No,No,789589968ed90e82a832dbc60e958c76b787be7e,No,No,default,none,Function,"libxl__uint32_parse_json(libxl__gc *,const libxl__json_object *,void *)",tools/libxl/libxl_json.c,0,1,0,1,1,0,1,1,1,0,0,0,4,3,6,8,1,0,7,3,3,4,3,2,2,1,2,0
422,No,No,789589968ed90e82a832dbc60e958c76b787be7e,No,No,default,none,Function,"libxl__uint64_gen_json(yajl_gen,uint64_t)",tools/libxl/libxl_json.c,5,15,0,2,20,5,15,4,7,0,0,0,4,2,9,10,3,0,7,2,2,2,1,1,0,1,0,0
422,No,No,789589968ed90e82a832dbc60e958c76b787be7e,No,No,default,none,Function,"libxl__uint64_parse_json(libxl__gc *,const libxl__json_object *,void *)",tools/libxl/libxl_json.c,8,25,0,1,33,8,25,6,18,0,0,0,8,5,14,18,4,0,14,5,5,7,5,6,6,2,6,0
422,No,No,789589968ed90e82a832dbc60e958c76b787be7e,No,No,default,none,Function,"libxl__uint8_parse_json(libxl__gc *,const libxl__json_object *,void *)",tools/libxl/libxl_json.c,0,1,0,1,1,0,1,1,1,0,0,0,4,3,6,8,1,0,7,3,3,4,3,2,2,1,2,0
422,No,No,789589968ed90e82a832dbc60e958c76b787be7e,No,No,default,Static,Static Function,"libxl__update_avail_vcpus_qmp(libxl__gc *,uint32_t,unsigned int,libxl_bitmap *)",tools/libxl/libxl_domain.c,2,14,0,4,16,2,14,4,6,0,0,0,4,2,6,7,1,0,6,2,2,2,1,1,0,1,0,0
422,No,No,789589968ed90e82a832dbc60e958c76b787be7e,No,No,default,Static,Static Function,"libxl__update_avail_vcpus_xenstore(libxl__gc *,uint32_t,unsigned int,libxl_bitmap *)",tools/libxl/libxl_domain.c,3,24,0,5,27,3,24,8,12,0,0,0,6,10,15,19,5,0,14,5,5,6,4,4,4,2,4,0
422,No,No,789589968ed90e82a832dbc60e958c76b787be7e,No,No,default,none,Function,"libxl__userdata_destroyall(libxl__gc *,uint32_t)",tools/libxl/libxl_dom.c,3,24,3,5,30,3,24,4,16,3,0,0,11,24,16,21,3,0,18,6,6,6,3,2,2,2,2,0
422,No,No,789589968ed90e82a832dbc60e958c76b787be7e,No,No,default,none,Function,"libxl__userdata_path(libxl__gc *,uint32_t,const char *,const char *)",tools/libxl/libxl_dom.c,3,22,0,8,25,3,22,7,12,0,0,0,8,2,13,14,4,0,10,2,2,2,1,1,0,1,0,0
422,No,No,789589968ed90e82a832dbc60e958c76b787be7e,No,No,default,none,Function,"libxl__userdata_retrieve(libxl__gc *,uint32_t,const char *,uint8_t **,int *)",tools/libxl/libxl_dom.c,4,30,0,6,34,4,30,7,19,0,0,0,10,64,20,27,4,1,22,10,10,12,4,4,3,3,3,0
422,No,No,789589968ed90e82a832dbc60e958c76b787be7e,No,No,default,none,Function,"libxl__userdata_store(libxl__gc *,uint32_t,const char *,const uint8_t *,int)",tools/libxl/libxl_dom.c,11,47,0,6,58,11,47,7,32,0,0,0,10,512,26,35,4,0,31,10,10,10,8,7,7,1,7,0
422,No,No,789589968ed90e82a832dbc60e958c76b787be7e,No,No,default,none,Function,"libxl__uuid2string(libxl__gc *,const libxl_uuid)",tools/libxl/libxl_dom.c,0,4,0,5,4,0,4,1,1,0,0,0,2,1,1,1,0,0,1,1,1,1,1,0,0,0,0,0
422,No,No,789589968ed90e82a832dbc60e958c76b787be7e,No,No,default,none,Function,"libxl__uuid_parse_json(libxl__gc *,const libxl__json_object *,libxl_uuid *)",tools/libxl/libxl_json.c,1,7,0,5,8,1,7,2,3,0,0,0,3,2,2,3,0,0,3,2,2,2,1,1,0,1,0,0
422,No,No,789589968ed90e82a832dbc60e958c76b787be7e,No,No,default,Static,Static Function,"libxl__vfb_and_vkb_from_hvm_guest_config(libxl__gc *,const libxl_domain_config *,libxl_device_vfb *,libxl_device_vkb *)",tools/libxl/libxl_dm.c,5,19,0,11,24,5,19,5,13,0,0,0,10,2,12,13,1,0,12,2,2,2,1,1,0,1,0,0
422,No,No,789589968ed90e82a832dbc60e958c76b787be7e,No,No,default,Static,Static Function,"libxl__write_stub_dmargs(libxl__gc *,int,int,char **)",tools/libxl/libxl_dm.c,4,44,0,6,48,4,44,10,29,0,0,0,16,18,30,35,7,0,28,6,6,8,3,2,2,2,2,0
422,No,No,789589968ed90e82a832dbc60e958c76b787be7e,No,No,default,Static,Static Function,"libxl__xc_device_get_rdm(libxl__gc *,uint32_t,uint16_t,uint8_t,uint8_t,unsigned int *,struct xen_reserved_device_memory **)",tools/libxl/libxl_dm.c,4,32,4,9,40,4,32,9,19,4,0,0,10,32,16,21,1,1,19,7,7,7,3,3,2,1,2,0
422,No,No,789589968ed90e82a832dbc60e958c76b787be7e,No,No,default,none,Function,"libxl__xcinfo2xlinfo(libxl_ctx *,const xc_domaininfo_t *,libxl_dominfo *)",tools/libxl/libxl_domain.c,4,33,0,22,37,4,33,4,27,0,0,0,23,4,23,25,1,0,24,4,4,4,1,1,0,1,0,0
422,No,No,789589968ed90e82a832dbc60e958c76b787be7e,No,No,default,none,Function,"libxl__xenstore_child_wait_deprecated(libxl__gc *,uint32_t,uint32_t,char *,char *,char *,libxl__spawn_starting *,int (*) (),void *)",tools/libxl/libxl_exec.c,7,66,0,10,73,7,66,19,40,0,0,0,20,52,39,49,9,1,39,12,12,15,10,16,16,4,15,0
422,No,No,789589968ed90e82a832dbc60e958c76b787be7e,No,No,default,none,Function,libxl__xswait_init(libxl__xswait_state *),tools/libxl/libxl_aoutils.c,0,5,0,7,5,0,5,1,2,0,0,0,2,1,2,2,0,0,2,1,1,1,1,0,0,0,0,0
422,No,No,789589968ed90e82a832dbc60e958c76b787be7e,No,No,default,none,Function,libxl__xswait_inuse(const libxl__xswait_state *),tools/libxl/libxl_aoutils.c,0,7,0,4,7,0,7,3,4,0,0,0,5,2,6,7,2,1,4,3,3,3,1,1,0,1,0,0
422,No,No,789589968ed90e82a832dbc60e958c76b787be7e,No,No,default,none,Function,"libxl__xswait_start(libxl__gc *,libxl__xswait_state *)",tools/libxl/libxl_aoutils.c,4,14,0,10,18,4,14,2,9,0,0,0,4,4,8,10,1,0,9,3,3,3,3,4,4,1,4,0
422,No,No,789589968ed90e82a832dbc60e958c76b787be7e,No,No,default,none,Function,"libxl__xswait_stop(libxl__gc *,libxl__xswait_state *)",tools/libxl/libxl_aoutils.c,0,5,0,11,5,0,5,1,2,0,0,0,2,1,2,2,0,0,2,1,1,1,1,0,0,0,0,0
422,No,No,789589968ed90e82a832dbc60e958c76b787be7e,No,No,default,none,Function,"libxl__yajl_gen_asciiz(yajl_gen,const char *)",tools/libxl/libxl_json.c,0,4,0,9,4,0,4,1,1,0,0,0,3,1,1,1,0,0,1,1,1,1,1,0,0,0,0,0
422,No,No,789589968ed90e82a832dbc60e958c76b787be7e,No,No,default,none,Function,"libxl__yajl_gen_enum(yajl_gen,const char *)",tools/libxl/libxl_json.c,0,7,0,2,7,0,7,1,4,0,0,0,3,2,2,3,0,0,3,2,2,2,1,1,0,1,0,0
422,No,No,789589968ed90e82a832dbc60e958c76b787be7e,No,No,default,none,Function,libxl_basename(const char *),tools/libxl/libxl_utils.c,1,12,0,1,13,1,12,2,8,0,0,0,3,4,6,9,1,0,8,4,4,4,4,3,3,1,3,0
422,No,No,789589968ed90e82a832dbc60e958c76b787be7e,No,No,default,none,Function,"libxl_bitmap_alloc(libxl_ctx *,libxl_bitmap *,int)",tools/libxl/libxl_utils.c,2,10,0,14,12,2,10,3,6,0,0,0,10,1,11,11,2,0,9,2,2,2,1,0,0,1,0,0
422,No,No,789589968ed90e82a832dbc60e958c76b787be7e,No,No,default,none,Function,"libxl_bitmap_and(libxl_ctx *,libxl_bitmap *,const libxl_bitmap *,const libxl_bitmap *)",tools/libxl/libxl_utils.c,4,24,4,7,32,4,24,7,14,4,0,0,8,8,20,23,5,0,18,5,5,5,1,2,0,1,0,0
422,No,No,789589968ed90e82a832dbc60e958c76b787be7e,No,No,default,none,Function,"libxl_bitmap_copy(libxl_ctx *,libxl_bitmap *,const libxl_bitmap *)",tools/libxl/libxl_utils.c,1,8,0,7,9,1,8,3,3,0,0,0,5,2,6,7,1,1,5,3,3,3,1,1,0,1,0,0
422,No,No,789589968ed90e82a832dbc60e958c76b787be7e,No,No,default,none,Function,"libxl_bitmap_copy_alloc(libxl_ctx *,libxl_bitmap *,const libxl_bitmap *)",tools/libxl/libxl_utils.c,2,10,0,7,12,2,10,4,5,0,0,0,10,1,9,9,1,0,8,2,2,2,1,0,0,1,0,0
422,No,No,789589968ed90e82a832dbc60e958c76b787be7e,No,No,default,none,Function,libxl_bitmap_count_set(const libxl_bitmap *),tools/libxl/libxl_utils.c,1,7,0,5,8,1,7,2,4,0,0,0,2,3,5,7,1,0,6,3,3,3,1,0,0,2,0,0
422,No,No,789589968ed90e82a832dbc60e958c76b787be7e,No,No,default,none,Function,libxl_bitmap_dispose(libxl_bitmap *),tools/libxl/libxl_utils.c,1,8,0,12,9,1,8,1,5,0,0,0,4,2,4,5,0,0,5,2,2,2,1,1,0,1,0,0
422,No,No,789589968ed90e82a832dbc60e958c76b787be7e,No,No,default,none,Function,"libxl_bitmap_gen_json(yajl_gen,libxl_bitmap *)",tools/libxl/libxl_json.c,2,17,0,3,19,2,17,4,8,0,0,0,5,8,10,14,2,0,12,5,5,5,5,5,5,3,5,0
422,No,No,789589968ed90e82a832dbc60e958c76b787be7e,No,No,default,none,Function,libxl_bitmap_init(libxl_bitmap *),tools/libxl/libxl_utils.c,0,4,0,11,4,0,4,1,1,0,0,0,1,1,1,1,0,0,1,1,1,1,1,0,0,0,0,0
422,No,No,789589968ed90e82a832dbc60e958c76b787be7e,No,No,default,none,Function,libxl_bitmap_is_empty(const libxl_bitmap *),tools/libxl/libxl_utils.c,1,8,0,5,9,1,8,2,4,0,0,0,1,3,5,7,1,0,6,3,3,3,3,3,3,2,3,0
422,No,No,789589968ed90e82a832dbc60e958c76b787be7e,No,No,default,none,Function,libxl_bitmap_is_full(const libxl_bitmap *),tools/libxl/libxl_utils.c,1,8,0,3,9,1,8,2,4,0,0,0,1,3,5,7,1,0,6,3,3,3,3,3,3,2,3,0
422,No,No,789589968ed90e82a832dbc60e958c76b787be7e,No,No,default,none,Function,"libxl_bitmap_or(libxl_ctx *,libxl_bitmap *,const libxl_bitmap *,const libxl_bitmap *)",tools/libxl/libxl_utils.c,5,26,5,6,36,5,26,7,16,5,0,0,8,16,23,27,5,0,22,6,6,6,1,2,0,1,0,0
422,No,No,789589968ed90e82a832dbc60e958c76b787be7e,No,No,default,none,Function,"libxl_bitmap_reset(libxl_bitmap *,int)",tools/libxl/libxl_utils.c,0,6,0,6,6,0,6,1,3,0,0,0,1,2,2,3,0,0,3,2,2,2,1,1,0,1,0,0
422,No,No,789589968ed90e82a832dbc60e958c76b787be7e,No,No,default,none,Function,"libxl_bitmap_set(libxl_bitmap *,int)",tools/libxl/libxl_utils.c,0,6,0,12,6,0,6,1,3,0,0,0,1,2,2,3,0,0,3,2,2,2,1,1,0,1,0,0
422,No,No,789589968ed90e82a832dbc60e958c76b787be7e,No,No,default,none,Function,"libxl_bitmap_test(const libxl_bitmap *,int)",tools/libxl/libxl_utils.c,0,6,0,16,6,0,6,1,3,0,0,0,1,2,2,3,0,0,3,3,3,3,1,1,0,1,0,0
422,No,No,789589968ed90e82a832dbc60e958c76b787be7e,No,No,default,none,Function,"libxl_bitmap_to_hex_string(libxl_ctx *,const libxl_bitmap *)",tools/libxl/libxl_utils.c,0,16,0,6,16,0,16,5,12,0,0,0,9,2,15,16,4,0,12,3,3,3,1,0,0,1,0,0
422,No,No,789589968ed90e82a832dbc60e958c76b787be7e,No,No,default,none,Function,"libxl_cpu_bitmap_alloc(libxl_ctx *,libxl_bitmap *,int)",tools/libxl/libxl_utils.c,2,21,1,8,24,2,21,3,15,1,0,0,9,8,16,19,2,0,17,5,5,5,3,2,2,1,2,0
422,No,No,789589968ed90e82a832dbc60e958c76b787be7e,No,No,default,none,Function,"libxl_cpumap_to_nodemap(libxl_ctx *,const libxl_bitmap *,libxl_bitmap *)",tools/libxl/libxl_utils.c,2,21,0,6,23,2,21,5,13,0,0,0,6,8,12,16,2,0,14,5,5,5,5,4,4,3,4,0
422,No,No,789589968ed90e82a832dbc60e958c76b787be7e,No,No,default,none,Function,"libxl_cpupool_qualifier_to_cpupoolid(libxl_ctx *,const char *,uint32_t *,int *)",tools/libxl/libxl_utils.c,1,9,0,5,10,1,9,4,3,0,0,0,4,2,4,5,1,0,4,3,3,3,1,0,0,1,0,0
422,No,No,789589968ed90e82a832dbc60e958c76b787be7e,No,No,default,none,Function,"libxl_cpupoolid_is_valid(libxl_ctx *,uint32_t)",tools/libxl/libxl_utils.c,1,8,0,3,9,1,8,3,4,0,0,0,3,1,5,5,2,0,3,1,1,1,1,0,0,0,0,0
422,No,No,789589968ed90e82a832dbc60e958c76b787be7e,No,No,default,none,Function,"libxl_cpupoolid_to_name(libxl_ctx *,uint32_t)",tools/libxl/libxl_utils.c,1,11,0,6,12,1,11,4,5,0,0,0,5,2,7,8,3,0,5,2,2,3,1,1,0,1,0,0
422,No,No,789589968ed90e82a832dbc60e958c76b787be7e,No,No,default,none,Function,"libxl_cpupoolinfo_list_free(libxl_cpupoolinfo *,int)",tools/libxl/libxl_utils.c,0,7,0,3,7,0,7,2,3,0,0,0,2,2,5,6,1,0,5,2,2,2,1,0,0,1,0,0
422,No,No,789589968ed90e82a832dbc60e958c76b787be7e,No,No,default,none,Function,"libxl_cputopology_list_free(libxl_cputopology *,int)",tools/libxl/libxl_utils.c,0,7,0,5,7,0,7,2,3,0,0,0,2,2,5,6,1,0,5,2,2,2,1,0,0,1,0,0
422,No,No,789589968ed90e82a832dbc60e958c76b787be7e,No,No,default,none,Function,"libxl_create_logfile(libxl_ctx *,const char *,char **)",tools/libxl/libxl_utils.c,2,34,1,4,37,2,34,5,25,1,0,0,14,8,26,31,4,0,27,7,7,7,5,7,7,3,7,0
422,No,No,789589968ed90e82a832dbc60e958c76b787be7e,No,No,default,none,Function,"libxl_defbool_gen_json(yajl_gen,libxl_defbool *)",tools/libxl/libxl_json.c,0,5,0,2,5,0,5,2,1,0,0,0,3,1,1,1,0,0,1,1,1,1,1,0,0,0,0,0
422,No,No,789589968ed90e82a832dbc60e958c76b787be7e,No,No,default,none,Function,"libxl_domain_core_dump(libxl_ctx *,uint32_t,const char *,const libxl_asyncop_how *)",tools/libxl/libxl_domain.c,4,17,0,9,21,4,17,6,9,0,0,0,16,3,30,32,6,1,25,5,5,5,1,2,0,2,0,0
422,No,No,789589968ed90e82a832dbc60e958c76b787be7e,No,No,default,none,Function,"libxl_domain_create_new(libxl_ctx *,libxl_domain_config *,uint32_t *,const libxl_asyncop_how *,const libxl_asyncprogress_how *)",tools/libxl/libxl_create.c,0,9,0,5,9,0,9,4,3,0,0,0,3,1,2,2,0,0,2,1,1,1,1,0,0,0,0,0
422,No,No,789589968ed90e82a832dbc60e958c76b787be7e,No,No,default,none,Function,"libxl_domain_create_restore(libxl_ctx *,libxl_domain_config *,uint32_t *,int,int,const libxl_domain_restore_params *,const libxl_asyncop_how *,const libxl_asyncprogress_how *)",tools/libxl/libxl_create.c,1,15,0,9,16,1,15,6,6,0,0,0,4,2,3,4,0,0,4,2,2,2,1,1,0,1,0,0
422,No,No,789589968ed90e82a832dbc60e958c76b787be7e,No,No,default,none,Function,"libxl_domain_destroy(libxl_ctx *,uint32_t,const libxl_asyncop_how *)",tools/libxl/libxl_domain.c,2,12,0,7,14,2,12,5,7,0,0,0,17,2,29,30,6,1,23,4,4,4,1,1,0,2,0,0
422,No,No,789589968ed90e82a832dbc60e958c76b787be7e,No,No,default,none,Function,"libxl_domain_info(libxl_ctx *,libxl_dominfo *,uint32_t)",tools/libxl/libxl_domain.c,2,20,0,11,22,2,20,5,13,0,0,0,10,4,16,19,3,0,16,5,5,6,3,2,2,1,2,0
422,No,No,789589968ed90e82a832dbc60e958c76b787be7e,No,No,default,none,Function,"libxl_domain_pause(libxl_ctx *,uint32_t)",tools/libxl/libxl_domain.c,0,13,0,3,13,0,13,3,8,0,0,0,9,2,12,13,2,0,11,3,3,3,1,1,0,1,0,0
422,No,No,789589968ed90e82a832dbc60e958c76b787be7e,No,No,default,none,Function,"libxl_domain_preserve(libxl_ctx *,uint32_t,libxl_domain_create_info *,const char *,libxl_uuid)",tools/libxl/libxl_domain.c,12,53,0,7,65,12,53,10,36,0,0,0,20,8,40,47,8,0,39,9,9,9,8,8,8,2,8,0
422,No,No,789589968ed90e82a832dbc60e958c76b787be7e,No,No,default,none,Function,"libxl_domain_qualifier_to_domid(libxl_ctx *,const char *,uint32_t *)",tools/libxl/libxl_utils.c,1,15,1,4,17,1,15,3,7,1,0,0,5,3,8,10,1,0,9,3,3,3,3,4,4,2,3,0
422,No,No,789589968ed90e82a832dbc60e958c76b787be7e,No,No,default,none,Function,"libxl_domain_reboot(libxl_ctx *,uint32_t)",tools/libxl/libxl_domain.c,0,8,0,2,8,0,8,3,4,0,0,0,6,1,9,9,2,0,7,2,2,2,1,0,0,1,0,0
422,No,No,789589968ed90e82a832dbc60e958c76b787be7e,No,No,default,none,Function,"libxl_domain_remus_start(libxl_ctx *,libxl_domain_remus_info *,uint32_t,int,int,const libxl_asyncop_how *)",tools/libxl/libxl_domain.c,10,62,2,18,74,10,62,9,50,2,0,0,33,129,68,77,9,3,65,14,14,18,6,13,9,2,9,0
422,No,No,789589968ed90e82a832dbc60e958c76b787be7e,No,No,default,none,Function,"libxl_domain_rename(libxl_ctx *,uint32_t,const char *,const char *)",tools/libxl/libxl_domain.c,0,9,0,4,9,0,9,4,4,0,0,0,6,1,9,9,2,0,7,2,2,2,1,0,0,1,0,0
422,No,No,789589968ed90e82a832dbc60e958c76b787be7e,No,No,default,none,Function,"libxl_domain_resume(libxl_ctx *,uint32_t,int,const libxl_asyncop_how *)",tools/libxl/libxl_domain.c,0,8,0,8,8,0,8,5,4,0,0,0,14,2,25,26,6,1,19,4,4,4,1,1,0,2,0,0
422,No,No,789589968ed90e82a832dbc60e958c76b787be7e,No,No,default,none,Function,"libxl_domain_shutdown(libxl_ctx *,uint32_t)",tools/libxl/libxl_domain.c,0,8,0,2,8,0,8,3,4,0,0,0,6,1,9,9,2,0,7,2,2,2,1,0,0,1,0,0
422,No,No,789589968ed90e82a832dbc60e958c76b787be7e,No,No,default,none,Function,"libxl_domain_soft_reset(libxl_ctx *,libxl_domain_config *,uint32_t,const libxl_asyncop_how *,const libxl_asyncprogress_how *)",tools/libxl/libxl_create.c,2,12,0,7,14,2,12,7,4,0,0,0,2,2,3,4,1,0,3,2,2,2,1,1,0,1,0,0
422,No,No,789589968ed90e82a832dbc60e958c76b787be7e,No,No,default,none,Function,"libxl_domain_suspend(libxl_ctx *,uint32_t,int,int,const libxl_asyncop_how *)",tools/libxl/libxl_domain.c,7,29,0,11,36,7,29,8,21,0,0,0,27,5,49,53,9,2,42,8,8,8,4,6,5,2,5,0
422,No,No,789589968ed90e82a832dbc60e958c76b787be7e,No,No,default,none,Function,"libxl_domain_suspend_only(libxl_ctx *,uint32_t,const libxl_asyncop_how *)",tools/libxl/libxl_domain.c,3,23,0,7,26,3,23,8,15,0,0,0,23,5,45,49,9,2,38,8,8,8,4,6,5,2,5,0
422,No,No,789589968ed90e82a832dbc60e958c76b787be7e,No,No,default,none,Function,"libxl_domain_unpause(libxl_ctx *,uint32_t)",tools/libxl/libxl_domain.c,2,26,0,4,28,2,26,4,18,0,0,0,11,12,17,21,3,0,18,6,6,6,4,3,3,2,3,0
422,No,No,789589968ed90e82a832dbc60e958c76b787be7e,No,No,default,none,Function,"libxl_domid_to_name(libxl_ctx *,uint32_t)",tools/libxl/libxl_utils.c,1,9,0,6,10,1,9,4,3,0,0,0,4,1,6,6,3,0,3,1,1,1,1,0,0,0,0,0
422,No,No,789589968ed90e82a832dbc60e958c76b787be7e,No,No,default,none,Function,libxl_domid_valid_guest(uint32_t),tools/libxl/libxl_utils.c,0,4,2,2,6,0,4,1,1,2,0,0,1,1,1,1,0,0,1,1,1,2,1,0,0,0,0,0
422,No,No,789589968ed90e82a832dbc60e958c76b787be7e,No,No,default,none,Function,"libxl_dominfo_list_free(libxl_dominfo *,int)",tools/libxl/libxl_utils.c,0,7,0,4,7,0,7,2,3,0,0,0,2,2,5,6,1,0,5,2,2,2,1,0,0,1,0,0
422,No,No,789589968ed90e82a832dbc60e958c76b787be7e,No,No,default,none,Function,"libxl_evdisable_domain_death(libxl_ctx *,libxl_evgen_domain_death *)",tools/libxl/libxl_domain.c,0,6,0,2,6,0,6,3,3,0,0,0,5,1,7,7,1,0,6,2,2,2,1,0,0,1,0,0
422,No,No,789589968ed90e82a832dbc60e958c76b787be7e,No,No,default,none,Function,"libxl_evenable_domain_death(libxl_ctx *,uint32_t,libxl_ev_user,libxl_evgen_domain_death **)",tools/libxl/libxl_domain.c,6,24,0,6,30,6,24,5,16,0,0,0,20,36,29,35,3,0,32,9,9,9,7,6,6,3,5,0
422,No,No,789589968ed90e82a832dbc60e958c76b787be7e,No,No,default,none,Function,libxl_get_max_cpus(libxl_ctx *),tools/libxl/libxl_utils.c,1,5,0,4,6,1,5,2,2,0,0,0,2,1,2,2,1,0,1,2,2,2,1,0,0,0,0,0
422,No,No,789589968ed90e82a832dbc60e958c76b787be7e,No,No,default,none,Function,libxl_get_max_nodes(libxl_ctx *),tools/libxl/libxl_utils.c,1,5,0,3,6,1,5,2,2,0,0,0,2,1,2,2,1,0,1,2,2,2,1,0,0,0,0,0
422,No,No,789589968ed90e82a832dbc60e958c76b787be7e,No,No,default,none,Function,libxl_get_online_cpus(libxl_ctx *),tools/libxl/libxl_utils.c,1,5,0,2,6,1,5,2,2,0,0,0,2,1,2,2,1,0,1,2,2,2,1,0,0,0,0,0
422,No,No,789589968ed90e82a832dbc60e958c76b787be7e,No,No,default,none,Function,"libxl_get_online_socketmap(libxl_ctx *,libxl_bitmap *)",tools/libxl/libxl_utils.c,3,18,0,3,21,3,18,3,13,0,0,0,6,6,11,14,2,0,12,4,4,5,1,1,0,2,0,0
422,No,No,789589968ed90e82a832dbc60e958c76b787be7e,No,No,default,none,Function,"libxl_get_required_shadow_memory(unsigned long,unsigned int)",tools/libxl/libxl_utils.c,0,4,6,2,10,0,4,1,1,6,0,0,1,1,1,1,0,0,1,1,1,1,1,0,0,0,0,1
422,No,No,789589968ed90e82a832dbc60e958c76b787be7e,No,No,default,none,Function,"libxl_get_stubdom_id(libxl_ctx *,int)",tools/libxl/libxl_utils.c,1,15,0,8,16,1,15,4,10,0,0,0,8,2,12,13,3,0,10,3,3,3,1,1,0,1,0,0
422,No,No,789589968ed90e82a832dbc60e958c76b787be7e,No,No,default,none,Function,"libxl_hwcap_gen_json(yajl_gen,libxl_hwcap *)",tools/libxl/libxl_json.c,2,15,0,2,17,2,15,4,7,0,0,0,4,6,10,13,2,0,11,4,4,4,4,4,4,2,4,0
422,No,No,789589968ed90e82a832dbc60e958c76b787be7e,No,No,default,none,Function,"libxl_is_stubdom(libxl_ctx *,uint32_t,uint32_t *)",tools/libxl/libxl_utils.c,1,20,0,4,21,1,20,5,14,0,0,0,9,8,16,19,4,0,15,5,5,5,3,2,2,1,2,0
422,No,No,789589968ed90e82a832dbc60e958c76b787be7e,No,No,default,none,Function,"libxl_key_value_list_gen_json(yajl_gen,libxl_key_value_list *)",tools/libxl/libxl_json.c,3,23,0,2,26,3,23,5,14,0,0,0,5,36,15,21,3,0,18,7,7,7,6,11,11,2,10,0
422,No,No,789589968ed90e82a832dbc60e958c76b787be7e,No,No,default,none,Function,"libxl_list_domain(libxl_ctx *,int *)",tools/libxl/libxl_domain.c,3,26,0,6,29,3,26,7,18,0,0,0,13,6,23,26,6,0,20,5,5,5,1,1,0,2,0,0
422,No,No,789589968ed90e82a832dbc60e958c76b787be7e,No,No,default,none,Function,"libxl_list_vcpu(libxl_ctx *,uint32_t,int *,int *)",tools/libxl/libxl_domain.c,6,54,0,14,60,6,54,6,41,0,0,0,25,19,38,45,4,0,41,9,9,9,8,18,18,2,18,0
422,No,No,789589968ed90e82a832dbc60e958c76b787be7e,No,No,default,none,Function,"libxl_list_vm(libxl_ctx *,int *)",tools/libxl/libxl_domain.c,5,23,5,5,33,5,23,5,16,5,0,0,13,6,21,24,4,0,20,6,6,6,4,2,2,2,2,0
422,No,No,789589968ed90e82a832dbc60e958c76b787be7e,No,No,default,none,Function,"libxl_mac_gen_json(yajl_gen,libxl_mac *)",tools/libxl/libxl_json.c,0,6,0,2,6,0,6,2,2,0,0,0,3,1,3,3,1,0,2,1,1,1,1,0,0,0,0,0
422,No,No,789589968ed90e82a832dbc60e958c76b787be7e,No,No,default,none,Function,"libxl_ms_vm_genid_gen_json(yajl_gen,libxl_ms_vm_genid *)",tools/libxl/libxl_json.c,3,14,0,3,17,3,14,3,8,0,0,0,4,4,9,12,2,0,10,4,4,4,4,4,4,2,4,0
422,No,No,789589968ed90e82a832dbc60e958c76b787be7e,No,No,default,none,Function,"libxl_name_to_cpupoolid(libxl_ctx *,const char *,uint32_t *)",tools/libxl/libxl_utils.c,2,23,0,4,25,2,23,6,13,0,0,0,7,5,13,17,4,0,13,5,5,6,1,1,0,3,0,0
422,No,No,789589968ed90e82a832dbc60e958c76b787be7e,No,No,default,none,Function,"libxl_name_to_domid(libxl_ctx *,const char *,uint32_t *)",tools/libxl/libxl_utils.c,2,25,0,5,27,2,25,6,16,0,0,0,7,6,17,21,4,0,17,5,5,5,5,4,4,2,4,0
422,No,No,789589968ed90e82a832dbc60e958c76b787be7e,No,No,default,none,Function,"libxl_node_bitmap_alloc(libxl_ctx *,libxl_bitmap *,int)",tools/libxl/libxl_utils.c,3,22,1,7,26,3,22,4,15,1,0,0,9,8,16,19,2,0,17,5,5,5,3,2,2,1,2,0
422,No,No,789589968ed90e82a832dbc60e958c76b787be7e,No,No,default,none,Function,"libxl_node_to_cpumap(libxl_ctx *,int,libxl_bitmap *)",tools/libxl/libxl_utils.c,5,16,0,4,21,5,16,4,10,0,0,0,7,2,10,11,2,0,9,2,2,2,1,1,0,1,0,0
422,No,No,789589968ed90e82a832dbc60e958c76b787be7e,No,No,default,none,Function,"libxl_nodemap_to_cpumap(libxl_ctx *,const libxl_bitmap *,libxl_bitmap *)",tools/libxl/libxl_utils.c,2,20,0,6,22,2,20,5,12,0,0,0,6,6,11,14,2,0,12,4,4,4,1,1,0,2,0,0
422,No,No,789589968ed90e82a832dbc60e958c76b787be7e,No,No,default,none,Function,"libxl_numainfo_list_free(libxl_numainfo *,int)",tools/libxl/libxl_utils.c,0,7,0,2,7,0,7,2,3,0,0,0,2,2,5,6,1,0,5,2,2,2,1,0,0,1,0,0
422,No,No,789589968ed90e82a832dbc60e958c76b787be7e,No,No,default,none,Function,"libxl_pcitopology_list_free(libxl_pcitopology *,int)",tools/libxl/libxl_utils.c,0,7,0,2,7,0,7,2,3,0,0,0,2,2,5,6,1,0,5,2,2,2,1,0,0,1,0,0
422,No,No,789589968ed90e82a832dbc60e958c76b787be7e,No,No,default,none,Function,"libxl_pipe(libxl_ctx *,int [2])",tools/libxl/libxl_utils.c,0,11,0,2,11,0,11,3,7,0,0,0,8,2,10,11,2,0,9,3,3,3,1,0,0,1,0,0
422,No,No,789589968ed90e82a832dbc60e958c76b787be7e,No,No,default,none,Function,"libxl_qemu_monitor_command(libxl_ctx *,uint32_t,const char *,char **)",tools/libxl/libxl_qmp.c,2,9,0,4,11,2,9,4,4,0,0,0,6,1,9,9,2,0,7,2,2,2,1,0,0,1,0,0
422,No,No,789589968ed90e82a832dbc60e958c76b787be7e,No,No,default,none,Function,"libxl_read_exactly(libxl_ctx *,int,void *,ssize_t,const char *,const char *)",tools/libxl/libxl_utils.c,0,1,1,5,1,0,1,1,1,1,0,0,9,8,22,28,2,0,26,9,9,9,7,16,16,3,16,1
422,No,No,789589968ed90e82a832dbc60e958c76b787be7e,No,No,default,none,Function,"libxl_read_file_contents(libxl_ctx *,const char *,void **,int *)",tools/libxl/libxl_utils.c,11,62,0,10,73,11,62,9,48,0,0,0,23,1153,46,61,7,1,53,18,18,19,10,21,18,3,18,0
422,No,No,789589968ed90e82a832dbc60e958c76b787be7e,No,No,default,none,Function,"libxl_report_child_exitstatus(libxl_ctx *,xentoollog_level,const char *,pid_t,int)",tools/libxl/libxl_exec.c,1,29,0,11,30,1,29,7,23,0,0,0,7,5,9,13,4,0,9,6,6,6,1,4,0,2,0,0
422,No,No,789589968ed90e82a832dbc60e958c76b787be7e,No,No,default,none,Function,"libxl_retrieve_domain_configuration(libxl_ctx *,uint32_t,libxl_domain_config *)",tools/libxl/libxl_domain.c,29,153,40,16,219,29,153,18,112,40,0,0,47,428032,100,127,16,2,109,28,25,28,14,21,17,4,13,0
422,No,No,789589968ed90e82a832dbc60e958c76b787be7e,No,No,default,none,Function,"libxl_send_trigger(libxl_ctx *,uint32_t,libxl_trigger,uint32_t)",tools/libxl/libxl_domain.c,3,42,0,5,45,3,42,4,35,0,0,0,10,14,25,33,2,0,31,9,4,9,1,21,0,1,0,0
422,No,No,789589968ed90e82a832dbc60e958c76b787be7e,No,No,default,none,Function,"libxl_set_vcpuonline(libxl_ctx *,uint32_t,libxl_bitmap *)",tools/libxl/libxl_domain.c,6,50,0,4,56,6,50,4,37,0,0,0,16,80,29,40,3,0,37,11,8,11,4,9,3,2,3,0
422,No,No,789589968ed90e82a832dbc60e958c76b787be7e,No,No,default,none,Function,"libxl_socket_bitmap_alloc(libxl_ctx *,libxl_bitmap *,int)",tools/libxl/libxl_utils.c,4,22,1,3,27,4,22,4,14,1,0,0,10,6,15,18,2,0,16,5,5,5,4,3,3,2,3,0
422,No,No,789589968ed90e82a832dbc60e958c76b787be7e,No,No,default,none,Function,"libxl_string_copy(libxl_ctx *,char **,char *const *)",tools/libxl/libxl_utils.c,2,9,0,3,11,2,9,2,6,0,0,0,7,2,8,9,1,0,8,3,3,3,1,1,0,1,0,0
422,No,No,789589968ed90e82a832dbc60e958c76b787be7e,No,No,default,none,Function,"libxl_string_list_gen_json(yajl_gen,libxl_string_list *)",tools/libxl/libxl_json.c,3,17,0,2,20,3,17,4,9,0,0,0,4,12,12,16,3,0,13,5,5,5,5,6,6,2,6,0
422,No,No,789589968ed90e82a832dbc60e958c76b787be7e,No,No,default,none,Function,"libxl_string_to_backend(libxl_ctx *,char *,libxl_disk_backend *)",tools/libxl/libxl_utils.c,1,30,0,1,31,1,30,3,22,0,0,0,4,14,14,23,2,0,21,10,10,10,6,11,8,2,8,0
422,No,No,789589968ed90e82a832dbc60e958c76b787be7e,No,No,default,Static,Static Function,libxl_tapif_script(libxl__gc *),tools/libxl/libxl_dm.c,0,0,0,1,0,0,0,0,0,0,0,0,2,0,0,0,0,0,0,0,0,0,0,0,0,0,0,0
422,No,No,789589968ed90e82a832dbc60e958c76b787be7e,No,No,default,none,Function,"libxl_userdata_retrieve(libxl_ctx *,uint32_t,const char *,uint8_t **,int *)",tools/libxl/libxl_dom.c,4,21,0,5,25,4,21,6,12,0,0,0,11,2,16,17,3,0,14,3,3,3,1,1,0,1,0,0
422,No,No,789589968ed90e82a832dbc60e958c76b787be7e,No,No,default,none,Function,"libxl_userdata_store(libxl_ctx *,uint32_t,const char *,const uint8_t *,int)",tools/libxl/libxl_dom.c,4,21,0,6,25,4,21,6,12,0,0,0,11,2,16,17,3,0,14,3,3,3,1,1,0,1,0,0
422,No,No,789589968ed90e82a832dbc60e958c76b787be7e,No,No,default,none,Function,"libxl_userdata_unlink(libxl_ctx *,uint32_t,const char *)",tools/libxl/libxl_dom.c,4,31,0,3,35,4,31,6,21,0,0,0,14,16,23,27,4,0,23,6,6,6,4,3,3,1,3,0
422,No,No,789589968ed90e82a832dbc60e958c76b787be7e,No,No,default,none,Function,"libxl_uuid_gen_json(yajl_gen,libxl_uuid *)",tools/libxl/libxl_json.c,0,7,0,3,7,0,7,3,2,0,0,0,3,1,3,3,1,0,2,1,1,1,1,0,0,0,0,0
422,No,No,789589968ed90e82a832dbc60e958c76b787be7e,No,No,default,none,Function,"libxl_vcpuinfo_list_free(libxl_vcpuinfo *,int)",tools/libxl/libxl_utils.c,0,7,0,2,7,0,7,2,3,0,0,0,2,2,5,6,1,0,5,2,2,2,1,0,0,1,0,0
422,No,No,789589968ed90e82a832dbc60e958c76b787be7e,No,No,default,none,Function,"libxl_vm_get_start_time(libxl_ctx *,uint32_t)",tools/libxl/libxl_domain.c,1,19,0,2,20,1,19,5,13,0,0,0,11,2,15,16,4,0,12,3,3,3,1,1,0,1,0,0
422,No,No,789589968ed90e82a832dbc60e958c76b787be7e,No,No,default,none,Function,"libxl_vminfo_list_free(libxl_vminfo *,int)",tools/libxl/libxl_utils.c,0,7,0,3,7,0,7,2,3,0,0,0,2,2,5,6,1,0,5,2,2,2,1,0,0,1,0,0
422,No,No,789589968ed90e82a832dbc60e958c76b787be7e,No,No,default,none,Function,"libxl_write_exactly(libxl_ctx *,int,const void *,ssize_t,const char *,const char *)",tools/libxl/libxl_utils.c,0,1,0,6,1,0,1,1,1,0,0,0,9,8,22,28,2,0,26,9,9,9,7,16,16,3,16,0
422,No,No,789589968ed90e82a832dbc60e958c76b787be7e,No,No,default,Static,Static Function,lidt(const struct desc_ptr *),xen/include/asm-x86/desc.h,0,4,0,1,4,0,4,1,0,0,0,0,0,1,1,1,0,1,0,1,1,1,1,0,0,0,0,0
422,No,No,789589968ed90e82a832dbc60e958c76b787be7e,No,No,default,Static,Static Function,"link_pirq_port(int,struct evtchn *,struct vcpu *)",xen/common/event_channel.c,0,9,0,6,9,0,9,1,6,0,0,0,11,2,4,5,0,0,5,2,2,2,1,0,0,1,0,0
422,No,No,789589968ed90e82a832dbc60e958c76b787be7e,No,No,default,Static,Static Function,"link_thread_siblings(int,int)",xen/arch/x86/smpboot.c,0,7,0,3,7,0,7,1,4,0,0,0,2,1,4,4,0,0,4,1,1,1,1,0,0,0,0,0
422,No,No,789589968ed90e82a832dbc60e958c76b787be7e,No,No,default,none,Function,"list_for_each_entry(,&,)",xen/arch/x86/pv/dom0_build.c,1,16,0,7,17,1,16,1,11,0,0,0,12,5,7,10,0,0,10,4,4,5,1,0,0,2,0,0
422,No,No,789589968ed90e82a832dbc60e958c76b787be7e,No,No,default,none,Function,"list_for_each_entry(,&,)",xen/drivers/passthrough/iommu.c,4,17,0,8,21,4,17,5,13,0,0,0,10,8,8,11,4,0,7,4,4,5,1,0,0,1,0,0
422,No,No,789589968ed90e82a832dbc60e958c76b787be7e,No,No,default,none,Function,"list_for_each_entry(drhd,&,)",xen/drivers/passthrough/vtd/iommu.c,10,29,5,42,44,10,29,1,24,5,0,0,13,512,14,23,0,0,23,10,10,15,1,1,0,1,0,0
422,No,No,789589968ed90e82a832dbc60e958c76b787be7e,No,No,default,none,Function,"list_for_each_entry(drhd,&,)",xen/drivers/passthrough/vtd/iommu.c,0,7,0,17,7,0,7,1,4,0,0,0,5,2,2,3,0,0,3,2,2,2,1,0,0,1,0,0
422,No,No,789589968ed90e82a832dbc60e958c76b787be7e,No,No,default,none,Function,"list_for_each_entry(smmu,&,)",xen/drivers/passthrough/arm/smmu.c,0,6,0,5,6,0,6,1,3,0,0,0,2,2,2,3,0,0,3,2,2,2,1,0,0,1,0,0
422,No,No,789589968ed90e82a832dbc60e958c76b787be7e,No,No,default,Static,Static Function,lldt(unsigned int),xen/include/asm-x86/desc.h,0,4,0,1,4,0,4,1,0,0,0,0,0,1,1,1,0,1,0,1,1,1,1,0,0,0,0,0
422,No,No,789589968ed90e82a832dbc60e958c76b787be7e,No,No,default,Static,Static Function,load_LDT(struct vcpu *),xen/include/asm-x86/ldt.h,1,15,0,4,16,1,15,3,8,0,0,0,5,2,6,7,2,0,5,3,3,3,1,1,0,1,0,0
422,No,No,789589968ed90e82a832dbc60e958c76b787be7e,No,No,default,none,Function,load_TR(),xen/arch/x86/traps.c,2,21,1,0,24,2,21,6,15,1,0,0,3,1,5,5,2,1,2,1,1,1,1,0,0,0,0,0
422,No,No,789589968ed90e82a832dbc60e958c76b787be7e,No,No,default,Static,Static Function,"load_seg(enum x86_segment,uint16_t,bool,struct segment_register *,struct x86_emulate_ctxt *,const struct x86_emulate_ops *)",xen/arch/x86/x86_emulate/x86_emulate.c,5,22,0,8,27,5,22,9,11,0,0,0,5,9,8,12,2,0,10,5,5,6,1,2,0,1,0,0
422,No,No,789589968ed90e82a832dbc60e958c76b787be7e,No,No,default,Static,Static Function,load_segments(struct vcpu *),xen/arch/x86/domain.c,24,140,22,29,186,23,126,19,101,18,17,2,25,48114,72,94,14,7,73,29,29,34,3,3,2,4,2,0
422,No,No,789589968ed90e82a832dbc60e958c76b787be7e,No,No,default,Static,Static Function,load_shadow_control(struct vcpu *),xen/arch/x86/hvm/vmx/vvmx.c,0,13,5,2,18,0,13,1,10,5,0,0,10,1,10,10,0,0,10,1,1,1,1,0,0,0,0,0
422,No,No,789589968ed90e82a832dbc60e958c76b787be7e,No,No,default,Static,Static Function,load_shadow_guest_state(struct vcpu *),xen/arch/x86/hvm/vmx/vvmx.c,12,47,8,9,67,12,47,10,39,8,0,0,16,48,28,34,5,0,29,7,7,7,1,0,0,2,0,0
422,No,No,789589968ed90e82a832dbc60e958c76b787be7e,No,No,default,none,Function,load_system_tables(),xen/arch/x86/cpu/common.c,11,51,11,3,73,11,51,19,48,11,0,0,13,1,17,17,7,0,10,1,1,2,1,0,0,0,0,0
422,No,No,789589968ed90e82a832dbc60e958c76b787be7e,No,No,default,Static,Static Function,load_vvmcs_host_state(struct vcpu *),xen/arch/x86/hvm/vmx/vvmx.c,7,32,0,8,39,7,32,4,22,0,0,0,11,96,19,26,3,0,23,8,8,8,1,0,0,2,0,0
422,No,No,789589968ed90e82a832dbc60e958c76b787be7e,No,No,default,Static,Static Function,local_time_calibration(),xen/arch/x86/time.c,24,83,33,5,140,24,71,10,51,33,8,4,19,3072,46,58,9,0,49,15,15,16,3,2,2,2,2,0
422,No,No,789589968ed90e82a832dbc60e958c76b787be7e,No,No,default,Static,Static Function,"locate_msr_entry(struct vmx_msr_entry *,struct vmx_msr_entry *,uint32_t)",xen/arch/x86/hvm/vmx/vmcs.c,2,15,0,7,17,2,15,3,9,0,0,0,1,4,5,8,1,0,7,4,4,4,4,6,6,2,6,0
422,No,No,789589968ed90e82a832dbc60e958c76b787be7e,No,No,default,Static,Static Function,lock_page_alloc(struct p2m_domain *),xen/arch/x86/mm/p2m-pod.c,0,7,0,9,7,0,7,1,4,0,0,0,4,1,3,3,0,0,3,1,1,1,1,0,0,0,0,0
422,No,No,789589968ed90e82a832dbc60e958c76b787be7e,No,No,default,none,Function,lock_vector_lock(),xen/arch/x86/irq.c,0,4,3,1,7,0,4,1,1,3,0,0,1,1,1,1,0,0,1,1,1,1,1,0,0,0,0,0
422,No,No,789589968ed90e82a832dbc60e958c76b787be7e,No,No,default,Static,Static Function,loglvl_str(int),xen/drivers/char/console.c,0,12,0,2,12,0,12,1,7,0,0,0,1,6,6,12,0,0,12,6,2,6,1,15,0,1,0,0
422,No,No,789589968ed90e82a832dbc60e958c76b787be7e,No,No,default,Static,Static Function,"logrename(libxl__gc *,const char *,const char *)",tools/libxl/libxl_utils.c,2,12,1,4,14,2,12,2,7,1,0,0,5,3,6,8,1,0,7,3,3,3,3,3,3,2,3,0
422,No,No,789589968ed90e82a832dbc60e958c76b787be7e,No,No,default,Static,Static Function,"lpae_is_mapping(lpae_t,unsigned int)",xen/include/asm-arm/lpae.h,0,7,0,5,7,0,7,1,4,0,0,0,1,2,2,3,0,0,3,2,2,2,1,1,0,1,0,0
422,No,No,789589968ed90e82a832dbc60e958c76b787be7e,No,No,default,Static,Static Function,"lpae_is_superpage(lpae_t,unsigned int)",xen/include/asm-arm/lpae.h,0,4,0,2,4,0,4,1,1,0,0,0,2,1,1,1,0,0,1,1,1,2,1,0,0,0,0,0
422,No,No,789589968ed90e82a832dbc60e958c76b787be7e,No,No,default,Static,Static Function,"lpae_is_table(lpae_t,unsigned int)",xen/include/asm-arm/lpae.h,0,4,0,4,4,0,4,1,1,0,0,0,1,1,1,1,0,0,1,1,1,2,1,0,0,0,0,0
422,No,No,789589968ed90e82a832dbc60e958c76b787be7e,No,No,default,Static,Static Function,lpae_is_valid(lpae_t),xen/include/asm-arm/lpae.h,0,4,0,3,4,0,4,1,1,0,0,0,1,1,1,1,0,0,1,1,1,1,1,0,0,0,0,0
422,No,No,789589968ed90e82a832dbc60e958c76b787be7e,No,No,default,Static,Static Function,ltr(unsigned int),xen/include/asm-x86/desc.h,0,4,0,1,4,0,4,1,0,0,0,0,0,1,1,1,0,1,0,1,1,1,1,0,0,0,0,0
422,No,No,789589968ed90e82a832dbc60e958c76b787be7e,No,No,default,none,Function,"lzo1x_decompress_safe(const unsigned char *,size_t,unsigned char *,size_t *)",xen/common/lzo.c,13,211,0,4,224,13,160,16,125,0,45,6,4,8316,108,141,14,3,124,39,39,39,33,222,222,6,222,0
422,No,No,789589968ed90e82a832dbc60e958c76b787be7e,No,No,default,Static,Static Function,m2p_mapped(unsigned long),xen/arch/x86/x86_64/mm.c,4,22,1,2,27,4,22,4,14,1,0,0,8,4,11,15,3,0,12,4,3,4,4,5,5,1,5,0
422,No,No,789589968ed90e82a832dbc60e958c76b787be7e,No,No,default,none,Function,maddr_to_page(),xen/arch/x86/pv/dom0_build.c,0,30,0,15,30,0,30,7,19,0,0,0,16,10,15,19,0,0,19,5,5,6,1,0,0,2,0,0
422,No,No,789589968ed90e82a832dbc60e958c76b787be7e,No,No,default,Static,Static Function,maddr_to_virt(paddr_t),xen/include/asm-arm/mm.h,0,8,0,3,8,0,8,1,5,0,0,0,4,1,2,2,0,0,2,1,1,1,1,0,0,0,0,0
422,No,No,789589968ed90e82a832dbc60e958c76b787be7e,No,No,default,none,Function,"main(int,char **)",tools/misc/xen-cpuid.c,35,168,3,3,206,35,168,38,124,3,0,0,24,17344,77,110,21,3,86,33,29,39,13,21,19,4,16,0
422,No,No,789589968ed90e82a832dbc60e958c76b787be7e,No,No,default,none,Function,"main(int,char **)",tools/helpers/init-xenstore-domain.c,12,102,0,2,114,12,102,7,76,0,0,0,19,457,58,79,6,0,73,21,15,23,18,47,47,2,46,0
422,No,No,789589968ed90e82a832dbc60e958c76b787be7e,No,No,default,none,Function,"main(int,char **)",tools/tests/x86_emulator/test_x86_emulator.c,390,3057,50,219,3488,357,2682,111,1968,41,343,85,38,999999999,1606,1904,102,141,1661,335,335,869,283,816,816,3,813,0
422,No,No,789589968ed90e82a832dbc60e958c76b787be7e,No,No,default,none,Function,"main(int,char **)",tools/helpers/xen-init-dom0.c,12,65,4,2,81,12,65,6,51,4,0,0,18,512,42,51,5,0,46,10,10,13,10,9,9,1,9,0
422,No,No,789589968ed90e82a832dbc60e958c76b787be7e,No,No,default,none,Function,"main(int,char **)",tools/xl/xl.c,10,66,1,8,77,10,66,7,55,1,0,0,20,224,41,54,6,0,48,14,11,15,3,14,3,3,3,0
422,No,No,789589968ed90e82a832dbc60e958c76b787be7e,No,No,default,none,Function,"make_cr3(struct vcpu *,mfn_t)",xen/arch/x86/mm.c,1,7,0,9,8,1,7,2,4,0,0,0,6,2,3,4,1,0,3,2,2,3,1,0,0,1,0,0
422,No,No,789589968ed90e82a832dbc60e958c76b787be7e,No,No,default,none,Function,"map_dev_mmio_region(struct domain *,gfn_t,unsigned long,mfn_t)",xen/arch/arm/p2m.c,3,17,0,6,20,3,17,5,8,0,0,0,5,3,6,8,1,0,7,3,3,4,3,2,2,1,2,0
422,No,No,789589968ed90e82a832dbc60e958c76b787be7e,No,No,default,none,Function,"map_domain_emuirq_pirq(struct domain *,int,int)",xen/arch/x86/irq.c,9,49,1,11,59,9,49,5,37,1,0,0,16,14,20,29,3,0,26,9,8,15,8,10,10,2,10,0
422,No,No,789589968ed90e82a832dbc60e958c76b787be7e,No,No,default,none,Function,"map_domain_gfn(struct p2m_domain *,gfn_t,mfn_t *,p2m_type_t *,p2m_query_t,uint32_t *)",xen/arch/x86/mm/p2m.c,4,36,1,6,41,4,36,3,23,1,0,0,15,7,18,24,1,0,23,7,7,7,5,4,4,2,4,0
422,No,No,789589968ed90e82a832dbc60e958c76b787be7e,No,No,default,none,Function,"map_domain_pirq(struct domain *,int,int,int,void *)",xen/arch/x86/irq.c,26,188,0,30,214,26,188,12,138,0,0,0,38,1531245,91,122,10,2,110,33,33,47,19,26,26,4,25,0
422,No,No,789589968ed90e82a832dbc60e958c76b787be7e,No,No,default,Static,Static Function,"map_foreign_batch_single(int,uint32_t,xen_pfn_t *,unsigned long)",tools/libs/foreignmemory/linux.c,3,18,0,5,21,3,18,4,10,0,0,0,8,1,11,11,2,0,9,2,2,3,1,0,0,1,0,0
422,No,No,789589968ed90e82a832dbc60e958c76b787be7e,No,No,default,Static,Static Function,map_grant_ref(struct gnttab_map_grant_ref *),xen/common/grant_table.c,46,264,18,23,328,46,264,25,192,18,0,0,57,1227077,134,180,19,0,161,56,56,70,28,58,56,4,56,0
422,No,No,789589968ed90e82a832dbc60e958c76b787be7e,No,No,default,Static,Static Function,map_io_bitmap_all(struct vcpu *),xen/arch/x86/hvm/vmx/vvmx.c,0,5,0,2,5,0,5,1,2,0,0,0,2,1,1,1,0,0,1,1,1,2,1,0,0,0,0,0
422,No,No,789589968ed90e82a832dbc60e958c76b787be7e,No,No,default,Static,Static Function,map_iommu_mmio_region(struct amd_iommu *),xen/drivers/passthrough/amd/iommu_init.c,2,9,0,4,11,2,9,1,6,0,0,0,5,2,4,5,0,0,5,2,2,2,1,1,0,1,0,0
422,No,No,789589968ed90e82a832dbc60e958c76b787be7e,No,No,default,none,Function,"map_mmio_regions(struct domain *,gfn_t,unsigned long,mfn_t)",xen/arch/x86/mm/p2m.c,3,28,1,5,32,3,28,7,16,1,0,0,9,8,13,18,3,1,14,8,8,9,6,5,5,3,5,0
422,No,No,789589968ed90e82a832dbc60e958c76b787be7e,No,No,default,none,Function,"map_mmio_regions(struct domain *,gfn_t,unsigned long,mfn_t)",xen/arch/arm/p2m.c,0,7,0,4,7,0,7,4,1,0,0,0,2,1,1,1,0,0,1,1,1,1,1,0,0,0,0,0
422,No,No,789589968ed90e82a832dbc60e958c76b787be7e,No,No,default,none,Function,"map_pages_to_xen(unsigned long,mfn_t,unsigned long,unsigned int)",xen/arch/x86/mm.c,38,310,15,9,363,38,296,28,226,15,0,14,38,999999999,154,236,19,0,217,109,109,140,27,62,62,10,58,0
422,No,No,789589968ed90e82a832dbc60e958c76b787be7e,No,No,default,none,Function,"map_pages_to_xen(unsigned long,mfn_t,unsigned long,unsigned int)",xen/arch/arm/mm.c,0,7,0,4,7,0,7,4,1,0,0,0,2,1,1,1,0,0,1,1,1,1,1,0,0,0,0,0
422,No,No,789589968ed90e82a832dbc60e958c76b787be7e,No,No,default,Static,Static Function,"map_range(unsigned long,unsigned long,void *,unsigned long *)",xen/drivers/vpci/header.c,4,30,8,8,42,4,30,5,19,8,0,0,11,9,15,19,3,3,13,7,7,9,5,9,9,2,9,0
422,No,No,789589968ed90e82a832dbc60e958c76b787be7e,No,No,default,none,Function,"map_regions_p2mt(struct domain *,gfn_t,unsigned long,mfn_t,p2m_type_t)",xen/arch/arm/p2m.c,0,8,0,6,8,0,8,5,1,0,0,0,2,1,1,1,0,0,1,1,1,1,1,0,0,0,0,0
422,No,No,789589968ed90e82a832dbc60e958c76b787be7e,No,No,default,Static,Static Function,map_shared_info(),xen/arch/x86/guest/xen.c,4,19,1,2,24,4,19,8,13,1,0,0,8,8,12,15,4,0,11,4,4,4,1,0,0,1,0,0
422,No,No,789589968ed90e82a832dbc60e958c76b787be7e,No,No,default,none,Function,"map_vcpu_info(struct vcpu *,unsigned long,unsigned)",xen/common/domain.c,12,48,6,9,66,12,46,6,31,6,0,2,19,10,28,36,5,0,31,9,9,10,7,7,6,1,6,0
422,No,No,789589968ed90e82a832dbc60e958c76b787be7e,No,No,default,Static,Static Function,map_vcpuinfo(),xen/arch/x86/guest/xen.c,4,30,0,6,34,4,30,4,17,0,0,0,9,4,15,18,3,0,15,4,4,4,3,3,2,1,2,0
422,No,No,789589968ed90e82a832dbc60e958c76b787be7e,No,No,default,Static,Static Function,"mapkind(struct grant_table *,const struct domain *,mfn_t)",xen/common/grant_table.c,4,21,8,15,33,4,21,7,14,8,0,0,6,20,14,19,3,0,16,9,9,11,3,1,1,2,1,0
422,No,No,789589968ed90e82a832dbc60e958c76b787be7e,No,No,default,Static,Static Function,"mark_page_offline(struct page_info *,int)",xen/common/page_alloc.c,6,21,0,4,27,6,21,2,16,0,0,0,8,32,12,17,1,0,16,10,10,11,3,2,2,2,2,0
422,No,No,789589968ed90e82a832dbc60e958c76b787be7e,No,No,default,none,Function,mask_8259A(),xen/arch/x86/i8259.c,1,8,0,1,9,1,8,2,4,0,0,0,3,1,5,5,1,0,4,1,1,1,1,0,0,0,0,0
422,No,No,789589968ed90e82a832dbc60e958c76b787be7e,No,No,default,Static,Static Function,mask_and_ack_8259A_irq(struct irq_desc *),xen/arch/x86/i8259.c,0,4,0,2,4,0,4,1,1,0,0,0,1,1,1,1,0,0,1,1,1,1,1,0,0,0,0,0
422,No,No,789589968ed90e82a832dbc60e958c76b787be7e,No,No,default,none,Function,mask_msi_irq(struct irq_desc *),xen/arch/x86/msi.c,0,6,0,6,6,0,6,1,3,0,0,0,3,3,2,4,0,0,4,4,4,4,1,0,0,3,0,0
422,No,No,789589968ed90e82a832dbc60e958c76b787be7e,No,No,default,Static,Static Function,max_order(const struct domain *),xen/common/memory.c,4,13,0,10,17,4,9,2,6,0,2,2,2,4,4,6,1,0,5,3,3,5,1,0,0,1,0,0
422,No,No,789589968ed90e82a832dbc60e958c76b787be7e,No,No,default,Static,Static Function,maybe_reboot(),xen/common/shutdown.c,0,14,0,2,14,0,14,1,7,0,0,0,5,2,5,6,0,0,6,2,2,2,1,1,0,1,0,0
422,No,No,789589968ed90e82a832dbc60e958c76b787be7e,No,No,default,Static,Static Function,"mba_get_feat_info(const struct feat_node *,uint32_t [],unsigned int)",xen/arch/x86/psr.c,3,10,0,6,13,3,10,2,6,0,0,0,2,2,5,6,0,0,6,2,2,2,1,0,0,1,0,0
422,No,No,789589968ed90e82a832dbc60e958c76b787be7e,No,No,default,Static,Static Function,"mba_init_feature(const struct cpuid_leaf *,struct feat_node *,struct psr_socket_info *,enum psr_feat_type)",xen/arch/x86/psr.c,8,26,2,12,36,8,26,4,18,2,0,0,15,7,10,15,0,0,15,6,6,8,5,4,4,2,4,0
422,No,No,789589968ed90e82a832dbc60e958c76b787be7e,No,No,default,Static,Static Function,"mba_sanitize_thrtl(const struct feat_node *,uint32_t *)",xen/arch/x86/psr.c,1,11,12,5,24,1,11,1,6,12,0,0,2,3,3,5,0,0,5,3,3,3,1,1,0,2,0,1
422,No,No,789589968ed90e82a832dbc60e958c76b787be7e,No,No,default,Static,Static Function,"mba_write_msr(unsigned int,uint32_t,enum psr_type)",xen/arch/x86/psr.c,0,5,0,2,5,0,5,2,1,0,0,0,2,1,1,1,0,0,1,1,1,1,1,0,0,0,0,0
422,No,No,789589968ed90e82a832dbc60e958c76b787be7e,No,No,default,Static,Static Function,"mem_hotadd_check(unsigned long,unsigned long)",xen/arch/x86/x86_64/mm.c,15,40,2,3,57,15,40,3,36,2,0,0,5,11,24,33,1,0,32,10,10,10,9,8,8,1,8,0
422,No,No,789589968ed90e82a832dbc60e958c76b787be7e,No,No,default,none,Function,"mem_sharing_add_to_physmap(struct domain *,unsigned long,shr_handle_t,struct domain *,unsigned long)",xen/arch/x86/mm/mem_sharing.c,10,64,9,11,83,10,64,11,40,9,0,0,25,112,36,45,9,0,36,11,11,12,9,9,9,5,9,0
422,No,No,789589968ed90e82a832dbc60e958c76b787be7e,No,No,default,none,Function,"mem_sharing_domctl(struct domain *,struct xen_domctl_mem_sharing_op *)",xen/arch/x86/mm/mem_sharing.c,4,21,1,6,26,4,21,2,13,1,0,0,7,4,8,12,1,0,11,4,4,5,1,3,0,2,0,0
422,No,No,789589968ed90e82a832dbc60e958c76b787be7e,No,No,default,none,Function,mem_sharing_get_nr_saved_mfns(),xen/arch/x86/mm/mem_sharing.c,0,4,0,3,4,0,4,1,1,0,0,0,2,1,1,1,0,0,1,1,1,1,1,0,0,0,0,0
422,No,No,789589968ed90e82a832dbc60e958c76b787be7e,No,No,default,none,Function,mem_sharing_get_nr_shared_mfns(),xen/arch/x86/mm/mem_sharing.c,0,4,0,3,4,0,4,1,1,0,0,0,2,1,1,1,0,0,1,1,1,1,1,0,0,0,0,0
422,No,No,789589968ed90e82a832dbc60e958c76b787be7e,No,No,default,Static,Static Function,"mem_sharing_gfn_alloc(struct page_info *,struct domain *,unsigned long)",xen/arch/x86/mm/mem_sharing.c,5,13,1,7,19,5,13,4,8,1,0,0,6,2,7,8,1,0,7,2,2,2,1,1,0,1,0,0
422,No,No,789589968ed90e82a832dbc60e958c76b787be7e,No,No,default,Static,Static Function,"mem_sharing_gfn_destroy(struct page_info *,struct domain *,gfn_info_t *)",xen/arch/x86/mm/mem_sharing.c,1,8,2,6,11,1,8,3,3,2,0,0,4,1,3,3,0,0,3,1,1,1,1,0,0,0,0,0
422,No,No,789589968ed90e82a832dbc60e958c76b787be7e,No,No,default,Static,Static Function,mem_sharing_lookup(unsigned long),xen/arch/x86/mm/mem_sharing.c,1,16,3,5,20,1,16,3,9,3,0,0,9,3,7,9,2,0,7,3,3,3,3,2,2,2,2,0
422,No,No,789589968ed90e82a832dbc60e958c76b787be7e,No,No,default,none,Function,mem_sharing_memop(__guest_handle_xen_mem_sharing_op_t),xen/arch/x86/mm/mem_sharing.c,47,223,16,30,286,47,223,22,165,16,0,0,26,7627,115,155,17,0,138,40,34,58,37,215,213,3,213,0
422,No,No,789589968ed90e82a832dbc60e958c76b787be7e,No,No,default,none,Function,"mem_sharing_notify_enomem(struct domain *,unsigned long,bool)",xen/arch/x86/mm/mem_sharing.c,4,22,0,6,26,4,22,10,15,0,0,0,10,3,8,10,3,0,7,3,3,3,1,1,0,1,0,0
422,No,No,789589968ed90e82a832dbc60e958c76b787be7e,No,No,default,Static,Static Function,mem_sharing_page_lock(struct page_info *),xen/arch/x86/mm/mem_sharing.c,1,14,0,5,15,1,14,3,8,0,0,0,6,2,7,8,2,0,6,2,2,2,1,0,0,1,0,0
422,No,No,789589968ed90e82a832dbc60e958c76b787be7e,No,No,default,Static,Static Function,mem_sharing_page_unlock(struct page_info *),xen/arch/x86/mm/mem_sharing.c,1,8,0,10,9,1,8,2,5,0,0,0,5,1,4,4,1,0,3,1,1,1,1,0,0,0,0,0
422,No,No,789589968ed90e82a832dbc60e958c76b787be7e,No,No,default,Static,Static Function,"memcpy_to_guest_ring(const struct domain *,struct argo_ring_info *,unsigned int,const void *,__guest_handle_uint8,unsigned int)",xen/common/argo.c,9,38,0,10,47,9,38,11,23,0,0,0,10,12,19,25,5,0,20,9,9,14,6,9,9,3,9,0
422,No,No,789589968ed90e82a832dbc60e958c76b787be7e,No,No,default,none,Function,memguard_guard_stack(void *),xen/arch/x86/mm.c,1,6,1,2,8,1,6,2,3,1,0,0,1,1,3,3,1,0,2,1,1,1,1,0,0,0,0,0
422,No,No,789589968ed90e82a832dbc60e958c76b787be7e,No,No,default,none,Function,memguard_is_stack_guard_page(unsigned long),xen/arch/x86/mm.c,1,6,0,2,7,1,6,1,3,0,0,0,1,1,2,2,0,0,2,1,1,2,1,0,0,0,0,0
422,No,No,789589968ed90e82a832dbc60e958c76b787be7e,No,No,default,none,Function,memguard_unguard_stack(void *),xen/arch/x86/mm.c,0,5,0,2,5,0,5,1,2,0,0,0,1,1,1,1,0,0,1,1,1,1,1,0,0,0,0,0
422,No,No,789589968ed90e82a832dbc60e958c76b787be7e,No,No,default,none,Function,"memory_add(unsigned long,unsigned long,unsigned int)",xen/arch/x86/x86_64/mm.c,18,108,8,4,134,18,108,7,81,8,0,0,35,7803,55,76,6,0,70,22,22,24,16,20,20,4,19,0
422,No,No,789589968ed90e82a832dbc60e958c76b787be7e,No,No,default,Static,Static Function,memory_decoded(const struct pci_dev *),xen/arch/x86/msi.c,2,18,0,14,20,2,18,2,10,0,0,0,2,2,8,9,1,0,8,2,2,2,1,1,0,1,0,0
422,No,No,789589968ed90e82a832dbc60e958c76b787be7e,No,No,default,Static,Static Function,memory_exchange(__guest_handle_xen_memory_exchange_t),xen/common/memory.c,37,229,27,15,292,36,209,13,143,26,13,9,49,24939521,104,145,12,0,133,47,47,54,25,87,87,5,87,0
422,No,No,789589968ed90e82a832dbc60e958c76b787be7e,No,No,default,none,Function,memory_type_changed(struct domain *),xen/arch/arm/p2m.c,0,3,0,2,3,0,3,1,0,0,0,0,0,1,0,0,0,0,0,1,1,1,1,0,0,0,0,0
422,No,No,789589968ed90e82a832dbc60e958c76b787be7e,No,No,default,Static,Static Function,memory_type_to_str(unsigned int),xen/arch/x86/mm/p2m-ept.c,1,13,0,2,14,1,13,9,10,0,0,0,3,1,3,3,1,0,2,2,2,2,1,0,0,0,0,0
422,No,No,789589968ed90e82a832dbc60e958c76b787be7e,No,No,default,Static,Static Function,"mfn_add(mfn_t,unsigned long)",xen/include/xen/mm.h,0,4,0,22,4,0,4,1,1,0,0,0,3,1,1,1,0,0,1,1,1,1,1,0,0,0,0,0
422,No,No,789589968ed90e82a832dbc60e958c76b787be7e,No,No,default,Static,Static Function,"mfn_eq(mfn_t,mfn_t)",xen/include/xen/mm.h,0,4,0,46,4,0,4,1,1,0,0,0,2,1,1,1,0,0,1,1,1,1,1,0,0,0,0,0
422,No,No,789589968ed90e82a832dbc60e958c76b787be7e,No,No,default,Static,Static Function,mfn_is_out_of_sync(mfn_t),xen/arch/x86/mm/shadow/private.h,0,4,0,3,4,0,4,1,1,0,0,0,3,1,1,1,0,0,1,1,1,1,1,0,0,0,0,0
422,No,No,789589968ed90e82a832dbc60e958c76b787be7e,No,No,default,Static,Static Function,"mfn_max(mfn_t,mfn_t)",xen/include/xen/mm.h,0,4,0,2,4,0,4,1,1,0,0,0,4,1,1,1,0,0,1,1,1,1,1,0,0,0,0,0
422,No,No,789589968ed90e82a832dbc60e958c76b787be7e,No,No,default,Static,Static Function,"mfn_min(mfn_t,mfn_t)",xen/include/xen/mm.h,0,4,0,3,4,0,4,1,1,0,0,0,4,1,1,1,0,0,1,1,1,1,1,0,0,0,0,0
422,No,No,789589968ed90e82a832dbc60e958c76b787be7e,No,No,default,Static,Static Function,mfn_oos_may_write(mfn_t),xen/arch/x86/mm/shadow/private.h,0,4,0,2,4,0,4,1,1,0,0,0,3,1,1,1,0,0,1,1,1,1,1,0,0,0,0,0
422,No,No,789589968ed90e82a832dbc60e958c76b787be7e,No,No,default,Static,Static Function,"mfn_to_gfn(struct domain *,mfn_t)",xen/include/asm-x86/p2m.h,0,7,0,2,7,0,7,1,4,0,0,0,4,2,2,3,0,0,3,2,2,2,1,1,0,1,0,0
422,No,No,789589968ed90e82a832dbc60e958c76b787be7e,No,No,default,Static,Static Function,"mfn_to_p2m_entry(mfn_t,p2m_type_t,p2m_access_t)",xen/arch/arm/p2m.c,9,33,17,5,59,9,33,9,28,17,0,0,14,8,19,24,2,0,22,6,4,6,1,6,0,2,0,0
422,No,No,789589968ed90e82a832dbc60e958c76b787be7e,No,No,default,Static,Static Function,"mfn_to_xen_entry(mfn_t,unsigned)",xen/arch/arm/mm.c,4,33,36,7,62,4,33,15,28,36,0,0,6,3,10,14,1,0,13,4,2,4,1,3,0,1,0,1
422,No,No,789589968ed90e82a832dbc60e958c76b787be7e,No,No,default,Static,Static Function,"microcode_fits(const struct microcode_amd *,unsigned int)",xen/arch/x86/microcode_amd.c,8,28,1,11,37,8,28,7,18,1,0,0,8,10,16,21,5,0,16,7,7,7,5,4,4,2,4,0
422,No,No,789589968ed90e82a832dbc60e958c76b787be7e,No,No,default,Static,Static Function,"microcode_resume_match(unsigned int,const void *)",xen/arch/x86/microcode_amd.c,6,39,0,8,45,6,39,4,30,0,0,0,13,12,23,29,3,0,26,7,7,7,6,9,9,2,9,0
422,No,No,789589968ed90e82a832dbc60e958c76b787be7e,No,No,default,Static,Static Function,"migrate(const struct scheduler *,struct csched2_vcpu *,struct csched2_runqueue_data *,s_time_t)",xen/common/sched_credit2.c,4,58,2,18,64,4,58,10,38,2,0,0,28,18,31,36,5,0,31,7,7,7,1,2,0,3,0,0
422,No,No,789589968ed90e82a832dbc60e958c76b787be7e,No,No,default,Static,Static Function,min_order(size_t),tools/libvchan/init.c,0,7,0,2,7,0,7,2,4,0,0,0,1,2,3,4,1,0,3,2,2,2,1,0,0,1,0,0
422,No,No,789589968ed90e82a832dbc60e958c76b787be7e,No,No,default,Static,Static Function,"mkec(uint8_t,int32_t,...)",xen/arch/x86/x86_emulate/x86_emulate.c,0,4,0,11,4,0,4,1,1,0,0,0,1,1,1,1,0,0,1,2,2,3,1,0,0,0,0,0
422,No,No,789589968ed90e82a832dbc60e958c76b787be7e,No,No,default,none,Function,"mktime(unsigned int,unsigned int,unsigned int,unsigned int,unsigned int,unsigned int)",xen/arch/x86/time.c,1,16,4,7,18,1,16,4,8,4,0,0,1,2,3,4,0,0,4,2,2,2,1,0,0,1,0,0
422,No,No,789589968ed90e82a832dbc60e958c76b787be7e,No,No,default,Static,Static Function,"mm_enforce_order_lock_post_page_alloc(const struct domain *,int *,unsigned short *)",xen/arch/x86/mm/mm-locks.h,0,1,0,4,1,0,1,1,1,0,0,0,2,1,1,1,0,0,1,1,1,1,1,0,0,0,0,0
422,No,No,789589968ed90e82a832dbc60e958c76b787be7e,No,No,default,Static,Static Function,"mm_enforce_order_lock_post_per_page_sharing(const struct domain *,int *,unsigned short *)",xen/arch/x86/mm/mm-locks.h,0,1,0,4,1,0,1,1,1,0,0,0,2,1,1,1,0,0,1,1,1,1,1,0,0,0,0,0
422,No,No,789589968ed90e82a832dbc60e958c76b787be7e,No,No,default,Static,Static Function,mm_enforce_order_lock_pre_page_alloc(const struct domain *),xen/arch/x86/mm/mm-locks.h,0,1,0,2,1,0,1,1,1,0,0,0,2,1,1,1,0,0,1,1,1,1,1,0,0,0,0,0
422,No,No,789589968ed90e82a832dbc60e958c76b787be7e,No,No,default,Static,Static Function,mm_enforce_order_lock_pre_per_page_sharing(const struct domain *),xen/arch/x86/mm/mm-locks.h,0,1,0,2,1,0,1,1,1,0,0,0,2,1,1,1,0,0,1,1,1,1,1,0,0,0,0,0
422,No,No,789589968ed90e82a832dbc60e958c76b787be7e,No,No,default,Static,Static Function,"mm_enforce_order_unlock(int,unsigned short *)",xen/arch/x86/mm/mm-locks.h,0,14,0,4,14,0,14,2,6,0,0,0,3,3,3,5,0,0,5,3,3,3,1,1,0,2,0,0
422,No,No,789589968ed90e82a832dbc60e958c76b787be7e,No,No,default,Static,Static Function,"mm_lock_altp2mlist(const struct domain *,mm_lock_t *,const char *,int)",xen/arch/x86/mm/mm-locks.h,0,1,0,5,1,0,1,1,1,0,0,0,2,1,1,1,0,0,1,1,1,1,1,0,0,0,0,0
422,No,No,789589968ed90e82a832dbc60e958c76b787be7e,No,No,default,Static,Static Function,mm_lock_init(mm_lock_t *),xen/arch/x86/mm/mm-locks.h,0,7,0,3,7,0,7,1,4,0,0,0,6,1,4,4,0,0,4,1,1,1,1,0,0,0,0,0
422,No,No,789589968ed90e82a832dbc60e958c76b787be7e,No,No,default,Static,Static Function,"mm_lock_nestedp2m(const struct domain *,mm_lock_t *,const char *,int)",xen/arch/x86/mm/mm-locks.h,0,1,0,4,1,0,1,1,1,0,0,0,2,1,1,1,0,0,1,1,1,1,1,0,0,0,0,0
422,No,No,789589968ed90e82a832dbc60e958c76b787be7e,No,No,default,Static,Static Function,"mm_lock_paging(const struct domain *,mm_lock_t *,const char *,int)",xen/arch/x86/mm/mm-locks.h,0,1,0,22,1,0,1,1,1,0,0,0,2,1,1,1,0,0,1,1,1,1,1,0,0,0,0,0
422,No,No,789589968ed90e82a832dbc60e958c76b787be7e,No,No,default,Static,Static Function,"mm_lock_pod(const struct domain *,mm_lock_t *,const char *,int)",xen/arch/x86/mm/mm-locks.h,0,1,0,10,1,0,1,1,1,0,0,0,2,1,1,1,0,0,1,1,1,1,1,0,0,0,0,0
422,No,No,789589968ed90e82a832dbc60e958c76b787be7e,No,No,default,Static,Static Function,mm_locked_by_me(mm_lock_t *),xen/arch/x86/mm/mm-locks.h,0,4,0,28,4,0,4,1,1,0,0,0,1,1,1,1,0,0,1,1,1,1,1,0,0,0,0,0
422,No,No,789589968ed90e82a832dbc60e958c76b787be7e,No,No,default,Static,Static Function,"mm_read_lock_altp2m(const struct domain *,mm_rwlock_t *)",xen/arch/x86/mm/mm-locks.h,0,1,0,2,1,0,1,1,1,0,0,0,2,1,1,1,0,0,1,1,1,1,1,0,0,0,0,0
422,No,No,789589968ed90e82a832dbc60e958c76b787be7e,No,No,default,Static,Static Function,"mm_read_lock_p2m(const struct domain *,mm_rwlock_t *)",xen/arch/x86/mm/mm-locks.h,0,1,0,3,1,0,1,1,1,0,0,0,2,1,1,1,0,0,1,1,1,1,1,0,0,0,0,0
422,No,No,789589968ed90e82a832dbc60e958c76b787be7e,No,No,default,Static,Static Function,mm_read_unlock(mm_rwlock_t *),xen/arch/x86/mm/mm-locks.h,0,4,0,3,4,0,4,1,1,0,0,0,2,1,1,1,0,0,1,1,1,1,1,0,0,0,0,0
422,No,No,789589968ed90e82a832dbc60e958c76b787be7e,No,No,default,Static,Static Function,mm_rwlock_init(mm_rwlock_t *),xen/arch/x86/mm/mm-locks.h,0,7,0,3,7,0,7,1,4,0,0,0,6,1,4,4,0,0,4,1,1,1,1,0,0,0,0,0
422,No,No,789589968ed90e82a832dbc60e958c76b787be7e,No,No,default,Static,Static Function,mm_unlock(mm_lock_t *),xen/arch/x86/mm/mm-locks.h,0,9,0,29,9,0,9,1,4,0,0,0,5,2,3,4,0,0,4,2,2,2,1,0,0,1,0,0
422,No,No,789589968ed90e82a832dbc60e958c76b787be7e,No,No,default,Static,Static Function,"mm_write_lock_altp2m(const struct domain *,mm_rwlock_t *,const char *)",xen/arch/x86/mm/mm-locks.h,0,1,0,4,1,0,1,1,1,0,0,0,2,1,1,1,0,0,1,1,1,1,1,0,0,0,0,0
422,No,No,789589968ed90e82a832dbc60e958c76b787be7e,No,No,default,Static,Static Function,"mm_write_lock_p2m(const struct domain *,mm_rwlock_t *,const char *)",xen/arch/x86/mm/mm-locks.h,0,1,0,4,1,0,1,1,1,0,0,0,2,1,1,1,0,0,1,1,1,1,1,0,0,0,0,0
422,No,No,789589968ed90e82a832dbc60e958c76b787be7e,No,No,default,Static,Static Function,mm_write_locked_by_me(mm_rwlock_t *),xen/arch/x86/mm/mm-locks.h,0,4,0,9,4,0,4,1,1,0,0,0,2,1,1,1,0,0,1,1,1,1,1,0,0,0,0,0
422,No,No,789589968ed90e82a832dbc60e958c76b787be7e,No,No,default,Static,Static Function,mm_write_unlock(mm_rwlock_t *),xen/arch/x86/mm/mm-locks.h,0,9,0,6,9,0,9,1,6,0,0,0,6,2,5,6,0,0,6,2,2,2,1,1,0,1,0,0
422,No,No,789589968ed90e82a832dbc60e958c76b787be7e,No,No,default,none,Function,"mmcfg_intercept_write(enum x86_segment,unsigned long,void *,unsigned int,struct x86_emulate_ctxt *)",xen/arch/x86/mm.c,3,23,4,8,30,3,23,7,13,4,0,0,4,3,6,8,1,0,7,3,3,6,1,1,0,1,0,0
422,No,No,789589968ed90e82a832dbc60e958c76b787be7e,No,No,default,Static,Static Function,"mmio_order(const struct domain *,unsigned long,unsigned long)",xen/arch/x86/mm/p2m.c,3,15,11,5,27,3,15,2,11,11,0,0,2,4,4,7,0,0,7,4,4,9,4,3,3,1,3,0
422,No,No,789589968ed90e82a832dbc60e958c76b787be7e,No,No,default,none,Function,"mmio_ro_emulated_write(enum x86_segment,unsigned long,void *,unsigned int,struct x86_emulate_ctxt *)",xen/arch/x86/mm.c,2,17,1,5,20,2,17,7,7,1,0,0,2,2,4,5,1,0,4,2,2,4,1,1,0,1,0,0
422,No,No,789589968ed90e82a832dbc60e958c76b787be7e,No,No,default,none,Function,mmu_init_secondary_cpu(),xen/arch/arm/mm.c,0,5,1,0,6,0,5,1,2,1,0,0,3,1,2,2,0,0,2,1,1,1,1,0,0,0,0,0
422,No,No,789589968ed90e82a832dbc60e958c76b787be7e,No,No,default,Static,Static Function,mode_string(uint32_t),xen/arch/arm/traps.c,1,28,0,2,29,1,19,20,22,0,7,2,2,2,5,6,2,0,4,3,3,3,1,1,0,1,0,0
422,No,No,789589968ed90e82a832dbc60e958c76b787be7e,No,No,default,Static,Static Function,modern_apic(),xen/arch/x86/apic.c,0,10,1,3,11,0,10,2,6,1,0,0,3,2,5,6,1,0,5,2,2,3,1,1,0,1,0,0
422,No,No,789589968ed90e82a832dbc60e958c76b787be7e,No,No,default,Static,Static Function,"modify_bars(const struct pci_dev *,uint16_t,bool)",xen/drivers/vpci/header.c,14,78,36,21,128,14,78,16,56,36,0,0,15,150,42,54,14,0,40,14,14,24,13,13,13,2,13,0
422,No,No,789589968ed90e82a832dbc60e958c76b787be7e,No,No,default,Static,Static Function,"modify_decoding(const struct pci_dev *,uint16_t,bool)",xen/drivers/vpci/header.c,6,33,8,13,47,6,33,10,24,8,0,0,7,13,16,22,6,0,16,9,9,16,5,6,6,2,5,0
422,No,No,789589968ed90e82a832dbc60e958c76b787be7e,No,No,default,none,Function,"modify_xen_mappings(unsigned long,unsigned long,unsigned int)",xen/arch/x86/mm.c,26,173,37,4,234,26,171,14,131,37,0,2,39,447822208,86,131,9,0,122,57,57,68,19,39,39,5,37,0
422,No,No,789589968ed90e82a832dbc60e958c76b787be7e,No,No,default,none,Function,"modify_xen_mappings(unsigned long,unsigned long,unsigned int)",xen/arch/arm/mm.c,0,5,0,3,5,0,5,1,2,0,0,0,3,1,1,1,0,0,1,1,1,1,1,0,0,0,0,0
422,No,No,789589968ed90e82a832dbc60e958c76b787be7e,No,No,default,none,Function,"monitor_domctl(struct domain *,struct xen_domctl_monitor_op *)",xen/common/monitor.c,10,44,6,11,59,10,44,4,34,6,0,0,15,21,22,33,3,0,30,10,8,10,10,17,16,2,16,0
422,No,No,789589968ed90e82a832dbc60e958c76b787be7e,No,No,default,none,Function,monitor_guest_request(),xen/common/monitor.c,2,13,0,5,15,2,13,7,8,0,0,0,1,2,4,5,3,0,2,2,2,2,1,0,0,1,0,0
422,No,No,789589968ed90e82a832dbc60e958c76b787be7e,No,No,default,none,Function,"monitor_traps(struct vcpu *,bool,vm_event_request_t *)",xen/common/monitor.c,6,31,4,8,41,6,31,3,21,4,0,0,12,6,17,22,2,1,19,5,4,5,1,5,0,1,0,0
422,No,No,789589968ed90e82a832dbc60e958c76b787be7e,No,No,default,none,Function,move_masked_irq(struct irq_desc *),xen/arch/x86/irq.c,6,14,9,8,29,6,14,2,11,9,0,0,7,5,7,11,1,0,10,5,5,5,4,3,3,1,3,0
422,No,No,789589968ed90e82a832dbc60e958c76b787be7e,No,No,default,none,Function,move_native_irq(struct irq_desc *),xen/arch/x86/irq.c,2,10,0,4,12,2,10,1,7,0,0,0,5,3,5,7,0,0,7,3,3,3,3,2,2,1,2,0
422,No,No,789589968ed90e82a832dbc60e958c76b787be7e,No,No,default,Static,Static Function,"msi_capability_init(struct pci_dev *,int,struct msi_desc **,unsigned int)",xen/arch/x86/msi.c,7,60,9,12,75,7,60,12,44,9,0,0,33,30,43,51,8,0,43,10,10,10,4,3,3,2,3,0
422,No,No,789589968ed90e82a832dbc60e958c76b787be7e,No,No,default,none,Function,"msi_compose_msg(unsigned,const cpumask_t *,struct msi_msg *)",xen/arch/x86/msi.c,6,28,0,6,34,6,28,2,23,0,0,0,12,4,9,12,1,0,11,7,7,7,4,3,3,2,3,0
422,No,No,789589968ed90e82a832dbc60e958c76b787be7e,No,No,default,none,Function,msi_free_irq(struct msi_desc *),xen/arch/x86/msi.c,4,18,1,14,23,4,18,3,13,1,0,0,7,10,7,11,1,0,10,6,6,6,1,0,0,2,0,0
422,No,No,789589968ed90e82a832dbc60e958c76b787be7e,No,No,default,Static,Static Function,msi_free_irqs(struct pci_dev *),xen/arch/x86/msi.c,1,9,0,3,10,1,9,2,4,0,0,0,3,1,3,3,1,0,2,1,1,1,1,0,0,0,0,0
422,No,No,789589968ed90e82a832dbc60e958c76b787be7e,No,No,default,Static,Static Function,msi_get_mask_bit(const struct msi_desc *),xen/arch/x86/msi.c,1,22,0,14,23,1,22,1,17,0,0,0,5,6,6,12,0,0,12,6,5,6,6,10,10,2,10,0
422,No,No,789589968ed90e82a832dbc60e958c76b787be7e,No,No,default,none,Function,msi_maskable_irq(const struct msi_desc *),xen/arch/x86/msi.c,0,6,0,6,6,0,6,1,3,0,0,0,3,2,3,4,0,0,4,3,3,4,1,0,0,2,0,0
422,No,No,789589968ed90e82a832dbc60e958c76b787be7e,No,No,default,none,Function,"msi_msg_read_remap_rte(struct msi_desc *,struct msi_msg *)",xen/drivers/passthrough/vtd/intremap.c,1,12,0,8,13,1,12,4,8,0,0,0,3,2,4,5,2,0,3,4,4,4,1,0,0,1,0,0
422,No,No,789589968ed90e82a832dbc60e958c76b787be7e,No,No,default,Static,Static Function,"msi_msg_to_remap_entry(struct iommu *,struct pci_dev *,struct msi_desc *,struct msi_msg *)",xen/drivers/passthrough/vtd/intremap.c,13,89,3,22,105,13,89,11,69,3,0,0,39,88,60,71,6,0,65,13,13,13,3,6,2,2,2,0
422,No,No,789589968ed90e82a832dbc60e958c76b787be7e,No,No,default,none,Function,"msi_msg_write_remap_rte(struct msi_desc *,struct msi_msg *)",xen/drivers/passthrough/vtd/intremap.c,1,10,0,5,11,1,10,4,6,0,0,0,4,1,4,4,2,0,2,3,3,3,1,0,0,0,0,0
422,No,No,789589968ed90e82a832dbc60e958c76b787be7e,No,No,default,Static,Static Function,"msi_set_enable(struct pci_dev *,int)",xen/arch/x86/msi.c,1,11,0,9,12,1,11,6,7,0,0,0,2,2,7,8,5,0,3,2,2,2,1,0,0,1,0,0
422,No,No,789589968ed90e82a832dbc60e958c76b787be7e,No,No,default,Static,Static Function,"msi_set_mask_bit(struct irq_desc *,bool,bool)",xen/arch/x86/msi.c,7,73,0,30,80,7,73,8,54,0,0,0,21,92,42,54,7,0,47,14,13,18,5,11,11,3,11,0
422,No,No,789589968ed90e82a832dbc60e958c76b787be7e,No,No,default,Static,Static Function,"msix_accept(struct vcpu *,unsigned long)",xen/drivers/vpci/msix.c,0,4,0,3,4,0,4,1,1,0,0,0,2,1,1,1,0,0,1,1,1,1,1,0,0,0,0,0
422,No,No,789589968ed90e82a832dbc60e958c76b787be7e,No,No,default,Static,Static Function,"msix_capability_init(struct pci_dev *,unsigned int,struct msi_info *,struct msi_desc **,unsigned int)",xen/arch/x86/msi.c,22,164,17,34,203,22,164,24,121,17,0,0,45,283852,103,128,19,0,109,37,37,42,8,9,7,4,7,0
422,No,No,789589968ed90e82a832dbc60e958c76b787be7e,No,No,default,Static,Static Function,"msix_find(const struct domain *,unsigned long)",xen/drivers/vpci/msix.c,3,14,0,15,17,3,14,4,8,0,0,0,5,3,7,9,3,0,6,3,3,5,3,3,3,2,3,0
422,No,No,789589968ed90e82a832dbc60e958c76b787be7e,No,No,default,Static,Static Function,msix_fixmap_alloc(),xen/arch/x86/msi.c,2,15,0,1,17,2,15,2,11,0,0,0,5,6,10,13,1,0,12,4,4,4,3,3,3,2,2,0
422,No,No,789589968ed90e82a832dbc60e958c76b787be7e,No,No,default,Static,Static Function,msix_fixmap_free(int),xen/arch/x86/msi.c,0,7,0,2,7,0,7,1,4,0,0,0,3,2,3,4,0,0,4,2,2,2,1,0,0,1,0,0
422,No,No,789589968ed90e82a832dbc60e958c76b787be7e,No,No,default,Static,Static Function,"msix_get_fixmap(struct arch_msix *,u64,u64)",xen/arch/x86/msi.c,4,26,0,7,30,4,26,4,15,0,0,0,5,4,13,16,2,0,14,4,4,5,4,4,4,2,4,0
422,No,No,789589968ed90e82a832dbc60e958c76b787be7e,No,No,default,Static,Static Function,"msix_memory_decoded(const struct pci_dev *,unsigned int)",xen/arch/x86/msi.c,2,8,0,8,10,2,8,3,5,0,0,0,4,2,3,4,1,0,3,2,2,2,1,1,0,1,0,0
422,No,No,789589968ed90e82a832dbc60e958c76b787be7e,No,No,default,Static,Static Function,"msix_put_fixmap(struct arch_msix *,int)",xen/arch/x86/msi.c,3,20,0,6,23,3,20,2,11,0,0,0,4,12,10,14,1,0,13,5,5,5,3,3,3,2,2,0
422,No,No,789589968ed90e82a832dbc60e958c76b787be7e,No,No,default,Static,Static Function,"msix_read(struct vcpu *,unsigned long,unsigned int,unsigned long *)",xen/drivers/vpci/msix.c,14,55,7,10,76,14,55,6,43,7,0,0,12,11,30,42,4,0,38,13,9,14,4,16,3,2,3,0
422,No,No,789589968ed90e82a832dbc60e958c76b787be7e,No,No,default,Static,Static Function,"msix_set_enable(struct pci_dev *,int)",xen/arch/x86/msi.c,1,17,0,6,18,1,17,6,11,0,0,0,4,3,10,12,5,0,7,3,3,3,1,0,0,2,0,0
422,No,No,789589968ed90e82a832dbc60e958c76b787be7e,No,No,default,Static,Static Function,"msix_write(struct vcpu *,unsigned long,unsigned int,unsigned long)",xen/drivers/vpci/msix.c,18,80,20,13,118,18,80,8,60,20,0,0,18,26,42,59,6,0,53,16,12,20,13,28,25,3,25,0
422,No,No,789589968ed90e82a832dbc60e958c76b787be7e,No,No,default,Static,Static Function,msr_fold(const struct cpu_user_regs *),xen/include/asm-x86/msr.h,0,4,0,3,4,0,4,1,1,0,0,0,1,1,1,1,0,0,1,1,1,1,1,0,0,0,0,0
422,No,No,789589968ed90e82a832dbc60e958c76b787be7e,No,No,default,Static,Static Function,"msr_split(struct cpu_user_regs *,uint64_t)",xen/include/asm-x86/msr.h,0,5,0,1,5,0,5,1,2,0,0,0,3,1,2,2,0,0,2,1,1,1,1,0,0,0,0,0
422,No,No,789589968ed90e82a832dbc60e958c76b787be7e,No,No,default,Static,Static Function,mul_dbl(unsigned long [2]),xen/arch/x86/x86_emulate/x86_emulate.c,2,7,0,1,9,2,7,2,1,0,0,0,1,1,3,3,1,1,1,1,1,1,1,0,0,0,0,0
422,No,No,789589968ed90e82a832dbc60e958c76b787be7e,No,No,default,Static,Static Function,"mul_frac(u32,u32)",xen/arch/x86/time.c,0,9,0,5,9,0,9,2,1,0,0,0,1,1,3,3,1,1,1,1,1,1,1,0,0,0,0,0
422,No,No,789589968ed90e82a832dbc60e958c76b787be7e,No,No,default,none,Function,"muldiv64(uint64_t,uint32_t,uint32_t)",xen/common/lib.c,1,26,0,7,27,1,17,9,7,0,3,6,5,1,12,12,5,0,7,1,1,1,1,0,0,0,0,0
422,No,No,789589968ed90e82a832dbc60e958c76b787be7e,No,No,default,Static,Static Function,mwait_idle(),xen/arch/x86/cpu/mwait-idle.c,18,66,8,5,91,18,62,8,52,4,6,2,28,57,41,50,7,0,43,11,11,15,3,3,2,2,2,0
422,No,No,789589968ed90e82a832dbc60e958c76b787be7e,No,No,default,Static,Static Function,"mwait_idle_cpu_init(struct notifier_block *,unsigned long,void *)",xen/arch/x86/cpu/mwait-idle.c,17,61,3,14,81,17,61,6,50,3,0,0,13,267,34,47,4,0,43,13,12,15,9,12,12,2,12,0
422,No,No,789589968ed90e82a832dbc60e958c76b787be7e,No,No,default,Static,Static Function,need_full_gdt(const struct domain *),xen/arch/x86/domain.c,0,4,0,3,4,0,4,1,1,0,0,0,2,1,1,1,0,0,1,1,1,2,1,0,0,0,0,0
422,No,No,789589968ed90e82a832dbc60e958c76b787be7e,No,No,default,Static,Static Function,needs_ssbd_flip(struct vcpu *),xen/arch/arm/traps.c,1,7,0,6,8,1,7,1,4,0,0,0,3,2,2,3,0,0,3,2,2,3,1,1,0,1,0,0
422,No,No,789589968ed90e82a832dbc60e958c76b787be7e,No,No,default,none,Function,"nestedsvm_check_intercepts(struct vcpu *,struct cpu_user_regs *,uint64_t)",xen/arch/x86/hvm/svm/nestedsvm.c,5,51,13,6,69,5,51,4,40,13,0,0,8,16,22,39,1,0,38,17,11,17,16,57,57,3,57,0
422,No,No,789589968ed90e82a832dbc60e958c76b787be7e,No,No,default,Static,Static Function,"nestedsvm_fpu_vmentry(uint64_t,struct vmcb_struct *,struct vmcb_struct *,struct vmcb_struct *)",xen/arch/x86/hvm/svm/nestedsvm.c,2,15,5,6,22,2,15,4,8,5,0,0,2,3,7,9,1,0,8,3,3,5,1,1,0,1,0,0
422,No,No,789589968ed90e82a832dbc60e958c76b787be7e,No,No,default,Static,Static Function,"nestedsvm_fpu_vmexit(struct vmcb_struct *,struct vmcb_struct *,uint64_t,uint64_t)",xen/arch/x86/hvm/svm/nestedsvm.c,0,11,4,6,15,0,11,2,6,4,0,0,2,3,4,6,0,0,6,3,3,5,1,1,0,1,0,0
422,No,No,789589968ed90e82a832dbc60e958c76b787be7e,No,No,default,none,Function,nestedsvm_gif_isset(struct vcpu *),xen/arch/x86/hvm/svm/nestedsvm.c,1,10,1,11,12,1,10,4,6,1,0,0,2,2,4,5,2,0,3,2,2,2,1,1,0,1,0,0
422,No,No,789589968ed90e82a832dbc60e958c76b787be7e,No,No,default,Static,Static Function,nestedsvm_vcpu_clgi(struct vcpu *),xen/arch/x86/hvm/svm/nestedsvm.c,0,6,2,3,7,0,6,2,2,2,0,0,3,1,2,2,0,0,2,1,1,1,1,0,0,0,0,0
422,No,No,789589968ed90e82a832dbc60e958c76b787be7e,No,No,default,none,Function,"nestedsvm_vcpu_interrupt(struct vcpu *,const struct hvm_intack)",xen/arch/x86/hvm/svm/nestedsvm.c,4,39,0,5,43,4,39,6,31,0,0,0,8,10,22,31,4,0,27,9,4,9,7,15,15,1,15,0
422,No,No,789589968ed90e82a832dbc60e958c76b787be7e,No,No,default,Static,Static Function,nestedsvm_vcpu_stgi(struct vcpu *),xen/arch/x86/hvm/svm/nestedsvm.c,0,6,2,4,7,0,6,2,2,2,0,0,3,1,2,2,0,0,2,1,1,1,1,0,0,0,0,0
422,No,No,789589968ed90e82a832dbc60e958c76b787be7e,No,No,default,Static,Static Function,"nestedsvm_vcpu_vmexit(struct vcpu *,struct cpu_user_regs *,uint64_t)",xen/arch/x86/hvm/svm/nestedsvm.c,11,35,8,5,54,11,35,6,26,8,0,0,11,14,20,27,3,0,24,7,5,7,6,9,9,2,9,0
422,No,No,789589968ed90e82a832dbc60e958c76b787be7e,No,No,default,Static,Static Function,"nestedsvm_vmcb_isvalid(struct vcpu *,uint64_t)",xen/arch/x86/hvm/svm/nestedsvm.c,2,9,4,2,15,2,9,2,5,4,0,0,1,3,3,5,0,0,5,3,3,3,3,2,2,1,2,0
422,No,No,789589968ed90e82a832dbc60e958c76b787be7e,No,No,default,none,Function,"nestedsvm_vmcb_map(struct vcpu *,uint64_t)",xen/arch/x86/hvm/svm/nestedsvm.c,4,26,0,7,30,4,26,5,17,0,0,0,9,8,13,17,3,0,14,5,5,6,4,4,4,2,4,0
422,No,No,789589968ed90e82a832dbc60e958c76b787be7e,No,No,default,Static,Static Function,"nestedsvm_vmcb_set_nestedp2m(struct vcpu *,struct vmcb_struct *,struct vmcb_struct *)",xen/arch/x86/hvm/svm/nestedsvm.c,3,11,1,6,15,3,11,3,6,1,0,0,8,1,7,7,1,0,6,1,1,1,1,0,0,0,0,0
422,No,No,789589968ed90e82a832dbc60e958c76b787be7e,No,No,default,none,Function,"nestedsvm_vmexit_defer(struct vcpu *,uint64_t,uint64_t,uint64_t)",xen/arch/x86/hvm/svm/nestedsvm.c,2,15,0,15,17,2,15,5,10,0,0,0,11,2,8,9,2,0,7,2,2,2,1,1,0,1,0,0
422,No,No,789589968ed90e82a832dbc60e958c76b787be7e,No,No,default,none,Function,"nestedsvm_vmexit_n2n1(struct vcpu *,struct cpu_user_regs *)",xen/arch/x86/hvm/svm/nestedsvm.c,4,16,0,5,20,4,16,4,11,0,0,0,7,4,10,12,2,0,10,3,3,3,1,0,0,1,0,0
422,No,No,789589968ed90e82a832dbc60e958c76b787be7e,No,No,default,none,Function,new_guest_cr3(mfn_t),xen/arch/x86/mm.c,13,88,7,1,106,0,5,1,2,0,98,3,2,1,2,2,0,0,2,1,1,1,1,0,0,0,0,0
422,No,No,789589968ed90e82a832dbc60e958c76b787be7e,No,No,default,Static,Static Function,"next_bdf(char **,int *,int *,int *,int *)",tools/python/xen/lowlevel/xc/xc.c,3,17,0,4,20,3,17,2,13,0,0,0,8,2,13,14,1,0,13,3,3,4,1,1,0,1,0,0
422,No,No,789589968ed90e82a832dbc60e958c76b787be7e,No,No,default,Static,Static Function,"next_domain_in_cpupool(struct domain *,struct cpupool *)",xen/include/xen/sched.h,0,7,0,5,7,0,7,2,3,0,0,0,2,2,4,5,0,1,4,2,2,3,1,0,0,1,0,0
422,No,No,789589968ed90e82a832dbc60e958c76b787be7e,No,No,default,Static,Static Function,next_shadow(const struct page_info *),xen/arch/x86/mm/shadow/common.c,0,5,0,7,5,0,5,2,1,0,0,0,2,1,1,1,0,0,1,2,2,2,1,0,0,0,0,0
422,No,No,789589968ed90e82a832dbc60e958c76b787be7e,No,No,default,Static,Static Function,nhvm_vmcx_hap_enabled(const struct vcpu *),xen/include/asm-x86/hvm/hvm.h,0,5,0,0,5,0,5,1,2,0,0,0,2,1,2,2,0,0,2,1,1,1,1,0,0,0,0,0
422,No,No,789589968ed90e82a832dbc60e958c76b787be7e,No,No,default,Static,Static Function,nmi_hwdom_report(unsigned int),xen/arch/x86/traps.c,3,8,1,6,11,3,8,2,5,1,0,0,4,2,4,5,1,0,4,2,2,5,1,1,0,1,0,0
422,No,No,789589968ed90e82a832dbc60e958c76b787be7e,No,No,default,Static,Static Function,"nmi_show_execution_state(const struct cpu_user_regs *,int)",xen/arch/x86/traps.c,2,12,0,6,14,2,12,1,9,0,0,0,6,3,5,7,0,0,7,4,4,4,1,2,0,1,0,0
422,No,No,789589968ed90e82a832dbc60e958c76b787be7e,No,No,default,Static,Static Function,node_to_scrub(bool),xen/common/page_alloc.c,8,36,12,4,56,8,36,4,27,12,0,0,9,24,17,25,3,3,19,10,10,15,6,8,8,4,8,0
422,No,No,789589968ed90e82a832dbc60e958c76b787be7e,No,No,default,Static,Static Function,"nominate_page(struct domain *,gfn_t,int,shr_handle_t *)",xen/arch/x86/mm/mem_sharing.c,20,90,16,9,125,16,65,9,49,15,28,2,30,192,42,50,7,0,43,9,9,9,8,7,7,2,7,0
422,No,No,789589968ed90e82a832dbc60e958c76b787be7e,No,No,default,Static,Static Function,"notify(struct domain *,__guest_handle_xen_argo_ring_data_t)",xen/common/argo.c,11,44,0,6,55,11,44,6,28,0,0,0,14,128,23,30,3,0,27,10,10,11,6,5,5,2,5,0
422,No,No,789589968ed90e82a832dbc60e958c76b787be7e,No,No,default,Static,Static Function,notify_check_pending(struct domain *),xen/common/argo.c,6,18,1,5,25,6,18,5,10,1,0,0,10,8,12,15,3,0,12,5,5,5,1,0,0,2,0,0
422,No,No,789589968ed90e82a832dbc60e958c76b787be7e,No,No,default,Static,Static Function,notify_dom0_con_ring(unsigned long),xen/drivers/char/console.c,0,4,0,0,4,0,4,1,1,0,0,0,1,1,1,1,0,0,1,1,1,1,1,0,0,0,0,0
422,No,No,789589968ed90e82a832dbc60e958c76b787be7e,No,No,default,Static,Static Function,"notify_ring(const struct domain *,struct argo_ring_info *,struct list_head *)",xen/common/argo.c,5,15,0,8,20,5,15,4,9,0,0,0,8,8,8,11,1,0,10,5,5,7,1,1,0,2,0,0
422,No,No,789589968ed90e82a832dbc60e958c76b787be7e,No,No,default,none,Function,"notify_via_xen_event_channel(struct domain *,int)",xen/common/event_channel.c,4,16,0,12,20,4,16,3,9,0,0,0,8,6,12,15,2,0,13,6,6,6,1,0,0,3,0,0
422,No,No,789589968ed90e82a832dbc60e958c76b787be7e,No,No,default,Static,Static Function,np2m_schedule(int),xen/include/asm-x86/p2m.h,0,1,0,0,1,0,1,1,0,0,0,0,0,1,0,0,0,0,0,1,1,1,1,0,0,0,0,0
422,No,No,789589968ed90e82a832dbc60e958c76b787be7e,No,No,default,Static,Static Function,nr_active_grant_frames(struct grant_table *),xen/common/grant_table.c,0,5,0,3,5,0,5,2,1,0,0,0,3,1,1,1,0,0,1,1,1,1,1,0,0,0,0,0
422,No,No,789589968ed90e82a832dbc60e958c76b787be7e,No,No,default,Static,Static Function,nr_grant_entries(struct grant_table *),xen/common/grant_table.c,1,17,0,11,18,1,15,3,10,0,0,2,2,3,7,10,2,0,8,3,2,3,1,3,0,1,0,0
422,No,No,789589968ed90e82a832dbc60e958c76b787be7e,No,No,default,Static,Static Function,nr_grant_frames(const struct grant_table *),xen/common/grant_table.c,0,4,0,11,4,0,4,1,1,0,0,0,1,1,1,1,0,0,1,1,1,1,1,0,0,0,0,0
422,No,No,789589968ed90e82a832dbc60e958c76b787be7e,No,No,default,Static,Static Function,nr_maptrack_frames(struct grant_table *),xen/common/grant_table.c,0,5,0,5,5,0,5,3,1,0,0,0,1,1,1,1,0,0,1,1,1,1,1,0,0,0,0,0
422,No,No,789589968ed90e82a832dbc60e958c76b787be7e,No,No,default,Static,Static Function,nr_status_frames(const struct grant_table *),xen/common/grant_table.c,0,4,0,8,4,0,4,1,1,0,0,0,1,1,1,1,0,0,1,1,1,1,1,0,0,0,0,0
422,No,No,789589968ed90e82a832dbc60e958c76b787be7e,No,No,default,Static,Static Function,ns16550_delayed_resume(void *),xen/drivers/char/ns16550.c,1,9,0,4,10,1,9,3,6,0,0,0,5,2,4,5,2,0,3,2,2,3,1,1,0,1,0,0
422,No,No,789589968ed90e82a832dbc60e958c76b787be7e,No,No,default,Static,Static Function,"ns16550_getc(struct serial_port *,char *)",xen/drivers/char/ns16550.c,2,9,0,2,11,2,9,2,6,0,0,0,4,2,4,5,1,0,4,2,2,3,1,1,0,1,0,0
422,No,No,789589968ed90e82a832dbc60e958c76b787be7e,No,No,default,Static,Static Function,ns16550_init_common(struct ns16550 *),xen/drivers/char/ns16550.c,2,6,2,0,10,2,6,1,3,2,0,0,4,1,3,3,0,0,3,1,1,1,1,0,0,0,0,0
422,No,No,789589968ed90e82a832dbc60e958c76b787be7e,No,No,default,Static,Static Function,"ns16550_interrupt(int,void *,struct cpu_user_regs *)",xen/drivers/char/ns16550.c,4,16,8,4,28,4,16,5,10,8,0,0,5,5,7,10,3,0,7,4,4,4,1,0,0,2,0,0
422,No,No,789589968ed90e82a832dbc60e958c76b787be7e,No,No,default,Static,Static Function,ns16550_ioport_invalid(struct ns16550 *),xen/drivers/char/ns16550.c,0,4,0,6,4,0,4,1,1,0,0,0,2,1,1,1,0,0,1,1,1,1,1,0,0,0,0,0
422,No,No,789589968ed90e82a832dbc60e958c76b787be7e,No,No,default,Static,Static Function,ns16550_poll(void *),xen/drivers/char/ns16550.c,0,9,0,1,9,0,5,1,2,0,1,3,3,1,2,2,0,0,2,1,1,1,1,0,0,0,0,0
422,No,No,789589968ed90e82a832dbc60e958c76b787be7e,No,No,default,Static,Static Function,"ns16550_putc(struct serial_port *,char)",xen/drivers/char/ns16550.c,0,5,0,3,5,0,5,2,2,0,0,0,1,1,2,2,1,0,1,1,1,1,1,0,0,0,0,0
422,No,No,789589968ed90e82a832dbc60e958c76b787be7e,No,No,default,Static,Static Function,ns16550_resume(struct serial_port *),xen/drivers/char/ns16550.c,1,11,13,3,25,1,11,2,6,13,0,0,5,2,4,5,1,0,4,2,2,2,1,1,0,1,0,1
422,No,No,789589968ed90e82a832dbc60e958c76b787be7e,No,No,default,Static,Static Function,ns16550_setup_postirq(struct ns16550 *),xen/drivers/char/ns16550.c,2,11,2,5,15,2,11,1,6,2,0,0,4,4,3,5,0,0,5,3,3,3,1,0,0,1,0,0
422,No,No,789589968ed90e82a832dbc60e958c76b787be7e,No,No,default,Static,Static Function,ns16550_setup_preirq(struct ns16550 *),xen/drivers/char/ns16550.c,8,32,7,7,47,8,32,3,23,7,0,0,8,3,18,20,2,0,18,3,3,3,1,2,0,2,0,0
422,No,No,789589968ed90e82a832dbc60e958c76b787be7e,No,No,default,Static,Static Function,ns16550_start_tx(struct serial_port *),xen/drivers/char/ns16550.c,1,7,1,2,9,1,7,3,4,1,0,0,2,2,3,4,2,0,2,2,2,2,1,0,0,1,0,0
422,No,No,789589968ed90e82a832dbc60e958c76b787be7e,No,No,default,Static,Static Function,ns16550_stop_tx(struct serial_port *),xen/drivers/char/ns16550.c,1,7,1,2,9,1,7,3,4,1,0,0,2,2,3,4,2,0,2,2,2,2,1,0,0,1,0,0
422,No,No,789589968ed90e82a832dbc60e958c76b787be7e,No,No,default,Static,Static Function,ns16550_suspend(struct serial_port *),xen/drivers/char/ns16550.c,2,10,0,3,12,2,5,2,2,0,3,2,1,1,2,2,1,0,1,1,1,1,1,0,0,0,0,0
422,No,No,789589968ed90e82a832dbc60e958c76b787be7e,No,No,default,Static,Static Function,ns16550_tx_ready(struct serial_port *),xen/drivers/char/ns16550.c,2,8,0,4,10,2,8,2,5,0,0,0,3,2,3,4,1,0,3,3,3,3,1,1,0,1,0,0
422,No,No,789589968ed90e82a832dbc60e958c76b787be7e,No,No,default,Static,Static Function,"ns_read_reg(struct ns16550 *,unsigned int)",xen/drivers/char/ns16550.c,0,17,0,14,17,0,13,2,8,0,2,2,3,3,4,7,1,0,6,3,2,3,1,3,0,1,0,0
422,No,No,789589968ed90e82a832dbc60e958c76b787be7e,No,No,default,none,Function,ns_to_acpi_pm_tick(uint64_t),xen/arch/x86/time.c,0,4,0,2,4,0,4,1,1,0,0,0,2,1,1,1,0,0,1,1,1,1,1,0,0,0,0,0
422,No,No,789589968ed90e82a832dbc60e958c76b787be7e,No,No,default,Static,Static Function,"ns_write_reg(struct ns16550 *,unsigned int,u8)",xen/drivers/char/ns16550.c,0,19,1,11,20,0,15,2,10,1,2,2,2,3,6,9,1,0,8,3,2,3,1,3,0,1,0,0
422,No,No,789589968ed90e82a832dbc60e958c76b787be7e,No,No,default,Static,Static Function,"nsvm_get_nvmcb_page(struct vcpu *,uint64_t)",xen/arch/x86/hvm/svm/svm.c,4,20,1,6,25,4,20,5,12,1,0,0,7,4,9,12,3,0,9,4,4,5,4,3,3,1,3,0
422,No,No,789589968ed90e82a832dbc60e958c76b787be7e,No,No,default,none,Function,"nsvm_hap_walk_L1_p2m(struct vcpu *,paddr_t,paddr_t *,unsigned int *,uint8_t *,bool_t,bool_t,bool_t)",xen/arch/x86/hvm/svm/nestedsvm.c,5,19,1,5,25,5,19,6,11,1,0,0,5,8,10,13,2,0,11,4,4,4,1,1,0,1,0,0
422,No,No,789589968ed90e82a832dbc60e958c76b787be7e,No,No,default,none,Function,nsvm_intr_blocked(struct vcpu *),xen/arch/x86/hvm/svm/nestedsvm.c,8,23,13,15,44,8,23,4,17,13,0,0,7,12,10,17,3,0,14,8,8,9,8,9,9,3,9,0
422,No,No,789589968ed90e82a832dbc60e958c76b787be7e,No,No,default,none,Function,"nsvm_rdmsr(struct vcpu *,unsigned int,uint64_t *)",xen/arch/x86/hvm/svm/nestedsvm.c,3,20,0,5,23,3,20,3,16,0,0,0,3,4,11,15,2,0,13,4,2,4,1,6,0,1,0,0
422,No,No,789589968ed90e82a832dbc60e958c76b787be7e,No,No,default,none,Function,nsvm_vcpu_destroy(struct vcpu *),xen/arch/x86/hvm/svm/nestedsvm.c,2,26,6,8,34,2,26,3,20,6,0,0,17,32,13,18,2,0,16,6,6,6,1,0,0,1,0,0
422,No,No,789589968ed90e82a832dbc60e958c76b787be7e,No,No,default,none,Function,nsvm_vcpu_hostcr3(struct vcpu *),xen/arch/x86/hvm/svm/nestedsvm.c,0,4,0,2,4,0,4,1,1,0,0,0,2,1,1,1,0,0,1,1,1,1,1,0,0,0,0,0
422,No,No,789589968ed90e82a832dbc60e958c76b787be7e,No,No,default,Static,Static Function,"nsvm_vcpu_hostrestore(struct vcpu *,struct cpu_user_regs *)",xen/arch/x86/hvm/svm/nestedsvm.c,13,58,22,20,92,13,58,5,52,22,0,0,38,1024,41,52,4,0,48,12,12,12,1,2,0,2,0,0
422,No,No,789589968ed90e82a832dbc60e958c76b787be7e,No,No,default,Static,Static Function,"nsvm_vcpu_hostsave(struct vcpu *,unsigned int)",xen/arch/x86/hvm/svm/nestedsvm.c,5,16,3,9,24,5,16,4,12,3,0,0,12,1,12,12,3,0,9,2,2,2,1,0,0,0,0,0
422,No,No,789589968ed90e82a832dbc60e958c76b787be7e,No,No,default,none,Function,nsvm_vcpu_initialise(struct vcpu *),xen/arch/x86/hvm/svm/nestedsvm.c,5,24,0,2,29,5,24,4,19,0,0,0,13,8,17,20,3,0,17,4,4,4,4,6,6,1,6,0
422,No,No,789589968ed90e82a832dbc60e958c76b787be7e,No,No,default,none,Function,nsvm_vcpu_reset(struct vcpu *),xen/arch/x86/hvm/svm/nestedsvm.c,6,24,0,2,30,6,24,2,21,0,0,0,22,2,20,21,1,0,20,2,2,2,1,0,0,1,0,0
422,No,No,789589968ed90e82a832dbc60e958c76b787be7e,No,No,default,none,Function,nsvm_vcpu_switch(struct cpu_user_regs *),xen/arch/x86/hvm/svm/nestedsvm.c,5,37,4,16,46,5,37,5,26,4,0,0,11,11,22,28,4,0,24,7,7,8,5,6,6,2,6,0
422,No,No,789589968ed90e82a832dbc60e958c76b787be7e,No,No,default,Static,Static Function,"nsvm_vcpu_vmentry(struct vcpu *,struct cpu_user_regs *,unsigned int)",xen/arch/x86/hvm/svm/nestedsvm.c,9,39,9,17,57,9,39,7,28,9,0,0,23,6,26,29,4,0,25,6,6,6,3,2,2,1,2,0
422,No,No,789589968ed90e82a832dbc60e958c76b787be7e,No,No,default,none,Function,"nsvm_vcpu_vmexit_event(struct vcpu *,const struct x86_event *)",xen/arch/x86/hvm/svm/nestedsvm.c,1,8,0,6,9,1,8,2,4,0,0,0,4,1,3,3,0,0,3,1,1,1,1,0,0,0,0,0
422,No,No,789589968ed90e82a832dbc60e958c76b787be7e,No,No,default,Static,Static Function,"nsvm_vcpu_vmexit_inject(struct vcpu *,struct cpu_user_regs *,uint64_t)",xen/arch/x86/hvm/svm/nestedsvm.c,5,46,3,24,54,5,46,7,36,3,0,0,13,14,19,32,4,0,28,13,5,15,6,8,7,3,7,0
422,No,No,789589968ed90e82a832dbc60e958c76b787be7e,No,No,default,none,Function,"nsvm_vcpu_vmrun(struct vcpu *,struct cpu_user_regs *)",xen/arch/x86/hvm/svm/nestedsvm.c,7,37,6,4,50,7,37,6,28,6,0,0,14,5,22,28,4,0,24,6,4,6,4,6,4,1,4,0
422,No,No,789589968ed90e82a832dbc60e958c76b787be7e,No,No,default,none,Function,"nsvm_vmcb_guest_intercepts_event(struct vcpu *,unsigned int,int)",xen/arch/x86/hvm/svm/nestedsvm.c,0,7,0,2,7,0,7,3,2,0,0,0,3,1,1,1,0,0,1,1,1,1,1,0,0,0,0,0
422,No,No,789589968ed90e82a832dbc60e958c76b787be7e,No,No,default,Static,Static Function,"nsvm_vmcb_guest_intercepts_exitcode(struct vcpu *,struct cpu_user_regs *,uint64_t)",xen/arch/x86/hvm/svm/nestedsvm.c,9,71,2,17,82,9,71,8,62,2,0,0,10,30,38,61,5,0,56,22,13,22,20,95,95,2,95,0
422,No,No,789589968ed90e82a832dbc60e958c76b787be7e,No,No,default,Static,Static Function,"nsvm_vmcb_guest_intercepts_ioio(paddr_t,uint64_t)",xen/arch/x86/hvm/svm/nestedsvm.c,5,41,2,7,46,5,41,8,26,2,0,0,7,30,25,32,6,2,24,9,8,11,3,6,3,2,2,0
422,No,No,789589968ed90e82a832dbc60e958c76b787be7e,No,No,default,Static,Static Function,"nsvm_vmcb_guest_intercepts_msr(unsigned long *,uint32_t,bool_t)",xen/arch/x86/hvm/svm/nestedsvm.c,6,18,3,4,27,6,18,5,11,3,0,0,3,5,9,12,2,0,10,4,4,4,3,3,2,1,2,0
422,No,No,789589968ed90e82a832dbc60e958c76b787be7e,No,No,default,none,Function,nsvm_vmcb_hap_enabled(struct vcpu *),xen/arch/x86/hvm/svm/nestedsvm.c,0,5,0,2,5,0,5,2,1,0,0,0,2,1,1,1,0,0,1,1,1,1,1,0,0,0,0,0
422,No,No,789589968ed90e82a832dbc60e958c76b787be7e,No,No,default,Static,Static Function,"nsvm_vmcb_prepare4vmexit(struct vcpu *,struct cpu_user_regs *)",xen/arch/x86/hvm/svm/nestedsvm.c,34,64,66,49,164,34,64,6,57,66,0,0,49,12,50,54,4,0,50,5,5,6,1,2,0,1,0,1
422,No,No,789589968ed90e82a832dbc60e958c76b787be7e,No,No,default,Static,Static Function,"nsvm_vmcb_prepare4vmrun(struct vcpu *,struct cpu_user_regs *)",xen/arch/x86/hvm/svm/nestedsvm.c,41,152,65,64,258,41,149,7,131,65,0,3,75,3538960,100,126,6,0,120,27,27,36,4,6,3,2,3,0
422,No,No,789589968ed90e82a832dbc60e958c76b787be7e,No,No,default,Static,Static Function,"nsvm_vmrun_permissionmap(struct vcpu *,bool_t)",xen/arch/x86/hvm/svm/nestedsvm.c,9,40,4,14,53,9,40,11,29,4,0,0,17,5,29,32,10,0,22,4,4,4,1,1,0,1,0,0
422,No,No,789589968ed90e82a832dbc60e958c76b787be7e,No,No,default,none,Function,"nsvm_wrmsr(struct vcpu *,unsigned int,uint64_t)",xen/arch/x86/hvm/svm/nestedsvm.c,2,32,3,4,35,2,32,3,26,3,0,0,6,6,16,22,2,0,20,6,4,6,6,11,11,2,11,0
422,No,No,789589968ed90e82a832dbc60e958c76b787be7e,No,No,default,Static,Static Function,num_act_frames_from_sha_frames(const unsigned int),xen/common/grant_table.c,1,6,4,4,11,1,6,4,2,4,0,0,1,1,2,2,1,0,1,1,1,1,1,0,0,0,0,0
422,No,No,789589968ed90e82a832dbc60e958c76b787be7e,No,No,default,Static,Static Function,"numa_cmpf(const libxl__numa_candidate *,const libxl__numa_candidate *)",tools/libxl/libxl_dom.c,1,7,0,4,8,1,7,2,3,0,0,0,1,2,2,3,0,0,3,2,2,2,1,1,0,1,0,0
422,No,No,789589968ed90e82a832dbc60e958c76b787be7e,No,No,default,Static,Static Function,"numa_place_domain(libxl__gc *,uint32_t,libxl_domain_build_info *)",tools/libxl/libxl_dom.c,14,70,19,10,102,13,64,8,49,19,5,2,20,2560,39,52,6,0,46,14,14,14,11,11,11,3,11,0
422,No,No,789589968ed90e82a832dbc60e958c76b787be7e,No,No,default,Static,Static Function,"nvidia_set_debug_port(struct ehci_dbgp *,unsigned int)",xen/drivers/char/ehci-dbgp.c,1,8,0,5,9,1,8,2,5,0,0,0,3,1,5,5,1,0,4,1,1,1,1,0,0,0,0,0
422,No,No,789589968ed90e82a832dbc60e958c76b787be7e,No,No,default,Static,Static Function,"nvmx_clear_vmcs_pointer(struct vcpu *,struct vmcs_struct *)",xen/arch/x86/hvm/vmx/vvmx.c,1,13,0,7,14,1,13,2,10,0,0,0,7,1,8,8,1,0,7,1,1,1,1,0,0,0,0,0
422,No,No,789589968ed90e82a832dbc60e958c76b787be7e,No,No,default,none,Function,nvmx_cpu_dead(unsigned int),xen/arch/x86/hvm/vmx/vvmx.c,0,5,0,3,5,0,5,1,2,0,0,0,2,1,2,2,0,0,2,1,1,1,1,0,0,0,0,0
422,No,No,789589968ed90e82a832dbc60e958c76b787be7e,No,No,default,none,Function,nvmx_cpu_up_prepare(unsigned int),xen/arch/x86/hvm/vmx/vvmx.c,3,9,0,2,12,3,9,1,6,0,0,0,3,3,4,6,0,0,6,3,3,3,3,2,2,1,2,0
422,No,No,789589968ed90e82a832dbc60e958c76b787be7e,No,No,default,none,Function,nvmx_domain_relinquish_resources(struct domain *),xen/arch/x86/hvm/vmx/vvmx.c,1,6,0,1,7,1,6,2,2,0,0,0,2,1,2,2,1,0,1,1,1,1,1,0,0,0,0,0
422,No,No,789589968ed90e82a832dbc60e958c76b787be7e,No,No,default,none,Function,"nvmx_enqueue_n2_exceptions(struct vcpu *,unsigned long,int,uint8_t)",xen/arch/x86/hvm/vmx/vmx.c,1,16,1,10,18,1,16,3,11,1,0,0,8,2,7,8,1,0,7,2,2,2,1,1,0,1,0,0
422,No,No,789589968ed90e82a832dbc60e958c76b787be7e,No,No,default,none,Function,nvmx_ept_enabled(struct vcpu *),xen/arch/x86/hvm/vmx/vvmx.c,1,5,0,5,6,1,5,2,2,0,0,0,2,1,2,2,1,0,1,1,1,1,1,0,0,0,0,0
422,No,No,789589968ed90e82a832dbc60e958c76b787be7e,No,No,default,Static,Static Function,nvmx_eptp_update(),xen/arch/x86/hvm/vmx/vvmx.c,2,11,6,3,19,2,11,2,8,6,0,0,6,2,4,5,1,0,4,2,2,5,1,1,0,1,0,0
422,No,No,789589968ed90e82a832dbc60e958c76b787be7e,No,No,default,none,Function,nvmx_get_tsc_offset(struct vcpu *),xen/arch/x86/hvm/vmx/vvmx.c,2,8,0,2,10,2,8,2,5,0,0,0,2,2,3,4,1,0,3,2,2,2,1,0,0,1,0,0
422,No,No,789589968ed90e82a832dbc60e958c76b787be7e,No,No,default,Static,Static Function,nvmx_handle_invept(struct cpu_user_regs *),xen/arch/x86/hvm/vmx/vvmx.c,2,25,0,4,27,2,25,4,15,0,0,0,8,4,13,17,3,0,14,4,3,4,4,6,6,1,6,0
422,No,No,789589968ed90e82a832dbc60e958c76b787be7e,No,No,default,Static,Static Function,nvmx_handle_invvpid(struct cpu_user_regs *),xen/arch/x86/hvm/vmx/vvmx.c,3,21,1,4,25,3,21,4,13,1,0,0,7,3,10,15,3,0,12,5,3,5,3,3,2,1,2,0
422,No,No,789589968ed90e82a832dbc60e958c76b787be7e,No,No,default,Static,Static Function,nvmx_handle_vmclear(struct cpu_user_regs *),xen/arch/x86/hvm/vmx/vvmx.c,9,53,1,11,63,9,53,9,33,1,0,0,17,25,26,33,8,0,25,8,8,9,6,7,6,2,6,0
422,No,No,789589968ed90e82a832dbc60e958c76b787be7e,No,No,default,Static,Static Function,nvmx_handle_vmlaunch(struct cpu_user_regs *),xen/arch/x86/hvm/vmx/vvmx.c,3,39,0,7,42,3,39,6,24,0,0,0,10,6,18,23,5,0,18,6,6,6,6,6,6,3,6,0
422,No,No,789589968ed90e82a832dbc60e958c76b787be7e,No,No,default,Static,Static Function,nvmx_handle_vmptrld(struct cpu_user_regs *),xen/arch/x86/hvm/vmx/vvmx.c,11,63,0,7,74,11,63,9,40,0,0,0,22,73,28,37,8,0,29,10,10,13,8,13,13,4,13,0
422,No,No,789589968ed90e82a832dbc60e958c76b787be7e,No,No,default,Static,Static Function,nvmx_handle_vmptrst(struct cpu_user_regs *),xen/arch/x86/hvm/vmx/vvmx.c,4,20,0,7,24,4,20,7,14,0,0,0,6,5,14,17,6,0,11,4,4,4,3,2,2,1,2,0
422,No,No,789589968ed90e82a832dbc60e958c76b787be7e,No,No,default,Static,Static Function,nvmx_handle_vmread(struct cpu_user_regs *),xen/arch/x86/hvm/vmx/vvmx.c,5,36,0,9,41,5,36,6,25,0,0,0,11,9,20,28,5,0,23,8,7,8,7,7,7,2,7,0
422,No,No,789589968ed90e82a832dbc60e958c76b787be7e,No,No,default,Static,Static Function,nvmx_handle_vmresume(struct cpu_user_regs *),xen/arch/x86/hvm/vmx/vvmx.c,5,30,0,7,35,5,30,6,18,0,0,0,9,5,16,20,5,0,15,5,5,5,4,3,3,1,3,0
422,No,No,789589968ed90e82a832dbc60e958c76b787be7e,No,No,default,Static,Static Function,nvmx_handle_vmwrite(struct cpu_user_regs *),xen/arch/x86/hvm/vmx/vvmx.c,6,38,0,3,44,6,38,7,24,0,0,0,11,7,22,29,6,0,23,7,5,7,4,6,3,1,3,0
422,No,No,789589968ed90e82a832dbc60e958c76b787be7e,No,No,default,none,Function,"nvmx_handle_vmx_insn(struct cpu_user_regs *,unsigned int)",xen/arch/x86/hvm/vmx/vvmx.c,16,66,1,7,83,16,66,3,54,1,0,0,21,15,36,51,2,0,49,16,6,20,4,69,3,1,3,0
422,No,No,789589968ed90e82a832dbc60e958c76b787be7e,No,No,default,Static,Static Function,nvmx_handle_vmxoff(struct cpu_user_regs *),xen/arch/x86/hvm/vmx/vvmx.c,2,9,0,2,11,2,9,3,6,0,0,0,5,1,6,6,2,0,4,1,1,1,1,0,0,0,0,0
422,No,No,789589968ed90e82a832dbc60e958c76b787be7e,No,No,default,Static,Static Function,nvmx_handle_vmxon(struct cpu_user_regs *),xen/arch/x86/hvm/vmx/vvmx.c,7,40,4,8,51,7,40,8,28,4,0,0,22,5,24,28,7,0,21,5,5,8,5,4,4,1,4,0
422,No,No,789589968ed90e82a832dbc60e958c76b787be7e,No,No,default,none,Function,"nvmx_hap_walk_L1_p2m(struct vcpu *,paddr_t,paddr_t *,unsigned int *,uint8_t *,bool_t,bool_t,bool_t)",xen/arch/x86/hvm/vmx/vvmx.c,4,38,0,7,42,4,38,10,27,0,0,0,12,4,23,28,6,0,22,5,2,5,1,6,0,1,0,0
422,No,No,789589968ed90e82a832dbc60e958c76b787be7e,No,No,default,none,Function,nvmx_idtv_handling(),xen/arch/x86/hvm/vmx/vvmx.c,2,24,12,4,38,2,24,5,16,12,0,0,5,4,12,15,4,0,11,5,5,5,1,1,0,2,0,0
422,No,No,789589968ed90e82a832dbc60e958c76b787be7e,No,No,default,none,Function,"nvmx_intercepts_exception(struct vcpu *,unsigned int,int)",xen/arch/x86/hvm/vmx/vvmx.c,3,17,0,4,20,3,17,4,10,0,0,0,3,3,9,11,2,0,9,4,4,4,1,0,0,2,0,0
422,No,No,789589968ed90e82a832dbc60e958c76b787be7e,No,No,default,none,Function,nvmx_intr_blocked(struct vcpu *),xen/arch/x86/hvm/vmx/intr.c,3,21,0,5,24,3,21,4,13,0,0,0,4,5,8,12,3,0,9,5,5,6,1,2,0,3,0,0
422,No,No,789589968ed90e82a832dbc60e958c76b787be7e,No,No,default,Static,Static Function,"nvmx_intr_intercept(struct vcpu *,struct hvm_intack)",xen/arch/x86/hvm/vmx/intr.c,8,41,2,5,51,8,41,2,27,2,0,0,11,9,17,25,1,0,24,9,9,11,7,9,8,4,8,0
422,No,No,789589968ed90e82a832dbc60e958c76b787be7e,No,No,default,none,Function,"nvmx_msr_read_intercept(unsigned int,u64 *)",xen/arch/x86/hvm/vmx/vvmx.c,14,141,20,11,175,14,141,8,129,20,0,0,10,85,55,88,6,0,82,32,10,34,10,118,27,2,27,0
422,No,No,789589968ed90e82a832dbc60e958c76b787be7e,No,No,default,none,Function,"nvmx_n2_vmexit_handler(struct cpu_user_regs *,unsigned int)",xen/arch/x86/hvm/vmx/vvmx.c,28,289,22,17,338,28,289,26,236,22,0,0,26,89,133,222,22,0,200,91,46,92,26,275,257,5,257,0
422,No,No,789589968ed90e82a832dbc60e958c76b787be7e,No,No,default,Static,Static Function,nvmx_purge_vvmcs(struct vcpu *),xen/arch/x86/hvm/vmx/vvmx.c,3,14,0,6,17,3,14,3,10,0,0,0,13,4,11,13,2,0,11,3,3,3,1,0,0,1,0,0
422,No,No,789589968ed90e82a832dbc60e958c76b787be7e,No,No,default,none,Function,"nvmx_set_cr_read_shadow(struct vcpu *,unsigned int)",xen/arch/x86/hvm/vmx/vvmx.c,4,29,9,7,42,4,29,4,21,9,0,0,6,5,15,19,2,0,17,4,3,4,3,5,5,1,5,0
422,No,No,789589968ed90e82a832dbc60e958c76b787be7e,No,No,default,Static,Static Function,"nvmx_set_vmcs_pointer(struct vcpu *,struct vmcs_struct *)",xen/arch/x86/hvm/vmx/vvmx.c,1,13,0,9,14,1,13,2,10,0,0,0,8,1,8,8,1,0,7,1,1,1,1,0,0,0,0,0
422,No,No,789589968ed90e82a832dbc60e958c76b787be7e,No,No,default,none,Function,nvmx_switch_guest(),xen/arch/x86/hvm/vmx/vvmx.c,3,15,14,3,32,3,15,4,12,14,0,0,8,5,8,12,3,0,9,5,5,7,3,3,2,1,2,0
422,No,No,789589968ed90e82a832dbc60e958c76b787be7e,No,No,default,Static,Static Function,nvmx_update_apic_access_address(struct vcpu *),xen/arch/x86/hvm/vmx/vvmx.c,2,18,0,3,20,2,18,5,9,0,0,0,8,2,11,12,4,0,8,2,2,3,1,1,0,1,0,0
422,No,No,789589968ed90e82a832dbc60e958c76b787be7e,No,No,default,Static,Static Function,nvmx_update_apicv(struct vcpu *),xen/arch/x86/hvm/vmx/vvmx.c,5,23,0,4,28,5,23,8,16,0,0,0,8,3,14,16,7,0,9,3,3,5,1,0,0,2,0,0
422,No,No,789589968ed90e82a832dbc60e958c76b787be7e,No,No,default,Static,Static Function,nvmx_update_entry_control(struct vcpu *),xen/arch/x86/hvm/vmx/vvmx.c,1,9,0,2,10,1,9,2,5,0,0,0,2,1,4,4,1,0,3,1,1,1,1,0,0,0,0,0
422,No,No,789589968ed90e82a832dbc60e958c76b787be7e,No,No,default,none,Function,"nvmx_update_exception_bitmap(struct vcpu *,unsigned long)",xen/arch/x86/hvm/vmx/vvmx.c,0,4,0,3,4,0,4,1,1,0,0,0,1,1,1,1,0,0,1,1,1,1,1,0,0,0,0,0
422,No,No,789589968ed90e82a832dbc60e958c76b787be7e,No,No,default,none,Function,"nvmx_update_exec_control(struct vcpu *,u32)",xen/arch/x86/hvm/vmx/vvmx.c,2,28,9,3,39,2,28,5,19,9,0,0,4,3,14,16,3,0,13,3,3,3,1,2,0,2,0,0
422,No,No,789589968ed90e82a832dbc60e958c76b787be7e,No,No,default,Static,Static Function,"nvmx_update_exit_control(struct vcpu *,unsigned long)",xen/arch/x86/hvm/vmx/vvmx.c,1,11,0,3,12,1,11,2,7,0,0,0,2,1,5,5,1,0,4,1,1,1,1,0,0,0,0,0
422,No,No,789589968ed90e82a832dbc60e958c76b787be7e,No,No,default,Static,Static Function,nvmx_update_pfec(struct vcpu *),xen/arch/x86/hvm/vmx/vvmx.c,0,7,0,2,7,0,7,1,4,0,0,0,2,1,2,2,0,0,2,1,1,1,1,0,0,0,0,0
422,No,No,789589968ed90e82a832dbc60e958c76b787be7e,No,No,default,Static,Static Function,"nvmx_update_pin_control(struct vcpu *,unsigned long)",xen/arch/x86/hvm/vmx/vvmx.c,3,9,1,3,13,3,9,2,5,1,0,0,3,1,6,6,1,0,5,1,1,1,1,0,0,0,0,0
422,No,No,789589968ed90e82a832dbc60e958c76b787be7e,No,No,default,none,Function,"nvmx_update_secondary_exec_control(struct vcpu *,unsigned long)",xen/arch/x86/hvm/vmx/vvmx.c,3,15,1,3,19,3,15,6,10,1,0,0,6,1,10,10,3,0,7,1,1,1,1,0,0,0,0,0
422,No,No,789589968ed90e82a832dbc60e958c76b787be7e,No,No,default,Static,Static Function,nvmx_update_tpr_threshold(struct vcpu *),xen/arch/x86/hvm/vmx/vvmx.c,1,8,0,2,9,1,8,2,5,0,0,0,3,2,3,4,1,0,3,2,2,2,1,1,0,1,0,0
422,No,No,789589968ed90e82a832dbc60e958c76b787be7e,No,No,default,Static,Static Function,nvmx_update_virtual_apic_address(struct vcpu *),xen/arch/x86/hvm/vmx/vvmx.c,2,18,0,3,20,2,18,5,9,0,0,0,8,2,11,12,4,0,8,2,2,3,1,1,0,1,0,0
422,No,No,789589968ed90e82a832dbc60e958c76b787be7e,No,No,default,none,Function,nvmx_vcpu_destroy(struct vcpu *),xen/arch/x86/hvm/vmx/vvmx.c,4,30,7,11,41,4,30,4,19,7,0,0,16,32,13,18,3,0,15,6,6,6,1,0,0,1,0,0
422,No,No,789589968ed90e82a832dbc60e958c76b787be7e,No,No,default,none,Function,nvmx_vcpu_eptp_base(struct vcpu *),xen/arch/x86/hvm/vmx/vvmx.c,0,4,0,1,4,0,4,1,1,0,0,0,2,1,1,1,0,0,1,1,1,1,1,0,0,0,0,0
422,No,No,789589968ed90e82a832dbc60e958c76b787be7e,No,No,default,Static,Static Function,nvmx_vcpu_in_vmx(const struct vcpu *),xen/arch/x86/hvm/vmx/vvmx.c,0,4,0,4,4,0,4,1,1,0,0,0,2,1,1,1,0,0,1,1,1,1,1,0,0,0,0,0
422,No,No,789589968ed90e82a832dbc60e958c76b787be7e,No,No,default,none,Function,nvmx_vcpu_initialise(struct vcpu *),xen/arch/x86/hvm/vmx/vvmx.c,9,53,5,3,67,9,53,6,40,5,0,0,31,5,38,42,5,0,37,5,5,5,5,5,5,2,5,0
422,No,No,789589968ed90e82a832dbc60e958c76b787be7e,No,No,default,none,Function,nvmx_vcpu_reset(struct vcpu *),xen/arch/x86/hvm/vmx/vvmx.c,0,4,0,0,4,0,4,1,1,0,0,0,1,1,1,1,0,0,1,1,1,1,1,0,0,0,0,0
422,No,No,789589968ed90e82a832dbc60e958c76b787be7e,No,No,default,Static,Static Function,"nvmx_vmexit_event(struct vcpu *,const struct x86_event *)",xen/arch/x86/hvm/vmx/vmx.c,0,6,0,4,6,0,6,1,3,0,0,0,2,1,2,2,0,0,2,1,1,1,1,0,0,0,0,0
422,No,No,789589968ed90e82a832dbc60e958c76b787be7e,No,No,default,Static,Static Function,nvmx_vmresume(struct vcpu *),xen/arch/x86/hvm/vmx/vvmx.c,6,23,0,5,29,6,23,4,14,0,0,0,9,9,10,14,3,0,11,5,5,8,5,6,6,2,6,0
422,No,No,789589968ed90e82a832dbc60e958c76b787be7e,No,No,default,Static,Static Function,nvmx_vpid_enabled(const struct vcpu *),xen/arch/x86/hvm/vmx/vvmx.c,1,8,0,2,9,1,8,2,4,0,0,0,2,2,4,5,1,0,4,2,2,2,1,1,0,1,0,0
422,No,No,789589968ed90e82a832dbc60e958c76b787be7e,No,No,default,none,Function,"offline_page(unsigned long,int,uint32_t *)",xen/common/page_alloc.c,14,70,19,4,103,14,70,4,45,19,0,0,19,15,33,43,3,0,40,14,14,15,6,8,5,4,5,0
422,No,No,789589968ed90e82a832dbc60e958c76b787be7e,No,No,default,none,Function,"online_page(unsigned long,uint32_t *)",xen/common/page_alloc.c,10,42,0,2,52,10,42,4,26,0,0,0,11,13,22,27,3,0,24,7,7,7,6,8,8,2,8,0
422,No,No,789589968ed90e82a832dbc60e958c76b787be7e,No,No,default,none,Function,"oos_audit_hash_is_present(struct domain *,mfn_t)",xen/arch/x86/mm/shadow/common.c,4,19,0,8,23,4,19,4,11,0,0,0,6,5,12,15,3,0,12,5,5,5,3,3,3,2,3,0
422,No,No,789589968ed90e82a832dbc60e958c76b787be7e,No,No,default,none,Function,"oos_fixup_add(struct domain *,mfn_t,mfn_t,unsigned long)",xen/arch/x86/mm/shadow/common.c,8,45,6,14,59,8,45,7,28,6,0,0,10,13,28,34,5,0,29,10,10,12,5,9,9,4,9,0
422,No,No,789589968ed90e82a832dbc60e958c76b787be7e,No,No,default,Static,Static Function,"oos_fixup_flush_gmfn(struct vcpu *,mfn_t,struct oos_fixup *)",xen/arch/x86/mm/shadow/common.c,1,17,1,7,19,1,17,4,8,1,0,0,5,3,7,9,2,0,7,3,3,3,1,0,0,2,0,0
422,No,No,789589968ed90e82a832dbc60e958c76b787be7e,No,No,default,Static,Static Function,"oos_hash_add(struct vcpu *,mfn_t)",xen/arch/x86/mm/shadow/common.c,5,35,2,10,42,5,35,7,27,2,0,0,9,16,25,29,6,0,23,5,5,6,1,0,0,1,0,0
422,No,No,789589968ed90e82a832dbc60e958c76b787be7e,No,No,default,Static,Static Function,"oos_hash_remove(struct domain *,mfn_t)",xen/arch/x86/mm/shadow/common.c,3,22,0,9,25,3,22,4,12,0,0,0,6,5,13,16,3,0,13,5,5,5,3,3,3,2,3,0
422,No,No,789589968ed90e82a832dbc60e958c76b787be7e,No,No,default,Static,Static Function,"oos_remove_write_access(struct vcpu *,mfn_t,struct oos_fixup *)",xen/arch/x86/mm/shadow/common.c,6,22,6,6,33,6,22,4,16,6,0,0,5,5,10,15,2,0,13,5,3,5,3,5,5,1,5,0
422,No,No,789589968ed90e82a832dbc60e958c76b787be7e,No,No,default,none,Function,"oos_snapshot_lookup(struct domain *,mfn_t)",xen/arch/x86/mm/shadow/common.c,2,22,0,9,24,2,22,5,11,0,0,0,5,5,13,16,4,0,12,5,5,5,3,3,3,2,3,0
422,No,No,789589968ed90e82a832dbc60e958c76b787be7e,No,No,default,Static,Static Function,openpty_cleanup(libxl__openpty_state *),tools/libxl/libxl_aoutils.c,1,9,0,7,10,1,9,3,4,0,0,0,3,2,8,9,2,0,7,2,2,2,1,0,0,1,0,0
422,No,No,789589968ed90e82a832dbc60e958c76b787be7e,No,No,default,Static,Static Function,"openpty_exited(libxl__egc *,libxl__ev_child *,pid_t,int)",tools/libxl/libxl_aoutils.c,1,13,2,6,16,1,13,4,9,2,0,0,6,4,6,8,3,0,5,4,4,4,1,0,0,1,0,0
422,No,No,789589968ed90e82a832dbc60e958c76b787be7e,No,No,default,none,Function,osdep_xenforeignmemory_close(xenforeignmemory_handle *),tools/libs/foreignmemory/linux.c,0,7,0,2,7,0,7,2,4,0,0,0,2,2,3,4,1,0,3,2,2,2,1,1,0,1,0,0
422,No,No,789589968ed90e82a832dbc60e958c76b787be7e,No,No,default,none,Function,"osdep_xenforeignmemory_map(xenforeignmemory_handle *,uint32_t,void *,int,int,size_t,const xen_pfn_t [],int [])",tools/libs/foreignmemory/linux.c,15,102,7,10,123,15,102,12,69,7,0,0,16,174,55,70,8,0,62,19,18,23,12,14,13,4,13,0
422,No,No,789589968ed90e82a832dbc60e958c76b787be7e,No,No,default,none,Function,"osdep_xenforeignmemory_map_resource(xenforeignmemory_handle *,xenforeignmemory_resource_handle *)",tools/libs/foreignmemory/linux.c,7,31,0,13,38,7,31,11,23,0,0,0,9,4,14,17,3,0,14,4,4,5,3,3,2,2,2,0
422,No,No,789589968ed90e82a832dbc60e958c76b787be7e,No,No,default,none,Function,osdep_xenforeignmemory_open(xenforeignmemory_handle *),tools/libs/foreignmemory/linux.c,5,28,7,2,40,5,28,2,16,7,0,0,9,6,12,15,1,0,14,4,4,7,3,2,2,1,2,0
422,No,No,789589968ed90e82a832dbc60e958c76b787be7e,No,No,default,none,Function,"osdep_xenforeignmemory_restrict(xenforeignmemory_handle *,domid_t)",tools/libs/foreignmemory/linux.c,0,5,0,3,5,0,5,2,1,0,0,0,2,1,1,1,0,0,1,1,1,1,1,0,0,0,0,0
422,No,No,789589968ed90e82a832dbc60e958c76b787be7e,No,No,default,none,Function,"osdep_xenforeignmemory_unmap(xenforeignmemory_handle *,void *,size_t)",tools/libs/foreignmemory/linux.c,0,5,0,2,5,0,5,2,1,0,0,0,2,1,1,1,0,0,1,1,1,1,1,0,0,0,0,0
422,No,No,789589968ed90e82a832dbc60e958c76b787be7e,No,No,default,none,Function,"osdep_xenforeignmemory_unmap_resource(xenforeignmemory_handle *,xenforeignmemory_resource_handle *)",tools/libs/foreignmemory/linux.c,0,5,0,4,5,0,5,2,1,0,0,0,2,1,1,1,0,0,1,2,2,2,1,0,0,0,0,0
422,No,No,789589968ed90e82a832dbc60e958c76b787be7e,No,No,default,Static,Static Function,"overlaps_rdm(uint64_t,uint64_t,uint64_t,uint64_t)",tools/libxl/libxl_dm.c,0,5,0,5,5,0,5,2,1,0,0,0,1,1,1,1,0,0,1,1,1,2,1,0,0,0,0,0
422,No,No,789589968ed90e82a832dbc60e958c76b787be7e,No,No,default,none,Function,"p2m_add_foreign(struct domain *,unsigned long,unsigned long,domid_t)",xen/arch/x86/mm/p2m.c,9,58,21,7,88,9,58,7,43,21,0,0,22,484,30,43,5,0,38,14,14,17,9,10,8,2,8,0
422,No,No,789589968ed90e82a832dbc60e958c76b787be7e,No,No,default,Static,Static Function,"p2m_add_iommu_flags(l1_pgentry_t *,unsigned int,unsigned int)",xen/arch/x86/mm/p2m-pt.c,0,6,0,7,6,0,6,2,2,0,0,0,1,2,1,2,0,0,2,2,2,2,1,0,0,1,0,0
422,No,No,789589968ed90e82a832dbc60e958c76b787be7e,No,No,default,none,Function,"p2m_alloc_ptp(struct p2m_domain *,unsigned int)",xen/arch/x86/mm/p2m.c,3,16,0,10,19,3,16,2,12,0,0,0,10,2,12,13,1,0,12,2,2,2,1,1,0,1,0,0
422,No,No,789589968ed90e82a832dbc60e958c76b787be7e,No,No,default,Static,Static Function,p2m_alloc_table(struct domain *),xen/arch/arm/p2m.c,4,12,4,4,20,4,12,2,9,4,0,0,10,2,8,9,1,0,8,2,2,2,1,1,0,1,0,0
422,No,No,789589968ed90e82a832dbc60e958c76b787be7e,No,No,default,none,Function,p2m_alloc_table(struct p2m_domain *),xen/arch/x86/mm/p2m.c,9,41,1,6,51,9,41,4,31,1,0,0,20,7,24,29,3,0,26,6,6,7,4,4,3,1,3,0
422,No,No,789589968ed90e82a832dbc60e958c76b787be7e,No,No,default,Static,Static Function,p2m_alloc_vmid(struct domain *),xen/arch/arm/p2m.c,9,20,0,5,29,9,20,3,13,0,0,0,10,4,14,16,2,0,14,4,4,4,1,1,0,2,0,0
422,No,No,789589968ed90e82a832dbc60e958c76b787be7e,No,No,default,Static,Static Function,p2m_allocate_root(),xen/arch/arm/p2m.c,3,11,1,1,15,3,11,3,6,1,0,0,3,3,8,10,2,0,8,3,3,3,1,1,0,1,0,0
422,No,No,789589968ed90e82a832dbc60e958c76b787be7e,No,No,default,Static,Static Function,"p2m_altp2m_check(struct vcpu *,uint16_t)",xen/include/asm-x86/p2m.h,0,1,0,0,1,0,1,1,0,0,0,0,0,1,0,0,0,0,0,1,1,1,1,0,0,0,0,0
422,No,No,789589968ed90e82a832dbc60e958c76b787be7e,No,No,default,Static,Static Function,"p2m_altp2m_check(struct vcpu *,uint16_t)",xen/include/asm-arm/p2m.h,0,4,1,0,5,0,4,2,0,1,0,0,0,1,0,0,0,0,0,1,1,1,1,0,0,0,0,0
422,No,No,789589968ed90e82a832dbc60e958c76b787be7e,No,No,default,none,Function,"p2m_cache_flush_range(struct domain *,gfn_t *,gfn_t)",xen/arch/arm/p2m.c,14,48,30,7,92,14,48,10,31,30,0,0,21,20,29,35,9,0,26,7,7,9,6,6,6,3,6,0
422,No,No,789589968ed90e82a832dbc60e958c76b787be7e,No,No,default,none,Function,"p2m_change_entry_type_global(struct domain *,p2m_type_t,p2m_type_t)",xen/arch/x86/mm/p2m.c,7,24,0,4,31,5,10,3,6,0,14,2,6,1,6,6,1,0,5,1,1,2,1,0,0,0,0,0
422,No,No,789589968ed90e82a832dbc60e958c76b787be7e,No,No,default,none,Function,"p2m_change_type_one(struct domain *,unsigned long,p2m_type_t,p2m_type_t)",xen/arch/x86/mm/p2m.c,5,20,0,9,25,5,20,8,12,0,0,0,11,1,13,13,6,0,7,2,2,4,1,0,0,0,0,0
422,No,No,789589968ed90e82a832dbc60e958c76b787be7e,No,No,default,none,Function,"p2m_change_type_range(struct domain *,unsigned long,unsigned long,p2m_type_t,p2m_type_t)",xen/arch/x86/mm/p2m.c,7,29,0,5,36,5,15,4,10,0,14,2,9,2,9,10,1,0,9,2,2,3,1,0,0,1,0,0
422,No,No,789589968ed90e82a832dbc60e958c76b787be7e,No,No,default,Static,Static Function,"p2m_create_table(struct p2m_domain *,lpae_t *)",xen/arch/arm/p2m.c,8,17,0,5,25,8,17,3,12,0,0,0,12,6,13,16,2,0,14,5,5,5,1,1,0,2,0,0
422,No,No,789589968ed90e82a832dbc60e958c76b787be7e,No,No,default,none,Function,p2m_disable_hardware_log_dirty(struct domain *),xen/arch/x86/mm/p2m.c,1,6,0,2,7,1,6,2,3,0,0,0,2,2,2,3,1,0,2,2,2,2,1,0,0,1,0,0
422,No,No,789589968ed90e82a832dbc60e958c76b787be7e,No,No,default,none,Function,p2m_dump_info(struct domain *),xen/arch/arm/p2m.c,1,14,0,7,15,1,14,2,11,0,0,0,6,2,9,10,1,0,9,3,3,4,1,0,0,2,0,0
422,No,No,789589968ed90e82a832dbc60e958c76b787be7e,No,No,default,none,Function,p2m_enable_hardware_log_dirty(struct domain *),xen/arch/x86/mm/p2m.c,1,6,0,2,7,1,6,2,3,0,0,0,2,2,2,3,1,0,2,2,2,2,1,0,0,1,0,0
422,No,No,789589968ed90e82a832dbc60e958c76b787be7e,No,No,default,none,Function,p2m_final_teardown(struct domain *),xen/arch/x86/mm/p2m.c,1,8,5,1,14,1,4,1,1,1,6,2,1,1,1,1,0,0,1,1,1,1,1,0,0,0,0,0
422,No,No,789589968ed90e82a832dbc60e958c76b787be7e,No,No,default,none,Function,"p2m_find_altp2m_by_eptp(struct domain *,uint64_t)",xen/arch/x86/mm/p2m-ept.c,6,20,0,9,26,6,20,4,11,0,0,0,5,5,13,16,3,0,13,4,4,4,4,4,4,2,4,0
422,No,No,789589968ed90e82a832dbc60e958c76b787be7e,No,No,default,Static,Static Function,"p2m_find_entry(void *,unsigned long *,unsigned long,uint32_t,uint32_t)",xen/arch/x86/mm/p2m-pt.c,1,16,0,9,17,1,16,4,8,0,0,0,2,2,6,7,1,0,6,2,2,2,1,1,0,1,0,0
422,No,No,789589968ed90e82a832dbc60e958c76b787be7e,No,No,default,none,Function,"p2m_finish_type_change(struct domain *,gfn_t,unsigned long)",xen/arch/x86/mm/p2m.c,10,34,0,3,44,6,13,4,7,0,23,2,5,2,7,8,2,0,6,2,2,2,1,1,0,1,0,0
422,No,No,789589968ed90e82a832dbc60e958c76b787be7e,No,No,default,Static,Static Function,p2m_flags_to_type(unsigned long),xen/include/asm-x86/p2m.h,0,6,4,1,10,0,6,1,3,4,0,0,1,2,2,3,0,0,3,2,2,2,1,1,0,1,0,0
422,No,No,789589968ed90e82a832dbc60e958c76b787be7e,No,No,default,none,Function,p2m_flush_hardware_cached_dirty(struct domain *),xen/arch/x86/mm/p2m.c,1,10,0,2,11,1,10,2,5,0,0,0,4,2,4,5,1,0,4,2,2,2,1,0,0,1,0,0
422,No,No,789589968ed90e82a832dbc60e958c76b787be7e,No,No,default,none,Function,p2m_flush_vm(struct vcpu *),xen/arch/arm/p2m.c,5,21,4,5,30,5,21,4,16,4,0,0,12,32,15,20,3,0,17,10,10,10,1,0,0,2,0,0
422,No,No,789589968ed90e82a832dbc60e958c76b787be7e,No,No,default,Static,Static Function,p2m_force_tlb_flush_sync(struct p2m_domain *),xen/arch/arm/p2m.c,9,26,12,7,47,9,26,4,17,12,0,0,13,12,16,20,3,0,17,6,6,6,1,1,0,2,0,0
422,No,No,789589968ed90e82a832dbc60e958c76b787be7e,No,No,default,Static,Static Function,"p2m_free_entry(struct p2m_domain *,l1_pgentry_t *,int)",xen/arch/x86/mm/p2m-pt.c,3,16,1,4,20,3,16,4,10,1,0,0,6,4,7,10,2,0,8,4,4,6,1,1,0,2,0,0
422,No,No,789589968ed90e82a832dbc60e958c76b787be7e,No,No,default,Static,Static Function,"p2m_free_entry(struct p2m_domain *,lpae_t,unsigned int)",xen/arch/arm/p2m.c,9,31,8,6,48,9,31,6,19,8,0,0,14,7,22,27,4,0,23,7,7,7,4,3,3,2,3,0
422,No,No,789589968ed90e82a832dbc60e958c76b787be7e,No,No,default,Static,Static Function,p2m_free_logdirty(struct p2m_domain *),xen/arch/x86/mm/p2m.c,1,7,0,3,8,1,7,1,4,0,0,0,3,2,3,4,0,0,4,2,2,2,1,1,0,1,0,0
422,No,No,789589968ed90e82a832dbc60e958c76b787be7e,No,No,default,Static,Static Function,p2m_free_one(struct p2m_domain *),xen/arch/x86/mm/p2m.c,0,8,0,5,8,0,8,1,5,0,0,0,5,2,4,5,0,0,5,2,2,3,1,0,0,1,0,0
422,No,No,789589968ed90e82a832dbc60e958c76b787be7e,No,No,default,none,Function,"p2m_free_ptp(struct p2m_domain *,struct page_info *)",xen/arch/x86/mm/p2m.c,2,10,0,9,12,2,10,1,7,0,0,0,3,1,7,7,0,0,7,1,1,1,1,0,0,0,0,0
422,No,No,789589968ed90e82a832dbc60e958c76b787be7e,No,No,default,Static,Static Function,p2m_free_vmid(struct domain *),xen/arch/arm/p2m.c,1,8,0,5,9,1,8,2,5,0,0,0,4,2,4,5,1,0,4,2,2,2,1,0,0,1,0,0
422,No,No,789589968ed90e82a832dbc60e958c76b787be7e,No,No,default,none,Function,"p2m_get_entry(struct p2m_domain *,gfn_t,p2m_type_t *,p2m_access_t *,unsigned int *,bool *)",xen/arch/arm/p2m.c,19,59,12,17,90,19,59,17,42,12,0,0,23,1280,35,48,8,0,40,17,17,17,7,8,8,3,8,0
422,No,No,789589968ed90e82a832dbc60e958c76b787be7e,No,No,default,Static,Static Function,"p2m_get_iommu_flags(p2m_type_t,mfn_t)",xen/include/asm-x86/p2m.h,2,26,0,2,28,2,26,2,20,0,0,0,3,5,11,20,1,0,19,9,3,9,1,6,0,2,0,0
422,No,No,789589968ed90e82a832dbc60e958c76b787be7e,No,No,default,none,Function,"p2m_get_ioreq_server(struct domain *,unsigned int *)",xen/arch/x86/mm/p2m.c,3,11,0,5,14,3,11,4,6,0,0,0,5,1,7,7,2,0,5,1,1,1,1,0,0,0,0,0
422,No,No,789589968ed90e82a832dbc60e958c76b787be7e,No,No,default,none,Function,"p2m_get_mem_access(struct domain *,gfn_t,xenmem_access_t *,unsigned int)",xen/arch/x86/mm/mem_access.c,3,22,0,4,25,2,7,3,3,0,13,3,4,1,3,3,1,0,2,1,1,1,1,0,0,0,0,0
422,No,No,789589968ed90e82a832dbc60e958c76b787be7e,No,No,default,none,Function,"p2m_get_mem_access(struct domain *,gfn_t,xenmem_access_t *,unsigned int)",xen/arch/arm/mem_access.c,3,11,1,5,15,3,11,4,6,1,0,0,6,1,7,7,2,0,5,1,1,1,1,0,0,0,0,0
422,No,No,789589968ed90e82a832dbc60e958c76b787be7e,No,No,default,none,Function,"p2m_get_page_from_gfn(struct domain *,gfn_t,p2m_type_t *)",xen/arch/arm/p2m.c,6,22,4,3,32,6,22,6,14,4,0,0,11,14,14,20,4,0,16,10,10,10,4,3,3,3,3,0
422,No,No,789589968ed90e82a832dbc60e958c76b787be7e,No,No,default,none,Function,"p2m_get_page_from_gfn(struct p2m_domain *,gfn_t,p2m_type_t *,p2m_access_t *,p2m_query_t)",xen/arch/x86/mm/p2m.c,7,45,5,8,57,7,45,8,29,5,0,0,21,28,21,30,5,0,25,12,12,20,4,5,4,4,4,0
422,No,No,789589968ed90e82a832dbc60e958c76b787be7e,No,No,default,Static,Static Function,"p2m_get_root_pointer(struct p2m_domain *,gfn_t)",xen/arch/arm/p2m.c,5,13,5,7,23,5,13,3,8,5,0,0,5,5,8,11,1,0,10,5,5,5,3,2,2,2,2,0
422,No,No,789589968ed90e82a832dbc60e958c76b787be7e,No,No,default,none,Function,p2m_init(struct domain *),xen/arch/x86/mm/p2m.c,4,22,3,1,29,3,8,2,4,0,16,2,2,2,4,5,1,0,4,2,2,2,1,1,0,1,0,0
422,No,No,789589968ed90e82a832dbc60e958c76b787be7e,No,No,default,none,Function,p2m_init(struct domain *),xen/arch/arm/p2m.c,11,26,15,6,52,11,26,6,22,15,0,0,17,2,22,23,5,0,18,2,2,3,1,1,0,1,0,0
422,No,No,789589968ed90e82a832dbc60e958c76b787be7e,No,No,default,none,Function,"p2m_init_altp2m_ept(struct domain *,unsigned int)",xen/arch/x86/mm/p2m-ept.c,2,15,0,11,17,2,15,4,11,0,0,0,16,1,12,12,3,0,9,1,1,1,1,0,0,0,0,0
422,No,No,789589968ed90e82a832dbc60e958c76b787be7e,No,No,default,Static,Static Function,p2m_init_hostp2m(struct domain *),xen/arch/x86/mm/p2m.c,4,13,0,2,17,4,13,3,9,0,0,0,7,3,7,9,2,0,7,3,3,3,1,2,0,1,0,0
422,No,No,789589968ed90e82a832dbc60e958c76b787be7e,No,No,default,Static,Static Function,p2m_init_logdirty(struct p2m_domain *),xen/arch/x86/mm/p2m.c,2,10,0,4,12,2,10,1,7,0,0,0,4,3,4,6,0,0,6,3,3,3,3,2,2,1,2,0
422,No,No,789589968ed90e82a832dbc60e958c76b787be7e,No,No,default,Static,Static Function,p2m_init_one(struct domain *),xen/arch/x86/mm/p2m.c,4,16,0,3,20,4,16,2,11,0,0,0,6,5,8,11,1,0,10,4,4,4,4,5,5,1,5,0
422,No,No,789589968ed90e82a832dbc60e958c76b787be7e,No,No,default,Static,Static Function,"p2m_initialise(struct domain *,struct p2m_domain *)",xen/arch/x86/mm/p2m.c,6,17,0,7,23,6,17,2,14,0,0,0,13,2,12,13,1,0,12,2,2,3,1,1,0,1,0,0
422,No,No,789589968ed90e82a832dbc60e958c76b787be7e,No,No,default,Static,Static Function,"p2m_insert_mapping(struct domain *,gfn_t,unsigned long,mfn_t,p2m_type_t)",xen/arch/arm/p2m.c,2,13,0,10,15,2,13,7,5,0,0,0,5,1,6,6,2,0,4,1,1,1,1,0,0,0,0,0
422,No,No,789589968ed90e82a832dbc60e958c76b787be7e,No,No,default,none,Function,p2m_invalidate_root(struct p2m_domain *),xen/arch/arm/p2m.c,3,8,0,4,11,3,8,2,4,0,0,0,4,2,6,7,1,0,6,2,2,2,1,0,0,1,0,0
422,No,No,789589968ed90e82a832dbc60e958c76b787be7e,No,No,default,Static,Static Function,"p2m_invalidate_table(struct p2m_domain *,mfn_t)",xen/arch/arm/p2m.c,8,17,5,7,30,8,17,4,10,5,0,0,10,6,13,16,3,0,13,5,5,5,3,1,1,2,1,0
422,No,No,789589968ed90e82a832dbc60e958c76b787be7e,No,No,default,Static,Static Function,p2m_is_altp2m(const struct p2m_domain *),xen/include/asm-x86/p2m.h,0,4,0,2,4,0,4,1,1,0,0,0,1,1,1,1,0,0,1,1,1,1,1,0,0,0,0,0
422,No,No,789589968ed90e82a832dbc60e958c76b787be7e,No,No,default,Static,Static Function,p2m_is_hostp2m(const struct p2m_domain *),xen/include/asm-x86/p2m.h,0,4,0,2,4,0,4,1,1,0,0,0,1,1,1,1,0,0,1,1,1,1,1,0,0,0,0,0
422,No,No,789589968ed90e82a832dbc60e958c76b787be7e,No,No,default,Static,Static Function,p2m_is_locked(struct p2m_domain *),xen/include/asm-arm/p2m.h,0,4,0,2,4,0,4,1,1,0,0,0,2,1,1,1,0,0,1,1,1,1,1,0,0,0,0,0
422,No,No,789589968ed90e82a832dbc60e958c76b787be7e,No,No,default,none,Function,"p2m_is_logdirty_range(struct p2m_domain *,unsigned long,unsigned long)",xen/arch/x86/mm/p2m.c,0,10,0,7,10,0,10,2,6,0,0,0,3,3,3,5,0,0,5,3,3,4,3,2,2,1,2,0
422,No,No,789589968ed90e82a832dbc60e958c76b787be7e,No,No,default,Static,Static Function,"p2m_is_mapping(lpae_t,unsigned int)",xen/arch/arm/p2m.c,0,4,0,3,4,0,4,1,1,0,0,0,3,1,1,1,0,0,1,1,1,2,1,0,0,0,0,0
422,No,No,789589968ed90e82a832dbc60e958c76b787be7e,No,No,default,Static,Static Function,p2m_is_nestedp2m(const struct p2m_domain *),xen/include/asm-x86/p2m.h,0,4,0,2,4,0,4,1,1,0,0,0,1,1,1,1,0,0,1,1,1,1,1,0,0,0,0,0
422,No,No,789589968ed90e82a832dbc60e958c76b787be7e,No,No,default,Static,Static Function,"p2m_is_superpage(lpae_t,unsigned int)",xen/arch/arm/p2m.c,0,4,0,5,4,0,4,1,1,0,0,0,3,1,1,1,0,0,1,1,1,2,1,0,0,0,0,0
422,No,No,789589968ed90e82a832dbc60e958c76b787be7e,No,No,default,Static,Static Function,p2m_is_valid(lpae_t),xen/arch/arm/p2m.c,0,4,0,12,4,0,4,1,1,0,0,0,1,1,1,1,0,0,1,1,1,1,1,0,0,0,0,0
422,No,No,789589968ed90e82a832dbc60e958c76b787be7e,No,No,default,Static,Static Function,p2m_is_write_locked(struct p2m_domain *),xen/include/asm-arm/p2m.h,0,4,0,2,4,0,4,1,1,0,0,0,2,1,1,1,0,0,1,1,1,1,1,0,0,0,0,0
422,No,No,789589968ed90e82a832dbc60e958c76b787be7e,No,No,default,Static,Static Function,p2m_lock(struct p2m_domain *),xen/arch/x86/mm/mm-locks.h,0,8,0,37,8,0,8,1,5,0,0,0,5,2,3,4,0,0,4,2,2,2,1,1,0,1,0,0
422,No,No,789589968ed90e82a832dbc60e958c76b787be7e,No,No,default,none,Function,"p2m_lookup(struct domain *,gfn_t,p2m_type_t *)",xen/arch/arm/p2m.c,2,9,0,6,11,2,9,3,5,0,0,0,5,1,6,6,2,0,4,1,1,1,1,0,0,0,0,0
422,No,No,789589968ed90e82a832dbc60e958c76b787be7e,No,No,default,none,Function,"p2m_mem_access_check(paddr_t,vaddr_t,const struct npfec)",xen/arch/arm/mem_access.c,13,99,10,15,122,13,99,7,74,10,0,0,19,210,51,75,6,0,69,29,20,33,6,35,5,3,5,0
422,No,No,789589968ed90e82a832dbc60e958c76b787be7e,No,No,default,none,Function,"p2m_mem_access_check_and_get_page(vaddr_t,unsigned long,const struct vcpu *)",xen/arch/arm/mem_access.c,14,64,47,5,125,14,64,12,47,47,0,0,15,514,30,51,9,0,42,21,12,22,13,22,22,2,22,0
422,No,No,789589968ed90e82a832dbc60e958c76b787be7e,No,No,default,none,Function,"p2m_mem_access_emulate_check(struct vcpu *,const vm_event_response_t *)",xen/arch/x86/mm/mem_access.c,10,47,0,8,57,10,47,7,38,0,0,0,6,36,24,38,5,0,33,14,5,14,1,28,0,2,0,0
422,No,No,789589968ed90e82a832dbc60e958c76b787be7e,No,No,default,Static,Static Function,"p2m_mem_access_radix_get(struct p2m_domain *,gfn_t)",xen/arch/arm/p2m.c,2,11,0,6,13,2,11,2,7,0,0,0,4,3,5,7,1,0,6,3,3,3,3,2,2,1,2,0
422,No,No,789589968ed90e82a832dbc60e958c76b787be7e,No,No,default,Static,Static Function,"p2m_mem_access_radix_set(struct p2m_domain *,gfn_t,p2m_access_t)",xen/arch/arm/p2m.c,4,23,1,6,28,4,23,3,14,1,0,0,7,4,8,11,1,0,10,4,4,4,3,2,2,1,2,0
422,No,No,789589968ed90e82a832dbc60e958c76b787be7e,No,No,default,none,Function,p2m_mem_access_sanity_check(const struct domain *),xen/arch/x86/mm/mem_access.c,0,4,0,1,4,0,4,1,1,0,0,0,3,1,1,1,0,0,1,1,1,3,1,0,0,0,0,0
422,No,No,789589968ed90e82a832dbc60e958c76b787be7e,No,No,default,none,Function,"p2m_mem_paging_drop_page(struct domain *,unsigned long,p2m_type_t)",xen/arch/x86/mm/p2m.c,4,17,7,5,28,4,17,7,13,7,0,0,7,3,7,9,2,0,7,3,3,3,1,2,0,1,0,0
422,No,No,789589968ed90e82a832dbc60e958c76b787be7e,No,No,default,none,Function,"p2m_mem_paging_evict(struct domain *,unsigned long)",xen/arch/x86/mm/p2m.c,12,35,9,7,56,12,35,8,26,9,0,0,16,64,22,28,7,0,21,7,7,7,6,5,5,1,5,0
422,No,No,789589968ed90e82a832dbc60e958c76b787be7e,No,No,default,none,Function,"p2m_mem_paging_nominate(struct domain *,unsigned long)",xen/arch/x86/mm/p2m.c,9,28,5,6,42,9,28,8,20,5,0,0,11,32,18,23,7,0,16,6,6,6,6,5,5,1,5,0
422,No,No,789589968ed90e82a832dbc60e958c76b787be7e,No,No,default,none,Function,"p2m_mem_paging_populate(struct domain *,unsigned long)",xen/arch/x86/mm/p2m.c,6,50,9,8,65,6,50,12,35,9,0,0,21,21,28,36,8,0,28,10,10,13,6,8,8,2,8,0
422,No,No,789589968ed90e82a832dbc60e958c76b787be7e,No,No,default,none,Function,"p2m_mem_paging_prep(struct domain *,unsigned long,uint64_t)",xen/arch/x86/mm/p2m.c,10,58,10,6,77,10,58,11,42,10,0,0,22,121,35,44,10,0,34,11,11,14,9,9,9,2,9,0
422,No,No,789589968ed90e82a832dbc60e958c76b787be7e,No,No,default,none,Function,"p2m_mem_paging_resume(struct domain *,vm_event_response_t *)",xen/arch/x86/mm/p2m.c,3,22,5,7,30,3,22,9,12,5,0,0,11,4,10,13,6,0,7,5,5,6,1,0,0,3,0,0
422,No,No,789589968ed90e82a832dbc60e958c76b787be7e,No,No,default,Static,Static Function,p2m_nestedp2m_init(struct p2m_domain *),xen/arch/x86/mm/p2m.c,1,8,0,1,9,0,3,1,0,0,4,2,0,1,0,0,0,0,0,1,1,1,1,0,0,0,0,0
422,No,No,789589968ed90e82a832dbc60e958c76b787be7e,No,No,default,Static,Static Function,"p2m_next_level(struct p2m_domain *,bool,unsigned int,lpae_t **,unsigned int)",xen/arch/arm/p2m.c,7,24,1,8,32,7,24,6,14,1,0,0,10,10,14,19,3,0,16,7,7,7,5,5,5,2,5,0
422,No,No,789589968ed90e82a832dbc60e958c76b787be7e,No,No,default,Static,Static Function,"p2m_next_level(struct p2m_domain *,void **,unsigned long *,unsigned long,u32,u32,unsigned int,bool_t)",xen/arch/x86/mm/p2m-pt.c,17,69,10,12,93,17,69,12,47,10,0,0,17,34,38,50,8,0,42,12,11,12,8,16,15,3,15,0
422,No,No,789589968ed90e82a832dbc60e958c76b787be7e,No,No,default,Static,Static Function,"p2m_pod_cache_add(struct p2m_domain *,struct page_info *,unsigned int)",xen/arch/x86/mm/p2m-pod.c,11,59,8,16,78,11,57,9,37,8,0,2,17,42,35,45,5,0,40,11,9,11,4,10,5,2,4,0
422,No,No,789589968ed90e82a832dbc60e958c76b787be7e,No,No,default,Static,Static Function,"p2m_pod_cache_get(struct p2m_domain *,unsigned int)",xen/arch/x86/mm/p2m-pod.c,8,47,5,10,60,8,47,6,30,5,0,0,17,19,29,36,4,0,32,7,6,9,1,4,0,2,0,0
422,No,No,789589968ed90e82a832dbc60e958c76b787be7e,No,No,default,none,Function,"p2m_pod_decrease_reservation(struct domain *,gfn_t,unsigned int)",xen/arch/x86/mm/p2m-pod.c,19,113,39,10,170,19,113,15,74,39,0,0,30,7680,72,90,13,0,77,22,22,30,11,19,19,4,18,0
422,No,No,789589968ed90e82a832dbc60e958c76b787be7e,No,No,default,none,Function,"p2m_pod_decrease_reservation(struct domain *,gfn_t,unsigned int)",xen/arch/arm/p2m.c,0,5,0,0,5,0,5,2,1,0,0,0,1,1,1,1,0,0,1,1,1,1,1,0,0,0,0,0
422,No,No,789589968ed90e82a832dbc60e958c76b787be7e,No,No,default,Static,Static Function,"p2m_pod_demand_populate(struct p2m_domain *,gfn_t,unsigned int)",xen/include/asm-x86/p2m.h,0,5,0,0,5,0,5,2,1,0,0,0,1,1,1,1,0,0,1,1,1,1,1,0,0,0,0,0
422,No,No,789589968ed90e82a832dbc60e958c76b787be7e,No,No,default,none,Function,"p2m_pod_demand_populate(struct p2m_domain *,gfn_t,unsigned int)",xen/arch/x86/mm/p2m-pod.c,25,86,37,18,147,25,86,16,58,37,0,0,35,258,54,65,11,0,54,13,13,13,7,18,13,1,13,0
422,No,No,789589968ed90e82a832dbc60e958c76b787be7e,No,No,default,none,Function,p2m_pod_dump_data(struct domain *),xen/arch/x86/mm/p2m-pod.c,1,6,0,5,7,1,6,2,3,0,0,0,2,1,2,2,1,0,1,1,1,1,1,0,0,0,0,0
422,No,No,789589968ed90e82a832dbc60e958c76b787be7e,No,No,default,Static,Static Function,p2m_pod_emergency_sweep(struct p2m_domain *),xen/arch/x86/mm/p2m-pod.c,7,34,13,6,54,7,34,6,21,13,0,0,16,28,20,26,4,0,22,9,9,11,3,2,2,3,2,0
422,No,No,789589968ed90e82a832dbc60e958c76b787be7e,No,No,default,Static,Static Function,p2m_pod_empty_cache(struct domain *),xen/include/asm-x86/p2m.h,0,4,0,0,4,0,4,1,1,0,0,0,1,1,1,1,0,0,1,1,1,1,1,0,0,0,0,0
422,No,No,789589968ed90e82a832dbc60e958c76b787be7e,No,No,default,none,Function,p2m_pod_empty_cache(struct domain *),xen/arch/x86/mm/p2m-pod.c,10,32,1,8,43,10,32,4,20,1,0,0,15,15,21,26,3,0,23,7,7,9,5,6,6,2,6,0
422,No,No,789589968ed90e82a832dbc60e958c76b787be7e,No,No,default,Static,Static Function,p2m_pod_entry_count(const struct p2m_domain *),xen/include/asm-x86/p2m.h,0,4,0,0,4,0,4,1,1,0,0,0,1,1,1,1,0,0,1,1,1,1,1,0,0,0,0,0
422,No,No,789589968ed90e82a832dbc60e958c76b787be7e,No,No,default,Static,Static Function,p2m_pod_init(struct p2m_domain *),xen/include/asm-x86/p2m.h,0,1,0,0,1,0,1,1,0,0,0,0,0,1,0,0,0,0,0,1,1,1,1,0,0,0,0,0
422,No,No,789589968ed90e82a832dbc60e958c76b787be7e,No,No,default,none,Function,p2m_pod_init(struct p2m_domain *),xen/arch/x86/mm/p2m-pod.c,2,9,0,8,11,2,9,2,5,0,0,0,8,2,7,8,1,0,7,2,2,2,1,0,0,1,0,0
422,No,No,789589968ed90e82a832dbc60e958c76b787be7e,No,No,default,Static,Static Function,p2m_pod_offline_or_broken_hit(struct page_info *),xen/include/asm-x86/p2m.h,0,4,0,0,4,0,4,1,1,0,0,0,1,1,1,1,0,0,1,1,1,1,1,0,0,0,0,0
422,No,No,789589968ed90e82a832dbc60e958c76b787be7e,No,No,default,none,Function,p2m_pod_offline_or_broken_hit(struct page_info *),xen/arch/x86/mm/p2m-pod.c,5,47,1,8,53,5,47,7,29,1,0,0,17,7,28,32,5,0,27,5,5,7,4,5,5,2,5,0
422,No,No,789589968ed90e82a832dbc60e958c76b787be7e,No,No,default,Static,Static Function,p2m_pod_offline_or_broken_replace(struct page_info *),xen/include/asm-x86/p2m.h,0,4,0,0,4,0,4,1,1,0,0,0,1,1,1,1,0,0,1,1,1,1,1,0,0,0,0,0
422,No,No,789589968ed90e82a832dbc60e958c76b787be7e,No,No,default,none,Function,p2m_pod_offline_or_broken_replace(struct page_info *),xen/arch/x86/mm/p2m-pod.c,4,17,0,4,21,4,17,5,11,0,0,0,10,3,11,13,3,0,10,3,3,4,3,2,2,1,2,0
422,No,No,789589968ed90e82a832dbc60e958c76b787be7e,No,No,default,Static,Static Function,"p2m_pod_set_cache_target(struct p2m_domain *,unsigned long,int)",xen/arch/x86/mm/p2m-pod.c,16,72,9,15,97,16,72,9,45,9,0,0,17,455,34,46,7,0,39,13,13,18,9,18,18,3,16,0
422,No,No,789589968ed90e82a832dbc60e958c76b787be7e,No,No,default,none,Function,"p2m_pod_set_mem_target(struct domain *,unsigned long)",xen/arch/x86/mm/p2m-pod.c,10,23,11,9,43,10,23,5,17,11,0,0,6,16,14,18,3,0,15,5,5,7,4,3,3,1,3,0
422,No,No,789589968ed90e82a832dbc60e958c76b787be7e,No,No,default,Static,Static Function,"p2m_pod_zero_check(struct p2m_domain *,const gfn_t *,unsigned int)",xen/arch/x86/mm/p2m-pod.c,22,94,34,10,150,22,94,13,61,34,0,0,23,5550,58,77,10,0,67,22,22,25,14,26,26,4,25,0
422,No,No,789589968ed90e82a832dbc60e958c76b787be7e,No,No,default,Static,Static Function,"p2m_pod_zero_check_superpage(struct p2m_domain *,gfn_t)",xen/arch/x86/mm/p2m-pod.c,28,105,39,11,172,28,105,18,71,39,0,0,31,117600,69,91,15,0,76,24,24,28,20,32,32,3,32,0
422,No,No,789589968ed90e82a832dbc60e958c76b787be7e,No,No,default,Static,Static Function,"p2m_pt_change_entry_type_global(struct p2m_domain *,p2m_type_t,p2m_type_t)",xen/arch/x86/mm/p2m-pt.c,5,26,0,3,31,5,26,6,16,0,0,0,11,7,15,19,4,0,15,5,5,6,1,1,0,2,0,0
422,No,No,789589968ed90e82a832dbc60e958c76b787be7e,No,No,default,Static,Static Function,"p2m_pt_change_entry_type_range(struct p2m_domain *,p2m_type_t,p2m_type_t,unsigned long,unsigned long)",xen/arch/x86/mm/p2m-pt.c,5,35,0,4,40,5,35,9,20,0,0,0,6,6,17,22,5,1,16,6,6,8,6,9,9,3,9,0
422,No,No,789589968ed90e82a832dbc60e958c76b787be7e,No,No,default,Static,Static Function,"p2m_pt_get_entry(struct p2m_domain *,gfn_t,p2m_type_t *,p2m_access_t *,p2m_query_t,unsigned int *,bool_t *)",xen/arch/x86/mm/p2m-pt.c,18,142,8,8,168,18,142,14,99,8,0,0,36,852,72,98,10,0,88,30,30,39,20,24,24,4,24,0
422,No,No,789589968ed90e82a832dbc60e958c76b787be7e,No,No,default,none,Function,p2m_pt_handle_deferred_changes(uint64_t),xen/arch/x86/mm/p2m-pt.c,3,10,5,3,18,3,10,3,6,5,0,0,8,1,7,7,2,0,5,1,1,1,1,0,0,0,0,0
422,No,No,789589968ed90e82a832dbc60e958c76b787be7e,No,No,default,none,Function,p2m_pt_init(struct p2m_domain *),xen/arch/x86/mm/p2m-pt.c,0,14,0,1,14,0,10,1,7,0,1,3,8,1,7,7,0,0,7,1,1,1,1,0,0,0,0,0
422,No,No,789589968ed90e82a832dbc60e958c76b787be7e,No,No,default,Static,Static Function,"p2m_pt_set_entry(struct p2m_domain *,gfn_t,mfn_t,unsigned int,p2m_type_t,p2m_access_t,int)",xen/arch/x86/mm/p2m-pt.c,28,172,31,15,231,28,172,22,126,31,0,0,47,19973,78,103,17,0,86,29,29,36,9,14,10,3,10,0
422,No,No,789589968ed90e82a832dbc60e958c76b787be7e,No,No,default,Static,Static Function,"p2m_pt_set_recalc_range(struct p2m_domain *,unsigned int,unsigned long,unsigned long)",xen/arch/x86/mm/p2m-pt.c,7,51,0,5,58,7,51,10,33,0,0,0,10,36,27,34,6,2,26,8,8,10,5,10,10,3,9,0
422,No,No,789589968ed90e82a832dbc60e958c76b787be7e,No,No,default,Static,Static Function,p2m_put_l3_page(const lpae_t),xen/arch/arm/p2m.c,2,10,7,4,19,2,10,2,5,7,0,0,8,6,6,9,1,0,8,6,6,6,1,0,0,3,0,0
422,No,No,789589968ed90e82a832dbc60e958c76b787be7e,No,No,default,Static,Static Function,p2m_read_lock(struct p2m_domain *),xen/include/asm-arm/p2m.h,0,4,0,2,4,0,4,1,1,0,0,0,1,1,1,1,0,0,1,1,1,1,1,0,0,0,0,0
422,No,No,789589968ed90e82a832dbc60e958c76b787be7e,No,No,default,Static,Static Function,p2m_read_unlock(struct p2m_domain *),xen/include/asm-arm/p2m.h,0,4,0,2,4,0,4,1,1,0,0,0,1,1,1,1,0,0,1,1,1,1,1,0,0,0,0,0
422,No,No,789589968ed90e82a832dbc60e958c76b787be7e,No,No,default,Static,Static Function,"p2m_recalc_type(bool,p2m_type_t,struct p2m_domain *,unsigned long)",xen/include/asm-x86/p2m.h,0,6,0,4,6,0,6,3,1,0,0,0,2,1,1,1,0,0,1,1,1,1,1,0,0,0,0,0
422,No,No,789589968ed90e82a832dbc60e958c76b787be7e,No,No,default,Static,Static Function,"p2m_recalc_type_range(bool,p2m_type_t,struct p2m_domain *,unsigned long,unsigned long)",xen/include/asm-x86/p2m.h,2,12,0,9,14,2,12,4,6,0,0,0,2,3,3,5,0,0,5,4,4,6,3,2,2,1,2,0
422,No,No,789589968ed90e82a832dbc60e958c76b787be7e,No,No,default,Static,Static Function,"p2m_remove_mapping(struct domain *,gfn_t,unsigned long,mfn_t)",xen/arch/arm/p2m.c,2,13,0,6,15,2,13,6,6,0,0,0,6,1,6,6,2,0,4,1,1,1,1,0,0,0,0,0
422,No,No,789589968ed90e82a832dbc60e958c76b787be7e,No,No,default,Static,Static Function,"p2m_remove_page(struct p2m_domain *,unsigned long,unsigned long,unsigned int)",xen/arch/x86/mm/p2m.c,3,28,0,9,31,3,28,8,15,0,0,0,19,5,14,18,5,0,13,6,6,9,1,1,0,3,0,0
422,No,No,789589968ed90e82a832dbc60e958c76b787be7e,No,No,default,Static,Static Function,"p2m_remove_pte(lpae_t *,bool)",xen/arch/arm/p2m.c,1,6,0,3,7,1,6,2,2,0,0,0,3,1,3,3,1,0,2,1,1,1,1,0,0,0,0,0
422,No,No,789589968ed90e82a832dbc60e958c76b787be7e,No,No,default,none,Function,"p2m_resolve_translation_fault(struct domain *,gfn_t)",xen/arch/arm/p2m.c,18,50,37,5,105,18,50,13,39,37,0,0,23,416,30,40,7,0,33,12,12,12,9,14,14,2,14,0
422,No,No,789589968ed90e82a832dbc60e958c76b787be7e,No,No,default,none,Function,p2m_restore_state(struct vcpu *),xen/arch/arm/p2m.c,7,16,16,10,39,7,16,3,11,16,0,0,6,3,11,13,2,1,10,3,3,4,1,1,0,1,0,1
422,No,No,789589968ed90e82a832dbc60e958c76b787be7e,No,No,default,none,Function,p2m_save_state(struct vcpu *),xen/arch/arm/p2m.c,1,9,5,2,15,1,9,1,4,5,0,0,8,2,3,4,0,0,4,2,2,2,1,0,0,1,0,0
422,No,No,789589968ed90e82a832dbc60e958c76b787be7e,No,No,default,none,Function,"p2m_set_entry(struct p2m_domain *,gfn_t,mfn_t,unsigned int,p2m_type_t,p2m_access_t)",xen/arch/x86/mm/p2m.c,7,31,0,22,38,7,31,7,22,0,0,0,11,9,15,19,5,0,14,8,8,10,1,1,0,2,0,0
422,No,No,789589968ed90e82a832dbc60e958c76b787be7e,No,No,default,none,Function,"p2m_set_entry(struct p2m_domain *,gfn_t,unsigned long,mfn_t,p2m_type_t,p2m_access_t)",xen/arch/arm/p2m.c,7,32,8,9,47,7,32,9,20,8,0,0,9,17,15,21,3,0,18,8,8,8,3,5,3,2,2,0
422,No,No,789589968ed90e82a832dbc60e958c76b787be7e,No,No,default,none,Function,"p2m_set_ioreq_server(struct domain *,unsigned int,struct hvm_ioreq_server *)",xen/arch/x86/mm/p2m.c,8,30,11,9,49,8,30,5,19,11,0,0,8,6,15,19,2,0,17,5,5,5,5,7,7,2,7,0
422,No,No,789589968ed90e82a832dbc60e958c76b787be7e,No,No,default,none,Function,"p2m_set_mem_access(struct domain *,gfn_t,uint32_t,uint32_t,uint32_t,xenmem_access_t,unsigned int)",xen/arch/x86/mm/mem_access.c,10,45,3,7,58,9,35,7,22,3,8,3,15,22,19,26,4,0,22,8,8,10,6,6,6,2,6,0
422,No,No,789589968ed90e82a832dbc60e958c76b787be7e,No,No,default,none,Function,"p2m_set_mem_access(struct domain *,gfn_t,uint32_t,uint32_t,uint32_t,xenmem_access_t,unsigned int)",xen/arch/arm/mem_access.c,11,62,6,8,79,11,60,21,42,6,0,2,20,17,26,34,7,0,27,8,7,10,8,11,11,3,11,0
422,No,No,789589968ed90e82a832dbc60e958c76b787be7e,No,No,default,none,Function,"p2m_set_mem_access_multi(struct domain *,const __guest_handle_const_uint64,const __guest_handle_const_uint8,uint32_t,uint32_t,uint32_t,unsigned int)",xen/arch/x86/mm/mem_access.c,11,52,2,7,65,10,42,10,24,2,8,3,13,68,19,26,5,0,21,8,8,11,6,8,8,2,8,0
422,No,No,789589968ed90e82a832dbc60e958c76b787be7e,No,No,default,none,Function,"p2m_set_mem_access_multi(struct domain *,const __guest_handle_const_uint64,const __guest_handle_const_uint8,uint32_t,uint32_t,uint32_t,unsigned int)",xen/arch/arm/mem_access.c,0,8,1,0,9,0,8,5,1,1,0,0,1,1,1,1,0,0,1,1,1,1,1,0,0,0,0,0
422,No,No,789589968ed90e82a832dbc60e958c76b787be7e,No,No,default,Static,Static Function,"p2m_set_permission(lpae_t *,p2m_type_t,p2m_access_t)",xen/arch/arm/p2m.c,5,65,2,3,72,5,65,1,58,2,0,0,6,54,33,58,0,0,58,24,3,24,1,38,0,1,0,0
422,No,No,789589968ed90e82a832dbc60e958c76b787be7e,No,No,default,none,Function,p2m_set_way_flush(struct vcpu *),xen/arch/arm/p2m.c,1,9,1,5,11,1,9,1,4,1,0,0,6,4,4,6,0,0,6,4,4,4,1,0,0,2,0,0
422,No,No,789589968ed90e82a832dbc60e958c76b787be7e,No,No,default,Static,Static Function,"p2m_split_superpage(struct p2m_domain *,lpae_t *,unsigned int,unsigned int,const unsigned int *)",xen/arch/arm/p2m.c,14,38,28,11,80,14,38,11,28,28,0,0,18,36,30,36,8,0,28,9,9,9,1,1,0,2,0,0
422,No,No,789589968ed90e82a832dbc60e958c76b787be7e,No,No,default,none,Function,p2m_teardown(struct domain *),xen/arch/arm/p2m.c,7,15,1,5,23,7,15,3,11,1,0,0,7,5,9,12,2,0,10,4,4,4,1,1,0,1,0,0
422,No,No,789589968ed90e82a832dbc60e958c76b787be7e,No,No,default,none,Function,p2m_teardown(struct p2m_domain *),xen/arch/x86/mm/p2m.c,4,14,2,6,20,4,14,3,9,2,0,0,9,3,9,11,2,0,9,3,3,3,1,1,0,1,0,0
422,No,No,789589968ed90e82a832dbc60e958c76b787be7e,No,No,default,Static,Static Function,p2m_teardown_hostp2m(struct domain *),xen/arch/x86/mm/p2m.c,1,9,1,2,11,1,9,2,4,1,0,0,5,2,3,4,1,0,3,2,2,2,1,0,0,1,0,0
422,No,No,789589968ed90e82a832dbc60e958c76b787be7e,No,No,default,none,Function,p2m_tlb_flush_sync(struct p2m_domain *),xen/arch/x86/mm/p2m.c,0,7,0,2,7,0,7,1,3,0,0,0,3,2,2,3,0,0,3,2,2,2,1,0,0,1,0,0
422,No,No,789589968ed90e82a832dbc60e958c76b787be7e,No,No,default,none,Function,p2m_tlb_flush_sync(struct p2m_domain *),xen/arch/arm/p2m.c,0,5,0,4,5,0,5,1,2,0,0,0,1,2,1,2,0,0,2,2,2,2,1,0,0,1,0,0
422,No,No,789589968ed90e82a832dbc60e958c76b787be7e,No,No,default,none,Function,"p2m_toggle_cache(struct vcpu *,bool)",xen/arch/arm/p2m.c,3,9,7,28,19,3,9,2,6,7,0,0,7,8,5,8,1,0,7,5,5,5,1,0,0,2,0,0
422,No,No,789589968ed90e82a832dbc60e958c76b787be7e,No,No,default,Static,Static Function,"p2m_type_to_flags(const struct p2m_domain *,p2m_type_t,mfn_t,unsigned int)",xen/arch/x86/mm/p2m-pt.c,1,44,5,8,50,1,44,5,33,5,0,0,4,9,14,32,1,0,31,18,4,18,8,27,26,2,26,0
422,No,No,789589968ed90e82a832dbc60e958c76b787be7e,No,No,default,Static,Static Function,p2m_unlock(struct p2m_domain *),xen/arch/x86/mm/mm-locks.h,0,7,0,37,7,0,7,1,4,0,0,0,4,2,2,3,0,0,3,2,2,2,1,1,0,1,0,0
422,No,No,789589968ed90e82a832dbc60e958c76b787be7e,No,No,default,none,Function,p2m_unlock_and_tlb_flush(struct p2m_domain *),xen/arch/x86/mm/p2m.c,0,9,0,4,9,0,9,1,6,0,0,0,4,2,4,5,0,0,5,2,2,2,1,1,0,1,0,0
422,No,No,789589968ed90e82a832dbc60e958c76b787be7e,No,No,default,Static,Static Function,p2m_vm_event_sanity_check(struct domain *),xen/include/asm-arm/p2m.h,0,4,0,0,4,0,4,1,1,0,0,0,1,1,1,1,0,0,1,1,1,1,1,0,0,0,0,0
422,No,No,789589968ed90e82a832dbc60e958c76b787be7e,No,No,default,Static,Static Function,p2m_vmid_allocator_init(),xen/arch/arm/p2m.c,2,7,3,1,12,2,7,1,4,3,0,0,5,2,3,4,0,0,4,2,2,2,1,0,0,1,0,0
422,No,No,789589968ed90e82a832dbc60e958c76b787be7e,No,No,default,Static,Static Function,p2m_write_lock(struct p2m_domain *),xen/include/asm-arm/p2m.h,0,4,0,2,4,0,4,1,1,0,0,0,1,1,1,1,0,0,1,1,1,1,1,0,0,0,0,0
422,No,No,789589968ed90e82a832dbc60e958c76b787be7e,No,No,default,Static,Static Function,"p2m_write_pte(lpae_t *,lpae_t,bool)",xen/arch/arm/p2m.c,0,6,0,9,6,0,6,1,3,0,0,0,3,2,2,3,0,0,3,2,2,2,1,0,0,1,0,0
422,No,No,789589968ed90e82a832dbc60e958c76b787be7e,No,No,default,none,Function,p2m_write_unlock(struct p2m_domain *),xen/arch/arm/p2m.c,1,5,5,9,11,1,5,1,2,5,0,0,2,1,2,2,0,0,2,1,1,1,1,0,0,0,0,1
422,No,No,789589968ed90e82a832dbc60e958c76b787be7e,No,No,default,none,Function,paddr_to_pfn(),xen/arch/x86/dom0_build.c,1,15,2,10,18,1,15,8,6,2,0,0,4,2,4,5,1,0,4,2,2,4,1,0,0,1,0,0
422,No,No,789589968ed90e82a832dbc60e958c76b787be7e,No,No,default,none,Function,page_get_owner_and_reference(struct page_info *),xen/arch/x86/mm.c,3,14,5,4,22,3,14,3,9,5,0,0,5,3,9,11,2,0,9,5,5,5,3,2,2,2,2,0
422,No,No,789589968ed90e82a832dbc60e958c76b787be7e,No,No,default,none,Function,page_get_owner_and_reference(struct page_info *),xen/arch/arm/mm.c,3,14,4,3,21,3,14,3,9,4,0,0,5,2,8,9,2,0,7,3,3,3,3,2,2,2,2,0
422,No,No,789589968ed90e82a832dbc60e958c76b787be7e,No,No,default,none,Function,page_get_ram_type(mfn_t),xen/arch/x86/mm.c,8,34,0,6,42,8,34,3,27,0,0,0,2,21,17,26,2,0,24,10,6,12,3,11,3,2,1,0
422,No,No,789589968ed90e82a832dbc60e958c76b787be7e,No,No,default,Static,Static Function,page_is_out_of_sync(struct page_info *),xen/arch/x86/mm/shadow/private.h,0,5,0,8,5,0,5,1,2,0,0,0,1,1,1,1,0,0,1,1,1,2,1,0,0,0,0,0
422,No,No,789589968ed90e82a832dbc60e958c76b787be7e,No,No,default,none,Function,"page_is_ram_type(unsigned long,unsigned long)",xen/arch/x86/mm.c,3,34,2,8,39,3,34,3,26,2,0,0,2,19,15,27,2,0,25,12,8,13,11,27,27,3,27,0
422,No,No,789589968ed90e82a832dbc60e958c76b787be7e,No,No,default,none,Function,"page_is_ram_type(unsigned long,unsigned long)",xen/arch/arm/mm.c,0,5,0,0,5,0,5,1,2,0,0,0,2,1,2,2,0,0,2,1,1,1,1,0,0,0,0,0
422,No,No,789589968ed90e82a832dbc60e958c76b787be7e,No,No,default,Static,Static Function,"page_list_add(struct page_info *,struct list_head *)",xen/include/xen/mm.h,0,5,0,12,5,0,5,2,1,0,0,0,2,1,1,1,0,0,1,1,1,1,1,0,0,0,0,0
422,No,No,789589968ed90e82a832dbc60e958c76b787be7e,No,No,default,Static,Static Function,"page_list_add_scrub(struct page_info *,unsigned int,unsigned int,unsigned int,unsigned int)",xen/common/page_alloc.c,1,15,0,10,16,1,15,3,8,0,0,0,10,3,7,9,0,0,9,4,4,4,1,1,0,3,0,0
422,No,No,789589968ed90e82a832dbc60e958c76b787be7e,No,No,default,Static,Static Function,"page_list_add_tail(struct page_info *,struct list_head *)",xen/include/xen/mm.h,0,5,0,26,5,0,5,2,1,0,0,0,2,1,1,1,0,0,1,1,1,1,1,0,0,0,0,0
422,No,No,789589968ed90e82a832dbc60e958c76b787be7e,No,No,default,Static,Static Function,"page_list_del(struct page_info *,struct list_head *)",xen/include/xen/mm.h,0,5,0,17,5,0,5,2,1,0,0,0,2,1,1,1,0,0,1,1,1,1,1,0,0,0,0,0
422,No,No,789589968ed90e82a832dbc60e958c76b787be7e,No,No,default,Static,Static Function,"page_list_del2(struct page_info *,struct list_head *,struct list_head *)",xen/include/xen/mm.h,0,6,0,2,6,0,6,3,1,0,0,0,2,1,1,1,0,0,1,1,1,1,1,0,0,0,0,0
422,No,No,789589968ed90e82a832dbc60e958c76b787be7e,No,No,default,Static,Static Function,page_list_empty(const struct list_head *),xen/include/xen/mm.h,0,5,0,11,5,0,5,2,1,0,0,0,2,1,1,1,0,0,1,1,1,1,1,0,0,0,0,0
422,No,No,789589968ed90e82a832dbc60e958c76b787be7e,No,No,default,Static,Static Function,page_list_first(const struct list_head *),xen/include/xen/mm.h,0,5,0,5,5,0,5,2,1,0,0,0,2,1,1,1,0,0,1,1,1,1,1,0,0,0,0,0
422,No,No,789589968ed90e82a832dbc60e958c76b787be7e,No,No,default,Static,Static Function,page_list_last(const struct list_head *),xen/include/xen/mm.h,0,5,0,3,5,0,5,2,1,0,0,0,2,1,1,1,0,0,1,1,1,1,1,0,0,0,0,0
422,No,No,789589968ed90e82a832dbc60e958c76b787be7e,No,No,default,Static,Static Function,"page_list_move(struct list_head *,struct list_head *)",xen/include/xen/mm.h,0,6,0,4,6,0,6,2,2,0,0,0,3,2,1,2,0,0,2,2,2,2,1,0,0,1,0,0
422,No,No,789589968ed90e82a832dbc60e958c76b787be7e,No,No,default,Static,Static Function,"page_list_next(const struct page_info *,const struct list_head *)",xen/include/xen/mm.h,0,6,0,7,6,0,6,3,1,0,0,0,2,1,1,1,0,0,1,1,1,1,1,0,0,0,0,0
422,No,No,789589968ed90e82a832dbc60e958c76b787be7e,No,No,default,Static,Static Function,"page_list_prev(const struct page_info *,const struct list_head *)",xen/include/xen/mm.h,0,6,0,4,6,0,6,3,1,0,0,0,2,1,1,1,0,0,1,1,1,1,1,0,0,0,0,0
422,No,No,789589968ed90e82a832dbc60e958c76b787be7e,No,No,default,Static,Static Function,page_list_remove_head(struct list_head *),xen/include/xen/mm.h,2,10,0,15,12,2,10,3,5,0,0,0,4,2,5,6,1,0,5,2,2,2,1,1,0,1,0,0
422,No,No,789589968ed90e82a832dbc60e958c76b787be7e,No,No,default,Static,Static Function,"page_list_splice(struct list_head *,struct list_head *)",xen/include/xen/mm.h,0,5,0,4,5,0,5,2,1,0,0,0,2,1,1,1,0,0,1,1,1,1,1,0,0,0,0,0
422,No,No,789589968ed90e82a832dbc60e958c76b787be7e,No,No,default,none,Function,page_lock(struct page_info *),xen/arch/x86/mm.c,4,16,0,5,20,4,16,2,12,0,0,0,7,8,9,12,1,0,11,6,6,8,3,2,2,2,2,0
422,No,No,789589968ed90e82a832dbc60e958c76b787be7e,No,No,default,Static,Static Function,"page_make_private(struct domain *,struct page_info *)",xen/arch/x86/mm/mem_sharing.c,10,30,7,10,47,10,30,2,22,7,0,0,13,5,19,23,1,0,22,5,5,5,4,3,3,1,3,0
422,No,No,789589968ed90e82a832dbc60e958c76b787be7e,No,No,default,Static,Static Function,"page_make_sharable(struct domain *,struct page_info *,int)",xen/arch/x86/mm/mem_sharing.c,7,36,5,12,48,7,36,4,22,5,0,0,10,7,18,24,1,0,23,7,7,7,5,4,4,2,4,0
422,No,No,789589968ed90e82a832dbc60e958c76b787be7e,No,No,default,Static,Static Function,page_oos_may_write(struct page_info *),xen/arch/x86/mm/shadow/private.h,0,5,0,4,5,0,5,1,2,0,0,0,1,1,1,1,0,0,1,1,1,2,1,0,0,0,0,0
422,No,No,789589968ed90e82a832dbc60e958c76b787be7e,No,No,default,Static,Static Function,page_sharing_dispose(struct page_info *),xen/arch/x86/mm/mem_sharing.c,0,7,1,7,8,0,7,1,4,1,0,0,4,2,2,3,0,0,3,2,2,2,1,0,0,1,0,0
422,No,No,789589968ed90e82a832dbc60e958c76b787be7e,No,No,default,Static,Static Function,page_to_p2m_table(struct page_info *),xen/arch/arm/p2m.c,0,4,7,3,11,0,4,1,1,7,0,0,3,1,1,1,0,0,1,1,1,1,1,0,0,0,0,1
422,No,No,789589968ed90e82a832dbc60e958c76b787be7e,No,No,default,Static,Static Function,page_to_virt(const struct page_info *),xen/include/asm-arm/mm.h,0,4,0,2,4,0,4,2,1,0,0,0,4,1,1,1,0,0,1,1,1,1,1,0,0,0,0,0
422,No,No,789589968ed90e82a832dbc60e958c76b787be7e,No,No,default,none,Function,page_unlock(struct page_info *),xen/arch/x86/mm.c,4,12,1,5,17,4,12,2,9,1,0,0,5,8,11,14,1,0,13,8,8,9,1,0,0,3,0,0
422,No,No,789589968ed90e82a832dbc60e958c76b787be7e,No,No,default,Static,Static Function,pagealloc_info(unsigned char),xen/common/page_alloc.c,4,22,0,1,26,4,22,3,13,0,0,0,2,5,9,12,2,0,10,4,4,4,1,0,0,2,0,0
422,No,No,789589968ed90e82a832dbc60e958c76b787be7e,No,No,default,none,Function,"pagefault_by_memadd(unsigned long,struct cpu_user_regs *)",xen/arch/x86/x86_64/mm.c,1,7,0,4,8,1,7,2,4,0,0,0,4,1,2,2,1,0,1,1,1,5,1,0,0,0,0,0
422,No,No,789589968ed90e82a832dbc60e958c76b787be7e,No,No,default,Static,Static Function,pages_to_kib(unsigned long),tools/python/xen/lowlevel/xc/xc.c,0,4,0,3,4,0,4,1,1,0,0,0,1,1,1,1,0,0,1,1,1,1,1,0,0,0,0,0
422,No,No,789589968ed90e82a832dbc60e958c76b787be7e,No,No,default,Static,Static Function,"paging_cmpxchg_guest_entry(struct vcpu *,intpte_t *,intpte_t *,intpte_t,mfn_t)",xen/include/asm-x86/paging.h,0,10,0,2,10,0,5,2,1,0,3,2,2,1,1,1,0,0,1,1,1,1,1,0,0,0,0,0
422,No,No,789589968ed90e82a832dbc60e958c76b787be7e,No,No,default,Static,Static Function,"paging_fault(unsigned long,struct cpu_user_regs *)",xen/include/asm-x86/paging.h,0,6,0,5,6,0,6,3,2,0,0,0,2,1,2,2,1,0,1,1,1,1,1,0,0,0,0,0
422,No,No,789589968ed90e82a832dbc60e958c76b787be7e,No,No,default,Static,Static Function,"paging_ga_to_gfn_cr3(struct vcpu *,unsigned long,paddr_t,uint32_t *,unsigned int *)",xen/include/asm-x86/paging.h,0,10,0,11,10,0,10,6,3,0,0,0,2,1,2,2,1,0,1,1,1,1,1,0,0,0,0,0
422,No,No,789589968ed90e82a832dbc60e958c76b787be7e,No,No,default,none,Function,"paging_gva_to_gfn(struct vcpu *,unsigned long,uint32_t *)",xen/arch/x86/mm/p2m.c,8,31,6,4,45,8,31,11,18,6,0,0,13,4,17,20,8,0,12,4,4,6,4,5,5,2,5,0
422,No,No,789589968ed90e82a832dbc60e958c76b787be7e,No,No,default,none,Function,"paging_invlpg(struct vcpu *,unsigned long)",xen/arch/x86/mm.c,2,12,0,5,14,2,12,1,9,0,0,0,7,4,4,7,0,0,7,4,4,5,3,3,2,1,2,0
422,No,No,789589968ed90e82a832dbc60e958c76b787be7e,No,No,default,Static,Static Function,paging_max_paddr_bits(const struct domain *),xen/include/asm-x86/paging.h,2,10,1,4,13,2,10,2,5,1,0,0,4,2,3,4,1,0,3,3,3,5,1,0,0,1,0,0
422,No,No,789589968ed90e82a832dbc60e958c76b787be7e,No,No,default,Static,Static Function,"paging_update_cr3(struct vcpu *,bool)",xen/include/asm-x86/paging.h,0,4,0,5,4,0,4,1,1,0,0,0,1,1,1,1,0,0,1,1,1,1,1,0,0,0,0,0
422,No,No,789589968ed90e82a832dbc60e958c76b787be7e,No,No,default,Static,Static Function,paging_update_paging_modes(struct vcpu *),xen/include/asm-x86/paging.h,0,4,0,4,4,0,4,1,1,0,0,0,1,1,1,1,0,0,1,1,1,1,1,0,0,0,0,0
422,No,No,789589968ed90e82a832dbc60e958c76b787be7e,No,No,default,Static,Static Function,"paging_write_guest_entry(struct vcpu *,intpte_t *,intpte_t,mfn_t)",xen/include/asm-x86/paging.h,0,10,0,1,10,0,5,2,1,0,3,2,2,1,1,1,0,0,1,1,1,1,1,0,0,0,0,0
422,No,No,789589968ed90e82a832dbc60e958c76b787be7e,No,No,default,none,Function,"panic(const char *,...)",xen/drivers/char/console.c,8,32,1,34,41,8,28,5,21,1,1,3,13,4,21,23,4,0,19,3,3,3,1,2,0,1,0,0
422,No,No,789589968ed90e82a832dbc60e958c76b787be7e,No,No,default,none,Function,panic_PAR(uint64_t),xen/arch/arm/traps.c,3,14,0,1,17,3,14,5,10,0,0,0,4,1,7,7,4,0,3,3,3,3,1,0,0,0,0,0
422,No,No,789589968ed90e82a832dbc60e958c76b787be7e,No,No,default,none,Function,paravirt_ctxt_switch_from(struct vcpu *),xen/arch/x86/domain.c,1,6,6,3,13,1,6,1,3,6,0,0,3,2,2,3,0,0,3,2,2,2,1,0,0,1,0,1
422,No,No,789589968ed90e82a832dbc60e958c76b787be7e,No,No,default,none,Function,paravirt_ctxt_switch_to(struct vcpu *),xen/arch/x86/domain.c,3,12,0,8,15,3,12,2,9,0,0,0,6,8,4,7,1,0,6,4,4,4,1,0,0,1,0,0
422,No,No,789589968ed90e82a832dbc60e958c76b787be7e,No,No,default,Static,Static Function,park_vcpu(struct csched2_vcpu *),xen/common/sched_credit2.c,2,12,14,12,28,2,12,2,7,14,0,0,9,4,7,9,1,0,8,4,4,4,1,0,0,2,0,1
422,No,No,789589968ed90e82a832dbc60e958c76b787be7e,No,No,default,none,Function,"parse_bool(const char *,const char *)",xen/common/kernel.c,8,42,0,5,50,8,42,2,37,0,0,0,5,36,22,41,1,0,40,21,15,21,18,101,101,2,101,0
422,No,No,789589968ed90e82a832dbc60e958c76b787be7e,No,No,default,none,Function,"parse_boolean(const char *,const char *,const char *)",xen/common/kernel.c,6,16,4,3,26,6,16,3,12,4,0,0,6,16,12,17,2,0,15,8,8,9,4,3,3,2,3,0
422,No,No,789589968ed90e82a832dbc60e958c76b787be7e,No,No,default,Static,Static Function,parse_console_timestamps(const char *),xen/drivers/char/console.c,1,26,1,1,27,1,26,1,21,1,0,0,3,8,11,19,0,0,19,8,7,9,8,13,13,1,13,0
422,No,No,789589968ed90e82a832dbc60e958c76b787be7e,No,No,default,Static,Static Function,parse_driver_options(struct arm_smmu_device *),xen/drivers/passthrough/arm/smmu.c,1,12,0,7,13,1,12,2,8,0,0,0,5,2,4,5,1,0,4,3,3,3,1,0,0,2,0,0
422,No,No,789589968ed90e82a832dbc60e958c76b787be7e,No,No,default,Static,Static Function,"parse_event_log_entry(struct amd_iommu *,u32 [])",xen/drivers/passthrough/amd/iommu_init.c,5,61,7,4,72,5,59,16,44,7,0,2,11,9,22,27,6,0,21,7,7,7,3,4,4,3,3,0
422,No,No,789589968ed90e82a832dbc60e958c76b787be7e,No,No,default,Static,Static Function,"parse_global_config(const char *,const char *,int)",tools/xl/xl.c,20,111,9,15,140,20,111,8,89,9,0,0,31,10485760,55,81,5,0,76,28,28,31,1,10,0,2,0,0
422,No,No,789589968ed90e82a832dbc60e958c76b787be7e,No,No,default,Static,Static Function,parse_guest_loglvl(const char *),xen/drivers/char/console.c,0,5,0,3,5,0,5,1,2,0,0,0,2,1,1,1,0,0,1,1,1,1,1,0,0,0,0,0
422,No,No,789589968ed90e82a832dbc60e958c76b787be7e,No,No,default,Static,Static Function,parse_loglvl(const char *),xen/drivers/char/console.c,0,4,0,3,4,0,4,1,1,0,0,0,2,1,1,1,0,0,1,1,1,1,1,0,0,0,0,0
422,No,No,789589968ed90e82a832dbc60e958c76b787be7e,No,No,default,Static,Static Function,"parse_maxmem(xc_interface *,char *)",tools/helpers/init-xenstore-domain.c,6,49,0,4,55,6,49,8,34,0,0,0,4,201,31,41,7,0,34,13,13,17,10,25,25,3,25,0
422,No,No,789589968ed90e82a832dbc60e958c76b787be7e,No,No,default,Static,Static Function,"parse_params(const char *,const struct kernel_param *,const struct kernel_param *)",xen/common/kernel.c,10,122,7,9,136,10,122,9,91,7,0,0,15,21697,64,91,7,3,81,28,23,32,14,34,34,5,33,0
422,No,No,789589968ed90e82a832dbc60e958c76b787be7e,No,No,default,none,Function,"parse_ppr_log_entry(struct amd_iommu *,u32 [])",xen/drivers/passthrough/amd/iommu_init.c,7,30,8,4,44,7,30,5,20,8,0,0,11,5,18,21,4,0,17,4,4,4,3,3,3,2,3,0
422,No,No,789589968ed90e82a832dbc60e958c76b787be7e,No,No,default,none,Function,"parse_size_and_unit(const char *,const char **)",xen/common/lib.c,4,29,6,3,38,4,29,3,22,6,0,0,3,16,14,28,2,0,26,14,4,14,8,4,4,2,4,0
422,No,No,789589968ed90e82a832dbc60e958c76b787be7e,No,No,default,Static,Static Function,partner_rings_remove(struct domain *),xen/common/argo.c,7,35,1,9,43,7,35,8,21,1,0,0,12,22,16,23,5,0,18,9,9,10,1,2,0,4,0,0
422,No,No,789589968ed90e82a832dbc60e958c76b787be7e,No,No,default,Static,Static Function,"pci_add_callback(libxl__qmp_handler *,const libxl__json_object *,void *)",tools/libxl/libxl_qmp.c,9,38,0,4,47,9,38,13,29,0,0,0,12,7,32,37,10,0,27,7,7,8,6,14,14,4,14,0
422,No,No,789589968ed90e82a832dbc60e958c76b787be7e,No,No,default,none,Function,"pci_add_device(u16,u8,u8,const struct pci_dev_info *,nodeid_t)",xen/drivers/passthrough/pci.c,15,119,5,18,138,15,119,17,88,5,0,0,24,6055,57,77,12,2,63,22,22,23,14,14,14,4,11,0
422,No,No,789589968ed90e82a832dbc60e958c76b787be7e,No,No,default,Static,Static Function,"pci_cfg_ok(struct domain *,unsigned int,unsigned int,uint32_t *)",xen/arch/x86/pv/emul-priv-op.c,6,31,1,11,38,6,31,5,21,1,0,0,10,11,11,18,3,0,15,9,9,13,7,6,6,2,6,0
422,No,No,789589968ed90e82a832dbc60e958c76b787be7e,No,No,default,none,Function,"pci_check_disable_device(u16,u8,u8)",xen/drivers/passthrough/pci.c,3,25,2,9,30,3,25,4,18,2,0,0,10,10,13,17,3,0,14,5,5,6,1,1,0,2,0,0
422,No,No,789589968ed90e82a832dbc60e958c76b787be7e,No,No,default,Static,Static Function,"pci_clean_dpci_irq(struct domain *,struct hvm_pirq_dpci *,void *)",xen/drivers/passthrough/pci.c,4,14,0,6,18,4,14,3,8,0,0,0,9,2,6,7,1,0,6,3,3,3,1,0,0,1,0,0
422,No,No,789589968ed90e82a832dbc60e958c76b787be7e,No,No,default,Static,Static Function,pci_clean_dpci_irqs(struct domain *),xen/drivers/passthrough/pci.c,5,23,0,4,28,5,23,3,16,0,0,0,9,5,12,16,2,0,14,5,5,5,5,4,4,2,4,0
422,No,No,789589968ed90e82a832dbc60e958c76b787be7e,No,No,default,none,Function,pci_cleanup_msi(struct pci_dev *),xen/arch/x86/msi.c,0,6,1,2,7,0,6,1,3,1,0,0,3,1,3,3,0,0,3,1,1,1,1,0,0,0,0,0
422,No,No,789589968ed90e82a832dbc60e958c76b787be7e,No,No,default,none,Function,pci_disable_msi(struct msi_desc *),xen/arch/x86/msi.c,0,7,0,6,7,0,7,1,4,0,0,0,2,3,2,4,0,0,4,3,3,3,1,1,0,1,0,0
422,No,No,789589968ed90e82a832dbc60e958c76b787be7e,No,No,default,Static,Static Function,pci_enable_acs(struct pci_dev *),xen/drivers/passthrough/pci.c,8,20,4,6,32,8,20,6,16,4,0,0,3,3,15,17,5,0,12,3,3,3,3,2,2,1,2,0
422,No,No,789589968ed90e82a832dbc60e958c76b787be7e,No,No,default,none,Function,"pci_enable_msi(struct msi_info *,struct msi_desc **)",xen/arch/x86/msi.c,2,8,0,5,10,2,8,1,5,0,0,0,6,4,4,6,0,0,6,5,5,5,1,1,0,2,0,0
422,No,No,789589968ed90e82a832dbc60e958c76b787be7e,No,No,default,none,Function,"pci_find_cap_offset(u16,u8,u8,u8,u8)",xen/drivers/pci/pci.c,6,24,0,15,30,6,24,5,17,0,0,0,3,8,14,19,4,0,15,6,6,6,6,10,10,2,10,0
422,No,No,789589968ed90e82a832dbc60e958c76b787be7e,No,No,default,none,Function,"pci_find_ext_capability(int,int,int,int)",xen/drivers/pci/pci.c,0,4,0,7,4,0,4,1,1,0,0,0,2,1,1,1,0,0,1,1,1,1,1,0,0,0,0,0
422,No,No,789589968ed90e82a832dbc60e958c76b787be7e,No,No,default,none,Function,"pci_find_next_cap(u16,u8,unsigned int,u8,int)",xen/drivers/pci/pci.c,4,20,0,5,24,4,20,3,14,0,0,0,2,9,10,14,2,0,12,5,5,5,5,9,9,2,9,0
422,No,No,789589968ed90e82a832dbc60e958c76b787be7e,No,No,default,none,Function,"pci_find_next_ext_capability(int,int,int,int,int)",xen/drivers/pci/pci.c,3,19,5,6,26,3,19,4,14,5,0,0,6,5,11,15,3,0,12,5,5,8,5,6,6,2,6,0
422,No,No,789589968ed90e82a832dbc60e958c76b787be7e,No,No,default,Static,Static Function,"pci_for_each_dma_alias(struct pci_dev *,int (*) (),void *)",xen/drivers/passthrough/arm/smmu.c,0,8,0,1,8,0,8,4,2,0,0,0,2,1,2,2,0,0,2,1,1,1,1,0,0,0,0,0
422,No,No,789589968ed90e82a832dbc60e958c76b787be7e,No,No,default,none,Function,"pci_get_pdev(int,int,int)",xen/drivers/passthrough/pci.c,4,23,0,17,27,4,23,3,18,0,0,0,6,5,10,13,2,0,11,5,5,10,3,2,2,2,2,0
422,No,No,789589968ed90e82a832dbc60e958c76b787be7e,No,No,default,none,Function,"pci_get_pdev_by_domain(const struct domain *,int,int,int)",xen/drivers/passthrough/pci.c,4,24,0,16,28,4,24,4,18,0,0,0,5,5,9,12,2,0,10,5,5,11,3,2,2,2,2,0
422,No,No,789589968ed90e82a832dbc60e958c76b787be7e,No,No,default,none,Function,"pci_get_real_pdev(int,int,int)",xen/drivers/passthrough/pci.c,3,17,0,6,20,3,17,3,10,0,0,0,2,6,9,13,2,0,11,5,5,9,4,2,2,2,2,0
422,No,No,789589968ed90e82a832dbc60e958c76b787be7e,No,No,default,none,Function,pci_get_ro_map(u16),xen/drivers/passthrough/pci.c,1,5,0,4,6,1,5,2,2,0,0,0,2,1,2,2,1,0,1,2,2,2,1,0,0,0,0,0
422,No,No,789589968ed90e82a832dbc60e958c76b787be7e,No,No,default,none,Function,"pci_intx(const struct pci_dev *,bool)",xen/drivers/pci/pci.c,1,13,0,8,14,1,13,6,10,0,0,0,2,2,8,9,5,0,4,2,2,2,1,1,0,1,0,0
422,No,No,789589968ed90e82a832dbc60e958c76b787be7e,No,No,default,none,Function,pci_known_segment(u16),xen/drivers/passthrough/pci.c,0,4,0,1,4,0,4,1,1,0,0,0,2,1,1,1,0,0,1,1,1,1,1,0,0,0,0,0
422,No,No,789589968ed90e82a832dbc60e958c76b787be7e,No,No,default,none,Function,"pci_mmcfg_reserved(uint64_t,unsigned int,unsigned int,unsigned int,unsigned int)",xen/arch/x86/x86_64/mmconfig-shared.c,4,28,0,11,32,4,28,5,18,0,0,0,4,6,11,16,2,0,14,6,6,8,6,12,12,3,12,0
422,No,No,789589968ed90e82a832dbc60e958c76b787be7e,No,No,default,none,Function,"pci_msi_conf_write_intercept(struct pci_dev *,unsigned int,unsigned int,uint32_t *)",xen/arch/x86/msi.c,11,53,0,18,64,11,53,10,37,0,0,0,15,27,31,42,8,0,34,15,15,21,8,12,12,3,12,0
422,No,No,789589968ed90e82a832dbc60e958c76b787be7e,No,No,default,none,Function,"pci_prepare_msix(u16,u8,u8,bool)",xen/arch/x86/msi.c,5,32,0,7,37,5,32,8,23,0,0,0,10,6,16,21,5,0,16,6,6,6,3,5,2,1,2,0
422,No,No,789589968ed90e82a832dbc60e958c76b787be7e,No,No,default,none,Function,pci_release_devices(struct domain *),xen/drivers/passthrough/pci.c,2,24,0,6,26,2,24,4,14,0,0,0,7,4,12,15,3,0,12,4,4,4,1,1,0,2,0,0
422,No,No,789589968ed90e82a832dbc60e958c76b787be7e,No,No,default,none,Function,"pci_remove_device(u16,u8,u8)",xen/drivers/passthrough/pci.c,5,27,0,8,32,5,27,4,21,0,0,0,11,4,16,19,3,0,16,4,4,5,3,2,2,1,2,0
422,No,No,789589968ed90e82a832dbc60e958c76b787be7e,No,No,default,none,Function,pci_restore_msi_state(struct pci_dev *),xen/arch/x86/msi.c,19,97,0,17,116,19,97,12,74,0,0,0,19,884,53,69,11,2,56,20,20,22,10,16,16,2,16,0
422,No,No,789589968ed90e82a832dbc60e958c76b787be7e,No,No,default,Static,Static Function,"pci_segments_iterate(int (*) (),void *)",xen/drivers/passthrough/pci.c,3,14,0,4,17,3,14,5,9,0,0,0,2,2,8,9,3,0,6,3,3,4,3,2,2,2,2,0
422,No,No,789589968ed90e82a832dbc60e958c76b787be7e,No,No,default,Static,Static Function,pci_serial_early_init(struct ns16550 *),xen/drivers/char/ns16550.c,2,17,0,1,19,0,3,1,0,0,14,2,0,1,0,0,0,0,0,1,1,1,1,0,0,0,0,0
422,No,No,789589968ed90e82a832dbc60e958c76b787be7e,No,No,default,Static,Static Function,pci_serr_error(const struct cpu_user_regs *),xen/arch/x86/traps.c,1,16,7,3,20,1,16,1,11,7,0,0,7,3,7,10,0,0,10,3,2,3,3,1,1,1,1,0
422,No,No,789589968ed90e82a832dbc60e958c76b787be7e,No,No,default,Static,Static Function,pci_serr_softirq(),xen/arch/x86/traps.c,0,5,1,0,5,0,5,1,2,1,0,0,3,1,2,2,0,0,2,1,1,1,1,0,0,0,0,0
422,No,No,789589968ed90e82a832dbc60e958c76b787be7e,No,No,default,none,Function,"pci_size_mem_bar(pci_sbdf_t,unsigned int,uint64_t *,uint64_t *,unsigned int)",xen/drivers/passthrough/pci.c,3,46,0,10,49,3,46,10,34,0,0,0,7,13,21,26,4,0,22,10,10,13,3,3,2,2,2,0
422,No,No,789589968ed90e82a832dbc60e958c76b787be7e,No,No,default,none,Function,pcidevs_lock(),xen/drivers/passthrough/pci.c,0,4,0,17,4,0,4,1,1,0,0,0,1,1,1,1,0,0,1,1,1,1,1,0,0,0,0,0
422,No,No,789589968ed90e82a832dbc60e958c76b787be7e,No,No,default,none,Function,pcidevs_locked(),xen/drivers/passthrough/pci.c,0,4,0,22,4,0,4,1,1,0,0,0,2,1,1,1,0,0,1,1,1,1,1,0,0,0,0,0
422,No,No,789589968ed90e82a832dbc60e958c76b787be7e,No,No,default,none,Function,pcidevs_trylock(),xen/drivers/passthrough/pci.c,0,4,0,2,4,0,4,1,1,0,0,0,2,1,1,1,0,0,1,1,1,1,1,0,0,0,0,0
422,No,No,789589968ed90e82a832dbc60e958c76b787be7e,No,No,default,none,Function,pcidevs_unlock(),xen/drivers/passthrough/pci.c,0,4,0,18,4,0,4,1,1,0,0,0,1,1,1,1,0,0,1,1,1,1,1,0,0,0,0,0
422,No,No,789589968ed90e82a832dbc60e958c76b787be7e,No,No,default,none,Function,"pdev_type(u16,u8,u8)",xen/drivers/passthrough/pci.c,3,27,1,7,31,3,27,4,19,1,0,0,3,7,12,20,3,0,17,8,5,8,7,19,19,2,19,0
422,No,No,789589968ed90e82a832dbc60e958c76b787be7e,No,No,default,Static,Static Function,"pending_cancel(const struct domain *,struct argo_ring_info *,domid_t)",xen/common/argo.c,2,18,2,12,22,2,18,4,9,2,0,0,10,6,7,10,1,0,9,5,5,10,1,0,0,2,0,0
422,No,No,789589968ed90e82a832dbc60e958c76b787be7e,No,No,default,Static,Static Function,"pending_find(const struct domain *,struct argo_ring_info *,unsigned int,struct list_head *)",xen/common/argo.c,5,20,15,14,40,5,20,4,11,15,0,0,11,6,9,12,1,0,11,5,5,7,1,0,0,2,0,0
422,No,No,789589968ed90e82a832dbc60e958c76b787be7e,No,No,default,Static,Static Function,pending_notify(struct list_head *),xen/common/argo.c,2,13,1,4,16,2,13,3,6,1,0,0,7,4,6,8,1,0,7,4,4,4,1,0,0,2,0,0
422,No,No,789589968ed90e82a832dbc60e958c76b787be7e,No,No,default,Static,Static Function,"pending_queue(const struct domain *,struct argo_ring_info *,domid_t,unsigned int)",xen/common/argo.c,6,20,0,13,26,6,20,4,14,0,0,0,13,8,13,17,1,0,16,6,6,11,3,2,2,2,2,0
422,No,No,789589968ed90e82a832dbc60e958c76b787be7e,No,No,default,Static,Static Function,"pending_remove_all(const struct domain *,struct argo_ring_info *)",xen/common/argo.c,2,15,2,11,19,2,15,3,8,2,0,0,11,6,7,10,1,0,9,5,5,10,1,0,0,2,0,0
422,No,No,789589968ed90e82a832dbc60e958c76b787be7e,No,No,default,Static,Static Function,"pending_requeue(const struct domain *,struct argo_ring_info *,domid_t,unsigned int)",xen/common/argo.c,4,17,11,12,32,4,17,4,8,11,0,0,9,6,6,9,1,0,8,5,5,10,1,1,0,2,0,0
422,No,No,789589968ed90e82a832dbc60e958c76b787be7e,No,No,default,none,Function,percpu_traps_init(),xen/arch/x86/traps.c,3,10,0,3,13,3,10,1,7,0,0,0,5,5,4,7,0,0,7,4,4,5,1,1,0,1,0,0
422,No,No,789589968ed90e82a832dbc60e958c76b787be7e,No,No,default,Static,Static Function,"pfn_to_pde_idx(unsigned long,unsigned int)",xen/drivers/passthrough/amd/iommu_map.c,1,7,0,5,8,1,7,2,3,0,0,0,1,1,4,4,1,0,3,1,1,1,1,0,0,0,0,0
422,No,No,789589968ed90e82a832dbc60e958c76b787be7e,No,No,default,Static,Static Function,"phys_pkg_id(u32,int)",xen/arch/x86/cpu/common.c,0,4,0,4,4,0,4,1,1,0,0,0,3,1,1,1,0,0,1,1,1,1,1,0,0,0,0,0
422,No,No,789589968ed90e82a832dbc60e958c76b787be7e,No,No,default,Static,Static Function,pi_clear_sn(struct pi_desc *),xen/include/asm-x86/hvm/vmx/vmx.h,0,4,0,2,4,0,4,1,1,0,0,0,1,1,1,1,0,0,1,1,1,1,1,0,0,0,0,0
422,No,No,789589968ed90e82a832dbc60e958c76b787be7e,No,No,default,Static,Static Function,pi_desc_init(struct vcpu *),xen/arch/x86/hvm/vmx/vmcs.c,1,5,4,1,10,1,5,1,2,4,0,0,7,1,2,2,0,0,2,1,1,1,1,0,0,0,0,0
422,No,No,789589968ed90e82a832dbc60e958c76b787be7e,No,No,default,Static,Static Function,"pi_get_pir(struct pi_desc *,int)",xen/include/asm-x86/hvm/vmx/vmx.h,0,4,0,3,4,0,4,1,1,0,0,0,2,1,1,1,0,0,1,1,1,1,1,0,0,0,0,0
422,No,No,789589968ed90e82a832dbc60e958c76b787be7e,No,No,default,Static,Static Function,pi_notification_interrupt(struct cpu_user_regs *),xen/arch/x86/hvm/vmx/vmx.c,1,6,38,0,45,1,6,1,3,38,0,0,3,1,3,3,0,0,3,1,1,1,1,0,0,0,0,6
422,No,No,789589968ed90e82a832dbc60e958c76b787be7e,No,No,default,Static,Static Function,pi_set_on(struct pi_desc *),xen/include/asm-x86/hvm/vmx/vmx.h,0,4,0,2,4,0,4,1,1,0,0,0,1,1,1,1,0,0,1,1,1,1,1,0,0,0,0,0
422,No,No,789589968ed90e82a832dbc60e958c76b787be7e,No,No,default,Static,Static Function,pi_set_sn(struct pi_desc *),xen/include/asm-x86/hvm/vmx/vmx.h,0,4,0,2,4,0,4,1,1,0,0,0,1,1,1,1,0,0,1,1,1,1,1,0,0,0,0,0
422,No,No,789589968ed90e82a832dbc60e958c76b787be7e,No,No,default,Static,Static Function,pi_test_and_clear_on(struct pi_desc *),xen/include/asm-x86/hvm/vmx/vmx.h,0,4,0,2,4,0,4,1,1,0,0,0,2,1,1,1,0,0,1,1,1,1,1,0,0,0,0,0
422,No,No,789589968ed90e82a832dbc60e958c76b787be7e,No,No,default,Static,Static Function,pi_test_and_set_on(struct pi_desc *),xen/include/asm-x86/hvm/vmx/vmx.h,0,4,0,2,4,0,4,1,1,0,0,0,2,1,1,1,0,0,1,1,1,1,1,0,0,0,0,0
422,No,No,789589968ed90e82a832dbc60e958c76b787be7e,No,No,default,Static,Static Function,"pi_test_and_set_pir(uint8_t,struct pi_desc *)",xen/include/asm-x86/hvm/vmx/vmx.h,0,4,0,3,4,0,4,1,1,0,0,0,2,1,1,1,0,0,1,1,1,1,1,0,0,0,0,0
422,No,No,789589968ed90e82a832dbc60e958c76b787be7e,No,No,default,Static,Static Function,pi_test_on(struct pi_desc *),xen/include/asm-x86/hvm/vmx/vmx.h,0,4,0,2,4,0,4,1,1,0,0,0,1,1,1,1,0,0,1,1,1,1,1,0,0,0,0,0
422,No,No,789589968ed90e82a832dbc60e958c76b787be7e,No,No,default,Static,Static Function,"pi_test_pir(uint8_t,const struct pi_desc *)",xen/include/asm-x86/hvm/vmx/vmx.h,0,4,0,3,4,0,4,1,1,0,0,0,2,1,1,1,0,0,1,1,1,1,1,0,0,0,0,0
422,No,No,789589968ed90e82a832dbc60e958c76b787be7e,No,No,default,Static,Static Function,pi_test_sn(struct pi_desc *),xen/include/asm-x86/hvm/vmx/vmx.h,0,4,0,2,4,0,4,1,1,0,0,0,1,1,1,1,0,0,1,1,1,1,1,0,0,0,0,0
422,No,No,789589968ed90e82a832dbc60e958c76b787be7e,No,No,default,none,Function,"pi_update_irte(const struct pi_desc *,const struct pirq *,const uint8_t)",xen/drivers/passthrough/vtd/intremap.c,6,24,0,6,30,6,24,5,14,0,0,0,8,3,15,17,3,0,14,3,3,3,3,3,2,1,2,0
422,No,No,789589968ed90e82a832dbc60e958c76b787be7e,No,No,default,Static,Static Function,pi_wakeup_interrupt(struct cpu_user_regs *),xen/arch/x86/hvm/vmx/vmx.c,4,21,5,6,30,4,21,5,14,5,0,0,15,3,12,14,3,0,11,4,4,4,1,0,0,3,0,0
422,No,No,789589968ed90e82a832dbc60e958c76b787be7e,No,No,default,Static,Static Function,"pick_avail_cos(const struct psr_socket_info *,const uint32_t [],unsigned int,unsigned int,enum psr_feat_type)",xen/arch/x86/psr.c,6,28,7,9,41,6,28,7,17,7,0,0,2,7,13,19,3,0,16,7,7,9,7,10,10,3,10,0
422,No,No,789589968ed90e82a832dbc60e958c76b787be7e,No,No,default,Static,Static Function,"pirq_acktype(struct domain *,int)",xen/arch/x86/irq.c,9,24,13,7,46,9,24,3,19,13,0,0,7,7,13,19,2,0,17,9,9,10,7,6,6,1,6,0
422,No,No,789589968ed90e82a832dbc60e958c76b787be7e,No,No,default,none,Function,"pirq_cleanup_check(struct pirq *,struct domain *)",xen/arch/x86/irq.c,2,14,6,14,22,2,14,1,9,6,0,0,4,7,4,9,0,0,9,6,6,6,5,5,5,2,5,0
422,No,No,789589968ed90e82a832dbc60e958c76b787be7e,No,No,default,none,Function,"pirq_get_info(struct domain *,int)",xen/common/domain.c,2,14,0,8,16,2,14,2,7,0,0,0,6,3,5,7,1,0,6,3,3,4,1,0,0,2,0,0
422,No,No,789589968ed90e82a832dbc60e958c76b787be7e,No,No,default,none,Function,"pirq_guest_bind(struct vcpu *,struct pirq *,int)",xen/arch/arm/irq.c,0,4,0,0,4,0,4,1,1,0,0,0,2,1,1,1,0,0,1,1,1,1,1,0,0,0,0,0
422,No,No,789589968ed90e82a832dbc60e958c76b787be7e,No,No,default,none,Function,"pirq_guest_bind(struct vcpu *,struct pirq *,int)",xen/arch/x86/irq.c,14,93,5,21,112,14,93,6,69,5,0,0,28,120,49,60,4,0,56,13,13,16,9,23,22,3,22,0
422,No,No,789589968ed90e82a832dbc60e958c76b787be7e,No,No,default,none,Function,pirq_guest_eoi(struct pirq *),xen/arch/x86/irq.c,1,8,0,2,9,1,8,2,4,0,0,0,4,2,4,5,1,0,4,2,2,2,1,0,0,1,0,0
422,No,No,789589968ed90e82a832dbc60e958c76b787be7e,No,No,default,Static,Static Function,"pirq_guest_force_unbind(struct domain *,struct pirq *)",xen/arch/x86/irq.c,9,35,0,13,44,9,35,5,25,0,0,0,13,32,23,28,4,0,24,6,6,7,4,3,3,1,3,0
422,No,No,789589968ed90e82a832dbc60e958c76b787be7e,No,No,default,none,Function,"pirq_guest_unbind(struct domain *,struct pirq *)",xen/arch/arm/irq.c,0,4,0,0,4,0,4,1,1,0,0,0,1,1,1,1,0,0,1,1,1,1,1,0,0,0,0,0
422,No,No,789589968ed90e82a832dbc60e958c76b787be7e,No,No,default,none,Function,"pirq_guest_unbind(struct domain *,struct pirq *)",xen/arch/x86/irq.c,5,30,0,8,35,5,30,4,20,0,0,0,14,6,17,20,3,0,17,4,4,4,1,2,0,1,0,0
422,No,No,789589968ed90e82a832dbc60e958c76b787be7e,No,No,default,none,Function,pirq_guest_unmask(struct domain *),xen/arch/x86/irq.c,2,17,0,6,19,2,17,3,11,0,0,0,5,3,9,11,2,0,9,4,4,6,1,0,0,3,0,0
422,No,No,789589968ed90e82a832dbc60e958c76b787be7e,No,No,default,none,Function,"pirq_set_affinity(struct domain *,int,const cpumask_t *)",xen/arch/arm/irq.c,0,4,0,0,4,0,4,1,1,0,0,0,1,1,1,1,0,0,1,1,1,1,1,0,0,0,0,0
422,No,No,789589968ed90e82a832dbc60e958c76b787be7e,No,No,default,none,Function,"pirq_set_affinity(struct domain *,int,const cpumask_t *)",xen/arch/x86/irq.c,1,9,0,4,10,1,9,3,5,0,0,0,3,2,5,6,2,0,4,2,2,2,1,1,0,1,0,0
422,No,No,789589968ed90e82a832dbc60e958c76b787be7e,No,No,default,none,Function,"pirq_shared(struct domain *,int)",xen/arch/x86/irq.c,4,14,0,6,18,4,14,5,7,0,0,0,3,2,10,11,4,0,7,2,2,3,1,1,0,1,0,0
422,No,No,789589968ed90e82a832dbc60e958c76b787be7e,No,No,default,none,Function,"pirq_spin_lock_irq_desc(const struct pirq *,unsigned long *)",xen/arch/x86/irq.c,5,20,0,11,25,5,20,5,12,0,0,0,5,7,12,16,3,3,10,5,5,5,4,5,5,2,5,0
422,No,No,789589968ed90e82a832dbc60e958c76b787be7e,No,No,default,none,Function,pit_broadcast_enter(),xen/arch/x86/time.c,0,4,0,1,4,0,4,1,1,0,0,0,2,1,1,1,0,0,1,1,1,1,1,0,0,0,0,0
422,No,No,789589968ed90e82a832dbc60e958c76b787be7e,No,No,default,none,Function,pit_broadcast_exit(),xen/arch/x86/time.c,1,6,0,1,7,1,6,2,3,0,0,0,4,2,2,3,1,0,2,2,2,2,1,0,0,1,0,0
422,No,No,789589968ed90e82a832dbc60e958c76b787be7e,No,No,default,none,Function,pit_broadcast_is_available(),xen/arch/x86/time.c,0,4,0,0,4,0,4,1,1,0,0,0,2,1,1,1,0,0,1,1,1,1,1,0,0,0,0,0
422,No,No,789589968ed90e82a832dbc60e958c76b787be7e,No,No,default,Static,Static Function,pit_channel0_enabled(),xen/arch/x86/hvm/vioapic.c,0,4,0,5,4,0,4,1,1,0,0,0,2,1,1,1,0,0,1,1,1,1,1,0,0,0,0,0
422,No,No,789589968ed90e82a832dbc60e958c76b787be7e,No,No,default,none,Function,platform_device_is_blacklisted(const struct dt_device_node *),xen/arch/arm/platform.c,2,7,0,3,9,2,7,2,4,0,0,0,2,2,3,4,1,0,3,2,2,3,1,0,0,1,0,0
422,No,No,789589968ed90e82a832dbc60e958c76b787be7e,No,No,default,none,Function,"platform_get_irq(const struct dt_device_node *,int)",xen/arch/arm/irq.c,4,12,0,6,16,4,12,3,7,0,0,0,3,3,7,9,2,0,7,3,3,3,3,2,2,1,2,0
422,No,No,789589968ed90e82a832dbc60e958c76b787be7e,No,No,default,Static,Static Function,"platform_get_resource(struct dt_device_node *,unsigned int,unsigned int)",xen/drivers/passthrough/arm/smmu.c,7,22,5,6,34,7,22,5,15,5,0,0,6,4,11,15,2,0,13,5,4,5,4,5,5,2,5,0
422,No,No,789589968ed90e82a832dbc60e958c76b787be7e,No,No,default,none,Function,platform_has_quirk(uint32_t),xen/arch/arm/platform.c,2,7,0,3,9,2,7,2,4,0,0,0,2,2,3,4,1,0,3,2,2,3,1,0,0,1,0,0
422,No,No,789589968ed90e82a832dbc60e958c76b787be7e,No,No,default,none,Function,platform_poweroff(),xen/arch/arm/platform.c,0,5,0,2,5,0,5,1,2,0,0,0,1,2,1,2,0,0,2,2,2,3,1,0,0,1,0,0
422,No,No,789589968ed90e82a832dbc60e958c76b787be7e,No,No,default,none,Function,platform_reset(),xen/arch/arm/platform.c,0,5,0,2,5,0,5,1,2,0,0,0,1,2,1,2,0,0,2,2,2,3,1,0,0,1,0,0
422,No,No,789589968ed90e82a832dbc60e958c76b787be7e,No,No,default,none,Function,platform_smc(struct cpu_user_regs *),xen/arch/arm/platform.c,1,6,0,4,7,1,6,1,3,0,0,0,3,2,2,3,0,0,3,2,2,3,1,1,0,1,0,0
422,No,No,789589968ed90e82a832dbc60e958c76b787be7e,No,No,default,Static,Static Function,platform_time_calibration(),xen/arch/x86/time.c,1,12,0,6,13,1,12,4,6,0,0,0,6,1,9,9,3,0,6,1,1,1,1,0,0,0,0,0
422,No,No,789589968ed90e82a832dbc60e958c76b787be7e,No,No,default,Static,Static Function,play_dead(),xen/arch/x86/domain.c,2,6,10,1,18,2,6,1,3,10,0,0,4,1,3,3,0,0,3,1,1,1,1,0,0,0,0,1
422,No,No,789589968ed90e82a832dbc60e958c76b787be7e,No,No,default,Static,Static Function,plt_overflow(void *),xen/arch/x86/time.c,6,29,0,5,35,6,29,5,18,0,0,0,11,9,23,27,4,0,23,8,8,8,3,2,2,2,2,0
422,No,No,789589968ed90e82a832dbc60e958c76b787be7e,No,No,default,none,Function,pmu_apic_interrupt(struct cpu_user_regs *),xen/arch/x86/apic.c,0,5,0,1,5,0,5,1,2,0,0,0,2,1,2,2,0,0,2,1,1,1,1,0,0,0,0,0
422,No,No,789589968ed90e82a832dbc60e958c76b787be7e,No,No,default,Static,Static Function,pod_eager_reclaim(struct p2m_domain *),xen/arch/x86/mm/p2m-pod.c,6,26,6,7,38,6,26,6,15,6,0,0,8,5,12,16,5,0,11,6,6,7,1,1,0,5,0,0
422,No,No,789589968ed90e82a832dbc60e958c76b787be7e,No,No,default,Static,Static Function,"pod_eager_record(struct p2m_domain *,gfn_t,unsigned int)",xen/arch/x86/mm/p2m-pod.c,2,9,0,8,11,2,9,3,5,0,0,0,6,1,4,4,1,0,3,2,2,2,1,0,0,0,0,0
422,No,No,789589968ed90e82a832dbc60e958c76b787be7e,No,No,default,Static,Static Function,poison_one_page(struct page_info *),xen/common/page_alloc.c,2,11,0,1,13,0,3,1,0,0,8,2,0,1,0,0,0,0,0,1,1,1,1,0,0,0,0,0
422,No,No,789589968ed90e82a832dbc60e958c76b787be7e,No,No,default,Static,Static Function,poll_timer_fn(void *),xen/common/schedule.c,1,6,0,4,7,1,6,2,3,0,0,0,2,2,2,3,1,0,2,2,2,2,1,0,0,1,0,0
422,No,No,789589968ed90e82a832dbc60e958c76b787be7e,No,No,default,Static,Static Function,populate_physmap(struct memop_args *),xen/common/memory.c,20,102,17,10,139,20,102,8,68,17,0,0,32,2378,43,65,7,0,58,24,24,27,16,34,34,5,34,0
422,No,No,789589968ed90e82a832dbc60e958c76b787be7e,No,No,default,none,Function,"populate_pt_range(unsigned long,unsigned long)",xen/arch/x86/mm.c,0,4,0,2,4,0,4,1,1,0,0,0,3,1,1,1,0,0,1,1,1,1,1,0,0,0,0,0
422,No,No,789589968ed90e82a832dbc60e958c76b787be7e,No,No,default,none,Function,"populate_pt_range(unsigned long,unsigned long)",xen/arch/arm/mm.c,0,4,0,2,4,0,4,1,1,0,0,0,3,1,1,1,0,0,1,1,1,1,1,0,0,0,0,0
422,No,No,789589968ed90e82a832dbc60e958c76b787be7e,No,No,default,Static,Static Function,"port_is_valid(struct domain *,unsigned int)",xen/include/xen/event.h,0,6,0,23,6,0,6,1,3,0,0,0,2,2,2,3,0,0,3,2,2,2,1,1,0,1,0,0
422,No,No,789589968ed90e82a832dbc60e958c76b787be7e,No,No,default,none,Function,postfork(),tools/xl/xl.c,1,6,1,1,7,1,6,1,3,1,0,0,3,1,3,3,0,0,3,1,1,1,1,0,0,0,0,0
422,No,No,789589968ed90e82a832dbc60e958c76b787be7e,No,No,default,Static,Static Function,preinit_pit(),xen/arch/x86/time.c,0,8,4,1,9,0,6,1,3,4,0,2,2,1,3,3,0,0,3,1,1,1,1,0,0,0,0,0
422,No,No,789589968ed90e82a832dbc60e958c76b787be7e,No,No,default,Static,Static Function,"prepare_domain_irq_pirq(struct domain *,int,int,struct pirq **)",xen/arch/x86/irq.c,2,18,0,7,20,2,18,5,11,0,0,0,6,4,8,11,2,0,9,4,4,5,3,2,2,2,2,0
422,No,No,789589968ed90e82a832dbc60e958c76b787be7e,No,No,default,none,Function,"prepare_ring_for_helper(struct domain *,unsigned long,struct page_info **,void **)",xen/common/memory.c,5,26,0,3,31,5,26,7,13,0,0,0,9,4,14,17,4,0,13,5,5,5,4,3,3,1,3,0
422,No,No,789589968ed90e82a832dbc60e958c76b787be7e,No,No,default,Static,Static Function,"prev_pinned_shadow(struct page_info *,const struct domain *)",xen/arch/x86/mm/shadow/private.h,3,25,2,12,29,3,25,5,16,2,0,0,6,5,14,17,2,0,15,4,4,10,1,2,0,1,0,0
422,No,No,789589968ed90e82a832dbc60e958c76b787be7e,No,No,default,Static,Static Function,print_PCT(struct xen_pct_register *),xen/drivers/cpufreq/cpufreq.c,0,7,0,9,7,0,7,1,4,0,0,0,1,1,1,1,0,0,1,1,1,1,1,0,0,0,0,0
422,No,No,789589968ed90e82a832dbc60e958c76b787be7e,No,No,default,Static,Static Function,print_PPC(unsigned int),xen/drivers/cpufreq/cpufreq.c,0,4,0,2,4,0,4,1,1,0,0,0,1,1,1,1,0,0,1,1,1,1,1,0,0,0,0,0
422,No,No,789589968ed90e82a832dbc60e958c76b787be7e,No,No,default,Static,Static Function,print_PSD(struct xen_psd_package *),xen/drivers/cpufreq/cpufreq.c,0,7,0,7,7,0,7,1,4,0,0,0,1,1,1,1,0,0,1,1,1,1,1,0,0,0,0,0
422,No,No,789589968ed90e82a832dbc60e958c76b787be7e,No,No,default,Static,Static Function,"print_PSS(struct xen_processor_px *,int)",xen/drivers/cpufreq/cpufreq.c,0,16,0,9,16,0,16,2,11,0,0,0,1,2,5,6,1,0,5,2,2,2,1,0,0,1,0,0
422,No,No,789589968ed90e82a832dbc60e958c76b787be7e,No,No,default,none,Function,print_cpu_info(unsigned int),xen/arch/x86/cpu/common.c,6,19,0,10,25,6,19,3,16,0,0,0,3,9,10,14,2,0,12,5,5,6,1,3,0,1,0,0
422,No,No,789589968ed90e82a832dbc60e958c76b787be7e,No,No,default,Static,Static Function,"print_mmio_emul_range(unsigned long,unsigned long,void *)",xen/arch/x86/mm.c,5,27,0,6,32,5,27,6,18,0,0,0,4,6,14,18,5,0,13,5,5,7,1,1,0,2,0,0
422,No,No,789589968ed90e82a832dbc60e958c76b787be7e,No,No,default,Static,Static Function,"print_policy(const char *,xen_cpuid_leaf_t *,uint32_t,xen_msr_entry_t *,uint32_t)",tools/misc/xen-cpuid.c,3,23,1,14,27,3,23,4,15,1,0,0,1,6,13,16,1,0,15,4,4,7,3,1,1,2,1,0
422,No,No,789589968ed90e82a832dbc60e958c76b787be7e,No,No,default,none,Function,print_tainted(char *),xen/common/kernel.c,1,16,0,3,17,1,16,1,9,0,0,0,2,2,3,4,0,0,4,6,6,6,1,1,0,1,0,0
422,No,No,789589968ed90e82a832dbc60e958c76b787be7e,No,No,default,Static,Static Function,print_xen_info(),xen/arch/arm/traps.c,1,12,0,1,13,1,8,2,5,0,1,3,5,1,2,2,1,0,1,2,2,2,1,0,0,0,0,0
422,No,No,789589968ed90e82a832dbc60e958c76b787be7e,No,No,default,none,Function,"printk(,[pa_range])",xen/arch/arm/p2m.c,2,9,1,84,12,2,8,8,1,1,0,1,3,2,1,2,0,0,2,2,2,3,1,0,0,1,0,0
422,No,No,789589968ed90e82a832dbc60e958c76b787be7e,No,No,default,none,Function,"printk(const char *,...)",xen/drivers/char/console.c,0,7,0,13,7,0,7,2,3,0,0,0,3,1,4,4,1,0,3,1,1,1,1,0,0,0,0,0
422,No,No,789589968ed90e82a832dbc60e958c76b787be7e,No,No,default,Static,Static Function,"printk_prefix_check(char *,char **)",xen/drivers/char/console.c,4,28,0,7,32,4,28,4,21,0,0,0,5,10,21,27,3,0,24,6,5,11,1,1,0,3,0,0
422,No,No,789589968ed90e82a832dbc60e958c76b787be7e,No,No,default,none,Function,printk_ratelimit(),xen/drivers/char/console.c,0,4,0,9,4,0,4,1,1,0,0,0,2,1,1,1,0,0,1,1,1,1,1,0,0,0,0,0
422,No,No,789589968ed90e82a832dbc60e958c76b787be7e,No,No,default,Static,Static Function,printk_start_of_line(const char *),xen/drivers/char/console.c,6,47,3,9,55,6,47,5,32,3,0,0,6,10,21,30,4,1,25,9,5,9,7,18,18,2,18,0
422,No,No,789589968ed90e82a832dbc60e958c76b787be7e,No,No,default,Static,Static Function,probe_hypervisor(),xen/include/asm-x86/guest/xen.h,0,1,0,0,1,0,1,1,0,0,0,0,0,1,0,0,0,0,0,1,1,1,1,0,0,0,0,0
422,No,No,789589968ed90e82a832dbc60e958c76b787be7e,No,No,default,Static,Static Function,"propagate_node(unsigned int,unsigned int *)",xen/common/memory.c,5,19,0,6,24,5,19,4,14,0,0,0,1,6,11,16,3,0,13,6,6,7,5,6,6,2,6,0
422,No,No,789589968ed90e82a832dbc60e958c76b787be7e,No,No,default,Static,Static Function,"protmode_load_seg(enum x86_segment,uint16_t,bool,struct segment_register *,struct x86_emulate_ctxt *,const struct x86_emulate_ops *)",xen/arch/x86/x86_emulate/x86_emulate.c,23,171,41,16,233,23,171,18,139,41,0,0,18,29263,72,122,9,0,113,55,45,78,42,231,230,4,230,0
422,No,No,789589968ed90e82a832dbc60e958c76b787be7e,No,No,default,Static,Static Function,psr_alloc_cos(struct domain *),xen/arch/x86/psr.c,0,6,0,4,6,0,6,1,3,0,0,0,5,2,2,3,0,0,3,2,2,2,1,0,0,1,0,0
422,No,No,789589968ed90e82a832dbc60e958c76b787be7e,No,No,default,Static,Static Function,psr_alloc_feat_enabled(),xen/arch/x86/psr.c,0,4,0,5,4,0,4,1,1,0,0,0,1,1,1,1,0,0,1,1,1,1,1,0,0,0,0,0
422,No,No,789589968ed90e82a832dbc60e958c76b787be7e,No,No,default,none,Function,psr_alloc_rmid(struct domain *),xen/arch/x86/psr.c,7,21,1,8,29,7,21,2,13,1,0,0,6,7,12,16,1,0,15,5,5,5,5,3,3,2,3,0
422,No,No,789589968ed90e82a832dbc60e958c76b787be7e,No,No,default,Static,Static Function,"psr_assoc_cos(uint64_t,unsigned int,uint64_t)",xen/arch/x86/psr.c,0,6,0,4,6,0,6,2,2,0,0,0,1,1,1,1,0,0,1,1,1,1,1,0,0,0,0,0
422,No,No,789589968ed90e82a832dbc60e958c76b787be7e,No,No,default,Static,Static Function,psr_assoc_init(),xen/arch/x86/psr.c,3,15,0,4,18,3,15,5,10,0,0,0,9,6,6,9,4,0,5,4,4,5,1,0,0,2,0,0
422,No,No,789589968ed90e82a832dbc60e958c76b787be7e,No,No,default,Static,Static Function,"psr_assoc_rmid(uint64_t *,unsigned int)",xen/arch/x86/psr.c,0,4,0,4,4,0,4,1,1,0,0,0,2,1,1,1,0,0,1,1,1,1,1,0,0,0,0,0
422,No,No,789589968ed90e82a832dbc60e958c76b787be7e,No,No,default,Static,Static Function,psr_cpu_fini(unsigned int),xen/arch/x86/psr.c,2,8,4,2,14,2,8,2,5,4,0,0,4,3,3,5,1,0,4,3,3,4,1,1,0,1,0,0
422,No,No,789589968ed90e82a832dbc60e958c76b787be7e,No,No,default,Static,Static Function,psr_cpu_init(),xen/arch/x86/psr.c,14,61,1,15,76,14,61,6,43,1,0,0,15,504,32,43,5,0,38,12,12,15,4,6,3,3,3,0
422,No,No,789589968ed90e82a832dbc60e958c76b787be7e,No,No,default,Static,Static Function,psr_cpu_prepare(),xen/arch/x86/psr.c,4,15,1,4,20,4,15,1,12,1,0,0,6,5,5,9,0,0,9,5,5,8,5,4,4,1,4,0
422,No,No,789589968ed90e82a832dbc60e958c76b787be7e,No,No,default,none,Function,psr_ctxt_switch_to(struct domain *),xen/arch/x86/psr.c,5,22,7,9,34,5,22,6,15,7,0,0,10,12,10,14,5,0,9,5,5,6,1,0,0,2,0,0
422,No,No,789589968ed90e82a832dbc60e958c76b787be7e,No,No,default,none,Function,psr_domain_free(struct domain *),xen/arch/x86/psr.c,0,5,0,3,5,0,5,1,2,0,0,0,2,1,2,2,0,0,2,1,1,1,1,0,0,0,0,0
422,No,No,789589968ed90e82a832dbc60e958c76b787be7e,No,No,default,none,Function,psr_domain_init(struct domain *),xen/arch/x86/psr.c,0,5,0,2,5,0,5,1,2,0,0,0,2,2,1,2,0,0,2,2,2,2,1,0,0,1,0,0
422,No,No,789589968ed90e82a832dbc60e958c76b787be7e,No,No,default,Static,Static Function,psr_free_cos(struct domain *),xen/arch/x86/psr.c,7,21,2,8,30,7,21,3,15,2,0,0,9,4,15,18,2,0,16,4,4,4,4,2,2,2,2,0
422,No,No,789589968ed90e82a832dbc60e958c76b787be7e,No,No,default,none,Function,psr_free_rmid(struct domain *),xen/arch/x86/psr.c,2,9,1,7,12,2,9,2,5,1,0,0,3,2,5,6,1,0,5,2,2,2,1,1,0,1,0,0
422,No,No,789589968ed90e82a832dbc60e958c76b787be7e,No,No,default,none,Function,"psr_get_info(unsigned int,enum psr_type,uint32_t [],unsigned int)",xen/arch/x86/psr.c,7,24,0,6,31,7,24,5,16,0,0,0,9,6,13,18,3,0,15,6,6,6,6,5,5,1,5,0
422,No,No,789589968ed90e82a832dbc60e958c76b787be7e,No,No,default,none,Function,"psr_get_val(struct domain *,unsigned int,uint32_t *,enum psr_type)",xen/arch/x86/psr.c,10,38,8,16,56,10,38,6,25,8,0,0,14,16,22,30,4,0,26,9,9,9,7,7,7,2,7,0
422,No,No,789589968ed90e82a832dbc60e958c76b787be7e,No,No,default,none,Function,"psr_set_val(struct domain *,unsigned int,uint64_t,enum psr_type)",xen/arch/x86/psr.c,19,68,47,13,134,19,68,8,51,47,0,0,22,85,43,54,6,0,48,12,12,15,11,14,14,2,14,0
422,No,No,789589968ed90e82a832dbc60e958c76b787be7e,No,No,default,Static,Static Function,psr_type_to_feat_type(enum psr_type),xen/arch/x86/psr.c,8,25,4,5,37,8,25,2,20,4,0,0,2,6,12,19,1,0,18,7,3,7,1,10,0,2,0,0
422,No,No,789589968ed90e82a832dbc60e958c76b787be7e,No,No,default,Static,Static Function,pte_of_xenaddr(vaddr_t),xen/arch/arm/mm.c,1,5,0,2,6,1,5,2,2,0,0,0,3,1,2,2,1,0,1,1,1,1,1,0,0,0,0,0
422,No,No,789589968ed90e82a832dbc60e958c76b787be7e,No,No,default,Static,Static Function,"put_fpu(enum x86_emulate_fpu_type,bool,const struct x86_emulate_state *,struct x86_emulate_ctxt *,const struct x86_emulate_ops *)",xen/arch/x86/x86_emulate/x86_emulate.c,1,45,0,24,46,1,45,12,30,0,0,0,9,23,25,39,2,1,36,15,10,20,1,25,0,5,0,0
422,No,No,789589968ed90e82a832dbc60e958c76b787be7e,No,No,default,Static,Static Function,"put_loop_count(struct cpu_user_regs *,int,unsigned long)",xen/arch/x86/x86_emulate/x86_emulate.c,0,10,0,3,10,0,10,4,4,0,0,0,4,2,2,3,0,0,3,3,3,3,1,1,0,1,0,0
422,No,No,789589968ed90e82a832dbc60e958c76b787be7e,No,No,default,Static,Static Function,"put_maptrack_handle(struct grant_table *,grant_handle_t)",xen/common/grant_table.c,6,18,3,11,27,6,18,9,11,3,0,0,9,1,12,12,3,0,9,2,2,2,1,0,0,1,0,0
422,No,No,789589968ed90e82a832dbc60e958c76b787be7e,No,No,default,none,Function,put_old_guest_table(struct vcpu *),xen/arch/x86/mm.c,4,17,0,5,21,4,17,2,11,0,0,0,6,4,6,11,1,0,10,5,3,5,4,3,3,1,3,0
422,No,No,789589968ed90e82a832dbc60e958c76b787be7e,No,No,default,none,Function,put_page(struct page_info *),xen/arch/x86/mm.c,2,18,0,8,20,2,18,2,12,0,0,0,6,6,8,11,1,0,10,6,6,6,1,1,0,3,0,0
422,No,No,789589968ed90e82a832dbc60e958c76b787be7e,No,No,default,none,Function,put_page(struct page_info *),xen/arch/arm/mm.c,2,14,0,3,16,2,14,2,8,0,0,0,4,2,6,7,1,0,6,3,3,3,1,0,0,1,0,0
422,No,No,789589968ed90e82a832dbc60e958c76b787be7e,No,No,default,Static,Static Function,put_page_and_type(struct page_info *),xen/include/asm-x86/mm.h,0,5,0,1,5,0,5,1,2,0,0,0,2,1,2,2,0,0,2,1,1,1,1,0,0,0,0,0
422,No,No,789589968ed90e82a832dbc60e958c76b787be7e,No,No,default,Static,Static Function,put_page_and_type(struct page_info *),xen/include/asm-arm/mm.h,0,5,0,1,5,0,5,1,2,0,0,0,2,1,2,2,0,0,2,1,1,1,1,0,0,0,0,0
422,No,No,789589968ed90e82a832dbc60e958c76b787be7e,No,No,default,Static,Static Function,put_page_and_type_preemptible(struct page_info *),xen/include/asm-x86/mm.h,1,7,0,1,8,1,7,2,4,0,0,0,4,2,3,4,1,0,3,2,2,2,1,0,0,1,0,0
422,No,No,789589968ed90e82a832dbc60e958c76b787be7e,No,No,default,none,Function,"put_page_from_l1e(l1_pgentry_t,struct domain *)",xen/arch/x86/mm.c,8,49,19,4,75,4,27,4,16,18,25,2,11,5,12,15,3,0,12,5,5,11,1,2,0,2,0,0
422,No,No,789589968ed90e82a832dbc60e958c76b787be7e,No,No,default,none,Function,put_page_type(struct page_info *),xen/arch/x86/mm.c,0,6,0,2,6,0,6,2,3,0,0,0,3,2,4,5,1,0,4,3,3,3,1,0,0,2,0,0
422,No,No,789589968ed90e82a832dbc60e958c76b787be7e,No,No,default,none,Function,put_page_type(struct page_info *),xen/arch/arm/mm.c,0,4,0,0,4,0,4,1,1,0,0,0,0,1,1,1,0,0,1,1,1,1,1,0,0,0,0,0
422,No,No,789589968ed90e82a832dbc60e958c76b787be7e,No,No,default,none,Function,put_page_type_preemptible(struct page_info *),xen/arch/x86/mm.c,0,4,0,1,4,0,4,1,1,0,0,0,2,1,1,1,0,0,1,1,1,1,1,0,0,0,0,0
422,No,No,789589968ed90e82a832dbc60e958c76b787be7e,No,No,default,Static,Static Function,put_pg_owner(struct domain *),xen/include/xen/sched.h,0,4,0,2,4,0,4,1,1,0,0,0,2,1,1,1,0,0,1,1,1,1,1,0,0,0,0,0
422,No,No,789589968ed90e82a832dbc60e958c76b787be7e,No,No,default,Static,Static Function,put_two_gfns(struct two_gfns *),xen/include/asm-x86/p2m.h,1,7,0,7,8,1,7,1,4,0,0,0,2,2,3,4,0,0,4,2,2,2,1,1,0,1,0,0
422,No,No,789589968ed90e82a832dbc60e958c76b787be7e,No,No,default,Static,Static Function,put_vpmu(struct vcpu *),xen/arch/x86/cpu/vpmu.c,3,17,0,7,20,3,17,1,11,0,0,0,6,6,6,9,0,0,9,4,4,6,1,2,0,1,0,0
422,No,No,789589968ed90e82a832dbc60e958c76b787be7e,No,No,default,none,Function,pv_destroy_gdt(struct vcpu *),xen/arch/x86/pv/descriptor-tables.c,4,18,0,5,22,4,18,6,12,0,0,0,16,3,12,14,5,0,9,3,3,5,1,0,0,2,0,0
422,No,No,789589968ed90e82a832dbc60e958c76b787be7e,No,No,default,none,Function,pv_destroy_ldt(struct vcpu *),xen/arch/x86/pv/descriptor-tables.c,10,33,0,3,43,8,21,4,14,0,9,5,12,3,16,18,3,0,15,3,3,4,3,1,1,2,1,0
422,No,No,789589968ed90e82a832dbc60e958c76b787be7e,No,No,default,none,Function,"pv_emul_cpuid(uint32_t,uint32_t,struct cpuid_leaf *,struct x86_emulate_ctxt *)",xen/arch/x86/pv/emul-priv-op.c,1,6,0,3,7,1,6,2,2,0,0,0,2,1,2,2,0,0,2,1,1,1,1,0,0,0,0,0
422,No,No,789589968ed90e82a832dbc60e958c76b787be7e,No,No,default,none,Function,"pv_emul_instruction_done(struct cpu_user_regs *,unsigned long)",xen/arch/x86/pv/emulate.c,0,10,0,5,10,0,10,1,5,0,0,0,6,2,4,5,0,0,5,2,2,2,1,0,0,1,0,0
422,No,No,789589968ed90e82a832dbc60e958c76b787be7e,No,No,default,Static,Static Function,"pv_emul_is_mem_write(const struct x86_emulate_state *,struct x86_emulate_ctxt *)",xen/arch/x86/pv/emulate.h,0,6,0,2,6,0,6,2,2,0,0,0,2,1,1,1,0,0,1,2,2,2,1,0,0,0,0,0
422,No,No,789589968ed90e82a832dbc60e958c76b787be7e,No,No,default,none,Function,"pv_emul_read_descriptor(unsigned int,const struct vcpu *,unsigned long *,unsigned long *,unsigned int *,bool)",xen/arch/x86/pv/emulate.c,4,42,0,10,46,4,40,6,20,0,0,2,9,21,17,23,3,2,18,7,7,9,3,4,3,2,3,0
422,No,No,789589968ed90e82a832dbc60e958c76b787be7e,No,No,default,Static,Static Function,"pv_emul_virt_to_linear(unsigned long,unsigned long,unsigned int,unsigned long,enum x86_segment,struct x86_emulate_ctxt *,unsigned long *)",xen/arch/x86/pv/emul-priv-op.c,4,22,0,11,26,4,22,6,13,0,0,0,5,8,7,11,1,0,10,6,6,7,1,1,0,2,0,0
422,No,No,789589968ed90e82a832dbc60e958c76b787be7e,No,No,default,none,Function,pv_emulate_gate_op(struct cpu_user_regs *),xen/arch/x86/pv/emul-gate-op.c,15,220,9,18,244,15,207,14,146,9,0,13,30,341,116,152,13,0,139,43,40,67,42,68,67,6,67,0
422,No,No,789589968ed90e82a832dbc60e958c76b787be7e,No,No,default,none,Function,pv_emulate_invalid_op(struct cpu_user_regs *),xen/arch/x86/pv/emul-inv-op.c,0,4,0,2,4,0,4,1,1,0,0,0,2,1,1,1,0,0,1,1,1,1,1,0,0,0,0,0
422,No,No,789589968ed90e82a832dbc60e958c76b787be7e,No,No,default,none,Function,pv_emulate_privileged_op(struct cpu_user_regs *),xen/arch/x86/pv/emul-priv-op.c,8,52,8,20,68,8,52,10,43,8,0,0,21,37,25,35,5,0,30,12,10,15,5,5,4,3,4,0
422,No,No,789589968ed90e82a832dbc60e958c76b787be7e,No,No,default,none,Function,"pv_guest_cr4_fixup(const struct vcpu *,unsigned long)",xen/arch/x86/domain.c,2,10,0,7,12,2,10,3,7,0,0,0,5,2,4,5,2,0,3,3,3,3,1,0,0,1,0,0
422,No,No,789589968ed90e82a832dbc60e958c76b787be7e,No,No,default,none,Function,pv_guest_cr4_to_real_cr4(const struct vcpu *),xen/arch/x86/mm.c,4,14,0,12,18,4,14,3,10,0,0,0,1,3,8,10,2,0,8,4,4,4,1,1,0,1,0,0
422,No,No,789589968ed90e82a832dbc60e958c76b787be7e,No,No,default,none,Function,pv_hypercall(struct cpu_user_regs *),xen/arch/x86/pv/hypercall.c,19,106,9,19,134,19,98,18,70,9,0,8,30,450,63,99,17,0,82,34,14,34,30,3,3,3,3,0
422,No,No,789589968ed90e82a832dbc60e958c76b787be7e,No,No,default,none,Function,"pv_set_gdt(struct vcpu *,unsigned long *,unsigned int)",xen/arch/x86/pv/descriptor-tables.c,8,37,3,7,48,8,37,5,23,3,0,0,21,11,23,29,4,0,25,7,7,8,5,9,9,2,9,0
422,No,No,789589968ed90e82a832dbc60e958c76b787be7e,No,No,default,Static,Static Function,pv_shim_cpu_down(void *),xen/include/asm-x86/pv/shim.h,0,5,0,0,5,0,5,1,2,0,0,0,2,1,2,2,0,0,2,1,1,1,1,0,0,0,0,0
422,No,No,789589968ed90e82a832dbc60e958c76b787be7e,No,No,default,none,Function,pv_shim_cpu_down(void *),xen/arch/x86/pv/shim.c,4,16,6,3,26,4,16,3,10,6,0,0,8,6,7,10,2,0,8,4,4,4,1,0,0,2,0,0
422,No,No,789589968ed90e82a832dbc60e958c76b787be7e,No,No,default,Static,Static Function,pv_shim_cpu_up(void *),xen/include/asm-x86/pv/shim.h,0,5,0,0,5,0,5,1,2,0,0,0,2,1,2,2,0,0,2,1,1,1,1,0,0,0,0,0
422,No,No,789589968ed90e82a832dbc60e958c76b787be7e,No,No,default,none,Function,pv_shim_cpu_up(void *),xen/arch/x86/pv/shim.c,6,29,0,6,35,6,29,5,19,0,0,0,10,6,15,19,4,0,15,5,5,5,4,3,3,2,3,0
422,No,No,789589968ed90e82a832dbc60e958c76b787be7e,No,No,default,Static,Static Function,"pv_shim_event_channel_op(int,__guest_handle_void)",xen/arch/x86/pv/shim.c,44,159,19,15,222,44,131,17,99,19,0,28,23,60,90,132,13,0,119,42,33,47,30,280,275,3,275,0
422,No,No,789589968ed90e82a832dbc60e958c76b787be7e,No,No,default,Static,Static Function,pv_shim_fixup_e820(struct e820map *),xen/include/asm-x86/pv/shim.h,0,4,0,0,4,0,4,1,1,0,0,0,1,1,1,1,0,0,1,1,1,1,1,0,0,0,0,0
422,No,No,789589968ed90e82a832dbc60e958c76b787be7e,No,No,default,Static,Static Function,"pv_shim_grant_table_op(unsigned int,__guest_handle_void,unsigned int)",xen/arch/x86/pv/shim.c,21,131,1,12,153,21,127,19,88,1,0,4,28,3363,58,77,10,0,67,22,21,23,17,34,34,4,34,0
422,No,No,789589968ed90e82a832dbc60e958c76b787be7e,No,No,default,none,Function,pv_shim_inject_evtchn(unsigned int),xen/arch/x86/pv/shim.c,1,8,0,4,9,1,8,2,3,0,0,0,3,2,2,3,1,0,2,2,2,2,1,0,0,1,0,0
422,No,No,789589968ed90e82a832dbc60e958c76b787be7e,No,No,default,Static,Static Function,pv_shim_inject_evtchn(unsigned int),xen/include/asm-x86/pv/shim.h,0,4,0,0,4,0,4,1,1,0,0,0,1,1,1,1,0,0,1,1,1,1,1,0,0,0,0,0
422,No,No,789589968ed90e82a832dbc60e958c76b787be7e,No,No,default,Static,Static Function,pv_shim_mem(uint64_t),xen/include/asm-x86/pv/shim.h,0,5,0,0,5,0,5,1,2,0,0,0,2,1,2,2,0,0,2,1,1,1,1,0,0,0,0,0
422,No,No,789589968ed90e82a832dbc60e958c76b787be7e,No,No,default,none,Function,pv_shim_mem(uint64_t),xen/arch/x86/pv/shim.c,4,17,0,3,21,4,17,1,12,0,0,0,6,6,6,9,0,0,9,4,4,4,1,0,0,2,0,0
422,No,No,789589968ed90e82a832dbc60e958c76b787be7e,No,No,default,Static,Static Function,"pv_shim_offline_memory(unsigned int,unsigned int)",xen/include/asm-x86/pv/shim.h,0,4,0,0,4,0,4,1,1,0,0,0,1,1,1,1,0,0,1,1,1,1,1,0,0,0,0,0
422,No,No,789589968ed90e82a832dbc60e958c76b787be7e,No,No,default,none,Function,"pv_shim_offline_memory(unsigned int,unsigned int)",xen/arch/x86/pv/shim.c,6,32,0,2,38,6,32,2,22,0,0,0,14,36,14,20,1,0,19,7,7,7,3,2,2,2,2,0
422,No,No,789589968ed90e82a832dbc60e958c76b787be7e,No,No,default,Static,Static Function,"pv_shim_online_memory(unsigned int,unsigned int)",xen/include/asm-x86/pv/shim.h,0,4,0,0,4,0,4,1,1,0,0,0,1,1,1,1,0,0,1,1,1,1,1,0,0,0,0,0
422,No,No,789589968ed90e82a832dbc60e958c76b787be7e,No,No,default,none,Function,"pv_shim_online_memory(unsigned int,unsigned int)",xen/arch/x86/pv/shim.c,5,34,1,5,40,5,34,2,25,1,0,0,13,32,16,21,1,0,20,6,6,6,1,0,0,1,0,0
422,No,No,789589968ed90e82a832dbc60e958c76b787be7e,No,No,default,Static,Static Function,pv_shim_reserved_pages(unsigned int *),xen/include/asm-x86/pv/shim.h,0,6,0,0,6,0,6,2,2,0,0,0,2,1,2,2,0,0,2,1,1,1,1,0,0,0,0,0
422,No,No,789589968ed90e82a832dbc60e958c76b787be7e,No,No,default,Static,Static Function,"pv_shim_setup_dom(struct domain *,l4_pgentry_t *,unsigned long,unsigned long,unsigned long,unsigned long,start_info_t *)",xen/include/asm-x86/pv/shim.h,0,9,0,0,9,0,9,6,1,0,0,0,1,1,1,1,0,0,1,1,1,1,1,0,0,0,0,0
422,No,No,789589968ed90e82a832dbc60e958c76b787be7e,No,No,default,Static,Static Function,pv_shim_shutdown(uint8_t),xen/include/asm-x86/pv/shim.h,0,5,0,0,5,0,5,1,2,0,0,0,2,1,2,2,0,0,2,1,1,1,1,0,0,0,0,0
422,No,No,789589968ed90e82a832dbc60e958c76b787be7e,No,No,default,none,Function,pv_shim_shutdown(uint8_t),xen/arch/x86/pv/shim.c,22,81,22,11,125,22,81,7,64,22,0,0,38,619,56,71,6,0,65,19,19,19,5,5,5,3,3,0
422,No,No,789589968ed90e82a832dbc60e958c76b787be7e,No,No,default,none,Function,"pv_soft_rdtsc(const struct vcpu *,const struct cpu_user_regs *)",xen/arch/x86/time.c,5,18,0,7,23,5,16,3,13,0,0,2,10,4,9,11,2,0,9,3,3,3,1,2,0,1,0,0
422,No,No,789589968ed90e82a832dbc60e958c76b787be7e,No,No,default,Static,Static Function,"pvpmu_finish(struct domain *,xen_pmu_params_t *)",xen/arch/x86/cpu/vpmu.c,7,27,0,8,34,7,27,5,18,0,0,0,13,9,18,22,4,0,18,5,5,6,1,1,0,1,0,0
422,No,No,789589968ed90e82a832dbc60e958c76b787be7e,No,No,default,Static,Static Function,"pvpmu_init(struct domain *,xen_pmu_params_t *)",xen/arch/x86/cpu/vpmu.c,11,39,0,11,50,11,39,5,27,0,0,0,15,8,23,30,4,0,26,8,8,9,7,6,6,1,6,0
422,No,No,789589968ed90e82a832dbc60e958c76b787be7e,No,No,default,Static,Static Function,"pyflask_access(PyObject *,PyObject *,PyObject *)",tools/python/xen/lowlevel/xc/xc.c,7,29,0,2,36,7,29,11,18,0,0,0,7,4,14,17,6,0,11,4,4,4,4,3,3,1,3,0
422,No,No,789589968ed90e82a832dbc60e958c76b787be7e,No,No,default,Static,Static Function,"pyflask_context_to_sid(PyObject *,PyObject *,PyObject *)",tools/python/xen/lowlevel/xc/xc.c,7,23,0,2,30,7,23,7,13,0,0,0,8,4,13,16,5,0,11,4,4,4,4,3,3,1,3,0
422,No,No,789589968ed90e82a832dbc60e958c76b787be7e,No,No,default,Static,Static Function,pyflask_getenforce(PyObject *),tools/python/xen/lowlevel/xc/xc.c,5,16,0,0,21,5,16,3,9,0,0,0,6,3,9,11,2,0,9,3,3,3,3,2,2,1,2,0
422,No,No,789589968ed90e82a832dbc60e958c76b787be7e,No,No,default,Static,Static Function,"pyflask_load(PyObject *,PyObject *,PyObject *)",tools/python/xen/lowlevel/xc/xc.c,7,21,0,2,28,7,21,6,12,0,0,0,7,4,13,16,5,0,11,4,4,4,4,3,3,1,3,0
422,No,No,789589968ed90e82a832dbc60e958c76b787be7e,No,No,default,Static,Static Function,"pyflask_setenforce(PyObject *,PyObject *,PyObject *)",tools/python/xen/lowlevel/xc/xc.c,7,22,0,2,29,7,22,6,13,0,0,0,7,4,12,15,4,0,11,4,4,4,4,3,3,1,3,0
422,No,No,789589968ed90e82a832dbc60e958c76b787be7e,No,No,default,Static,Static Function,"pyflask_sid_to_context(PyObject *,PyObject *,PyObject *)",tools/python/xen/lowlevel/xc/xc.c,7,24,0,2,31,7,24,8,14,0,0,0,7,4,14,17,6,0,11,4,4,4,4,3,3,1,3,0
422,No,No,789589968ed90e82a832dbc60e958c76b787be7e,No,No,default,Static,Static Function,"pyxc_assign_device(XcObject *,PyObject *,PyObject *)",tools/python/xen/lowlevel/xc/xc.c,4,28,0,4,32,4,28,8,16,0,0,0,5,5,14,18,5,0,13,5,5,5,4,3,3,3,3,0
422,No,No,789589968ed90e82a832dbc60e958c76b787be7e,No,No,default,Static,Static Function,"pyxc_cpupool_addcpu(XcObject *,PyObject *,PyObject *)",tools/python/xen/lowlevel/xc/xc.c,4,15,0,4,19,4,15,6,9,0,0,0,5,3,7,9,3,0,6,3,3,3,3,2,2,1,2,0
422,No,No,789589968ed90e82a832dbc60e958c76b787be7e,No,No,default,Static,Static Function,"pyxc_cpupool_create(XcObject *,PyObject *,PyObject *)",tools/python/xen/lowlevel/xc/xc.c,4,13,0,4,17,4,13,5,8,0,0,0,5,3,5,7,2,0,5,3,3,3,3,2,2,1,2,0
422,No,No,789589968ed90e82a832dbc60e958c76b787be7e,No,No,default,Static,Static Function,"pyxc_cpupool_destroy(XcObject *,PyObject *)",tools/python/xen/lowlevel/xc/xc.c,3,11,0,3,14,3,11,3,6,0,0,0,5,3,5,7,1,0,6,3,3,3,3,2,2,1,2,0
422,No,No,789589968ed90e82a832dbc60e958c76b787be7e,No,No,default,Static,Static Function,pyxc_cpupool_freeinfo(XcObject *),tools/python/xen/lowlevel/xc/xc.c,4,11,0,2,15,4,11,3,7,0,0,0,5,2,7,8,2,0,6,2,2,2,1,1,0,1,0,0
422,No,No,789589968ed90e82a832dbc60e958c76b787be7e,No,No,default,Static,Static Function,pyxc_cpupool_getinfo(XcObject *),tools/python/xen/lowlevel/xc/xc.c,5,29,0,6,34,5,29,4,19,0,0,0,8,5,16,19,3,2,14,4,4,4,4,6,6,2,6,0
422,No,No,789589968ed90e82a832dbc60e958c76b787be7e,No,No,default,Static,Static Function,"pyxc_cpupool_movedomain(XcObject *,PyObject *,PyObject *)",tools/python/xen/lowlevel/xc/xc.c,4,14,0,4,18,4,14,5,8,0,0,0,5,3,6,8,2,0,6,3,3,3,3,2,2,1,2,0
422,No,No,789589968ed90e82a832dbc60e958c76b787be7e,No,No,default,Static,Static Function,"pyxc_cpupool_removecpu(XcObject *,PyObject *,PyObject *)",tools/python/xen/lowlevel/xc/xc.c,4,15,0,4,19,4,15,6,9,0,0,0,5,3,7,9,3,0,6,3,3,3,3,2,2,1,2,0
422,No,No,789589968ed90e82a832dbc60e958c76b787be7e,No,No,default,Static,Static Function,pyxc_create_cpuid_dict(char **),tools/python/xen/lowlevel/xc/xc.c,1,17,0,2,18,1,17,4,10,0,0,0,6,3,11,13,3,0,10,3,3,3,3,1,1,2,1,0
422,No,No,789589968ed90e82a832dbc60e958c76b787be7e,No,No,default,Static,Static Function,"pyxc_deassign_device(XcObject *,PyObject *,PyObject *)",tools/python/xen/lowlevel/xc/xc.c,4,28,0,4,32,4,28,8,16,0,0,0,5,5,14,18,5,0,13,5,5,5,4,3,3,3,3,0
422,No,No,789589968ed90e82a832dbc60e958c76b787be7e,No,No,default,Static,Static Function,"pyxc_dom_extract_cpuid(PyObject *,char **)",tools/python/xen/lowlevel/xc/xc.c,3,13,0,3,16,3,13,5,7,0,0,0,5,4,8,11,3,0,8,4,4,4,1,1,0,2,0,0
422,No,No,789589968ed90e82a832dbc60e958c76b787be7e,No,No,default,Static,Static Function,"pyxc_dom_set_cpuid(XcObject *,PyObject *)",tools/python/xen/lowlevel/xc/xc.c,5,18,0,3,23,5,18,5,11,0,0,0,8,5,9,12,3,0,9,4,4,4,3,2,2,1,2,0
422,No,No,789589968ed90e82a832dbc60e958c76b787be7e,No,No,default,Static,Static Function,"pyxc_dom_set_machine_address_size(XcObject *,PyObject *,PyObject *)",tools/python/xen/lowlevel/xc/xc.c,3,12,0,3,15,3,12,4,6,0,0,0,5,3,5,7,1,0,6,3,3,3,3,2,2,1,2,0
422,No,No,789589968ed90e82a832dbc60e958c76b787be7e,No,No,default,Static,Static Function,"pyxc_dom_set_memshr(XcObject *,PyObject *)",tools/python/xen/lowlevel/xc/xc.c,3,11,0,3,14,3,11,3,6,0,0,0,5,3,6,8,2,0,6,3,3,3,3,2,2,1,2,0
422,No,No,789589968ed90e82a832dbc60e958c76b787be7e,No,No,default,Static,Static Function,"pyxc_dom_set_policy_cpuid(XcObject *,PyObject *)",tools/python/xen/lowlevel/xc/xc.c,3,11,0,3,14,3,11,3,6,0,0,0,5,3,5,7,1,0,6,3,3,3,3,2,2,1,2,0
422,No,No,789589968ed90e82a832dbc60e958c76b787be7e,No,No,default,Static,Static Function,"pyxc_dom_suppress_spurious_page_faults(XcObject *,PyObject *,PyObject *)",tools/python/xen/lowlevel/xc/xc.c,3,12,0,3,15,3,12,4,6,0,0,0,5,3,5,7,1,0,6,3,3,3,3,2,2,1,2,0
422,No,No,789589968ed90e82a832dbc60e958c76b787be7e,No,No,default,Static,Static Function,"pyxc_domain_create(XcObject *,PyObject *,PyObject *)",tools/python/xen/lowlevel/xc/xc.c,9,56,1,7,65,9,48,19,37,1,3,5,13,29,18,26,6,0,20,9,9,10,9,16,16,3,16,0
422,No,No,789589968ed90e82a832dbc60e958c76b787be7e,No,No,default,Static,Static Function,"pyxc_domain_destroy(XcObject *,PyObject *)",tools/python/xen/lowlevel/xc/xc.c,0,4,0,2,4,0,4,1,1,0,0,0,2,1,1,1,0,0,1,1,1,1,1,0,0,0,0,0
422,No,No,789589968ed90e82a832dbc60e958c76b787be7e,No,No,default,Static,Static Function,"pyxc_domain_destroy_hook(XcObject *,PyObject *)",tools/python/xen/lowlevel/xc/xc.c,0,5,0,0,5,0,5,1,2,0,0,0,2,1,2,2,0,0,2,1,1,1,1,0,0,0,0,0
422,No,No,789589968ed90e82a832dbc60e958c76b787be7e,No,No,default,Static,Static Function,"pyxc_domain_disable_migrate(XcObject *,PyObject *)",tools/python/xen/lowlevel/xc/xc.c,3,10,0,3,13,3,10,2,6,0,0,0,5,3,5,7,1,0,6,3,3,3,3,2,2,1,2,0
422,No,No,789589968ed90e82a832dbc60e958c76b787be7e,No,No,default,Static,Static Function,"pyxc_domain_dumpcore(XcObject *,PyObject *)",tools/python/xen/lowlevel/xc/xc.c,4,13,0,3,17,4,13,3,8,0,0,0,5,4,7,10,2,0,8,4,4,5,4,3,3,1,3,0
422,No,No,789589968ed90e82a832dbc60e958c76b787be7e,No,No,default,Static,Static Function,"pyxc_domain_getinfo(XcObject *,PyObject *,PyObject *)",tools/python/xen/lowlevel/xc/xc.c,9,61,0,21,70,9,61,8,48,0,0,0,13,10,29,37,5,0,32,9,9,10,6,6,6,3,6,0
422,No,No,789589968ed90e82a832dbc60e958c76b787be7e,No,No,default,Static,Static Function,"pyxc_domain_iomem_permission(PyObject *,PyObject *,PyObject *)",tools/python/xen/lowlevel/xc/xc.c,4,18,0,5,22,4,18,7,11,0,0,0,5,3,9,11,4,0,7,3,3,3,3,2,2,1,2,0
422,No,No,789589968ed90e82a832dbc60e958c76b787be7e,No,No,default,Static,Static Function,"pyxc_domain_ioport_permission(XcObject *,PyObject *,PyObject *)",tools/python/xen/lowlevel/xc/xc.c,4,17,0,4,21,4,17,6,10,0,0,0,5,3,8,10,3,0,7,3,3,3,3,2,2,1,2,0
422,No,No,789589968ed90e82a832dbc60e958c76b787be7e,No,No,default,Static,Static Function,"pyxc_domain_irq_permission(PyObject *,PyObject *,PyObject *)",tools/python/xen/lowlevel/xc/xc.c,4,18,0,5,22,4,18,7,11,0,0,0,5,3,9,11,4,0,7,3,3,3,3,2,2,1,2,0
422,No,No,789589968ed90e82a832dbc60e958c76b787be7e,No,No,default,Static,Static Function,"pyxc_domain_max_vcpus(XcObject *,PyObject *)",tools/python/xen/lowlevel/xc/xc.c,3,10,0,3,13,3,10,2,6,0,0,0,5,3,5,7,1,0,6,3,3,3,3,2,2,1,2,0
422,No,No,789589968ed90e82a832dbc60e958c76b787be7e,No,No,default,Static,Static Function,"pyxc_domain_pause(XcObject *,PyObject *)",tools/python/xen/lowlevel/xc/xc.c,0,4,0,2,4,0,4,1,1,0,0,0,2,1,1,1,0,0,1,1,1,1,1,0,0,0,0,0
422,No,No,789589968ed90e82a832dbc60e958c76b787be7e,No,No,default,Static,Static Function,"pyxc_domain_resume(XcObject *,PyObject *)",tools/python/xen/lowlevel/xc/xc.c,3,11,0,3,14,3,11,3,6,0,0,0,5,3,6,8,2,0,6,3,3,3,3,2,2,1,2,0
422,No,No,789589968ed90e82a832dbc60e958c76b787be7e,No,No,default,Static,Static Function,"pyxc_domain_send_trigger(XcObject *,PyObject *,PyObject *)",tools/python/xen/lowlevel/xc/xc.c,4,15,0,4,19,4,15,6,9,0,0,0,5,3,7,9,3,0,6,3,3,3,3,2,2,1,2,0
422,No,No,789589968ed90e82a832dbc60e958c76b787be7e,No,No,default,Static,Static Function,"pyxc_domain_set_memmap_limit(XcObject *,PyObject *)",tools/python/xen/lowlevel/xc/xc.c,3,11,0,3,14,3,11,3,6,0,0,0,5,3,6,8,2,0,6,3,3,3,3,2,2,1,2,0
422,No,No,789589968ed90e82a832dbc60e958c76b787be7e,No,No,default,Static,Static Function,"pyxc_domain_set_target_mem(XcObject *,PyObject *)",tools/python/xen/lowlevel/xc/xc.c,4,13,0,3,17,4,13,3,8,0,0,0,5,3,7,9,2,0,7,3,3,3,3,2,2,1,2,0
422,No,No,789589968ed90e82a832dbc60e958c76b787be7e,No,No,default,Static,Static Function,"pyxc_domain_set_time_offset(XcObject *,PyObject *)",tools/python/xen/lowlevel/xc/xc.c,3,11,0,3,14,3,11,3,6,0,0,0,5,3,6,8,2,0,6,3,3,3,3,2,2,1,2,0
422,No,No,789589968ed90e82a832dbc60e958c76b787be7e,No,No,default,Static,Static Function,"pyxc_domain_set_tsc_info(XcObject *,PyObject *)",tools/python/xen/lowlevel/xc/xc.c,3,10,0,3,13,3,10,2,6,0,0,0,5,3,5,7,1,0,6,3,3,3,3,2,2,1,2,0
422,No,No,789589968ed90e82a832dbc60e958c76b787be7e,No,No,default,Static,Static Function,"pyxc_domain_sethandle(XcObject *,PyObject *)",tools/python/xen/lowlevel/xc/xc.c,6,28,0,3,34,6,28,6,16,0,0,0,11,13,16,21,5,0,16,6,6,7,6,10,10,2,10,0
422,No,No,789589968ed90e82a832dbc60e958c76b787be7e,No,No,default,Static,Static Function,"pyxc_domain_setmaxmem(XcObject *,PyObject *)",tools/python/xen/lowlevel/xc/xc.c,3,11,0,3,14,3,11,3,6,0,0,0,5,3,6,8,2,0,6,3,3,3,3,2,2,1,2,0
422,No,No,789589968ed90e82a832dbc60e958c76b787be7e,No,No,default,Static,Static Function,"pyxc_domain_shutdown(XcObject *,PyObject *)",tools/python/xen/lowlevel/xc/xc.c,3,10,0,3,13,3,10,2,6,0,0,0,5,3,5,7,1,0,6,3,3,3,3,2,2,1,2,0
422,No,No,789589968ed90e82a832dbc60e958c76b787be7e,No,No,default,Static,Static Function,"pyxc_domain_unpause(XcObject *,PyObject *)",tools/python/xen/lowlevel/xc/xc.c,0,4,0,2,4,0,4,1,1,0,0,0,2,1,1,1,0,0,1,1,1,1,1,0,0,0,0,0
422,No,No,789589968ed90e82a832dbc60e958c76b787be7e,No,No,default,Static,Static Function,pyxc_error_to_exception(xc_interface *),tools/python/xen/lowlevel/xc/xc.c,7,31,0,57,38,7,31,5,21,0,0,0,11,18,16,21,4,0,17,6,6,6,1,3,0,1,0,0
422,No,No,789589968ed90e82a832dbc60e958c76b787be7e,No,No,default,Static,Static Function,"pyxc_evtchn_alloc_unbound(XcObject *,PyObject *,PyObject *)",tools/python/xen/lowlevel/xc/xc.c,4,14,0,4,18,4,14,6,7,0,0,0,5,3,6,8,3,0,5,3,3,3,3,2,2,1,2,0
422,No,No,789589968ed90e82a832dbc60e958c76b787be7e,No,No,default,Static,Static Function,"pyxc_evtchn_reset(XcObject *,PyObject *,PyObject *)",tools/python/xen/lowlevel/xc/xc.c,4,13,0,4,17,4,13,5,7,0,0,0,5,3,6,8,2,0,6,3,3,3,3,2,2,1,2,0
422,No,No,789589968ed90e82a832dbc60e958c76b787be7e,No,No,default,Static,Static Function,"pyxc_get_device_group(XcObject *,PyObject *)",tools/python/xen/lowlevel/xc/xc.c,12,51,1,3,64,12,51,9,32,1,0,0,10,7,34,40,7,0,33,7,7,7,6,5,5,1,5,0
422,No,No,789589968ed90e82a832dbc60e958c76b787be7e,No,No,default,Static,Static Function,"pyxc_getcpuinfo(XcObject *,PyObject *,PyObject *)",tools/python/xen/lowlevel/xc/xc.c,6,28,0,5,34,6,28,6,20,0,0,0,10,5,21,25,5,0,20,5,5,5,4,3,3,1,3,0
422,No,No,789589968ed90e82a832dbc60e958c76b787be7e,No,No,default,Static,Static Function,"pyxc_gnttab_hvm_seed(XcObject *,PyObject *,PyObject *)",tools/python/xen/lowlevel/xc/xc.c,2,21,0,4,23,2,21,9,15,0,0,0,4,3,7,9,4,0,5,3,3,3,3,2,2,1,2,0
422,No,No,789589968ed90e82a832dbc60e958c76b787be7e,No,No,default,Static,Static Function,"pyxc_hvm_param_get(XcObject *,PyObject *,PyObject *)",tools/python/xen/lowlevel/xc/xc.c,4,15,0,4,19,4,15,7,7,0,0,0,5,3,7,9,4,0,5,3,3,3,3,2,2,1,2,0
422,No,No,789589968ed90e82a832dbc60e958c76b787be7e,No,No,default,Static,Static Function,"pyxc_hvm_param_set(XcObject *,PyObject *,PyObject *)",tools/python/xen/lowlevel/xc/xc.c,3,16,0,4,19,3,16,7,8,0,0,0,5,3,8,10,4,0,6,3,3,3,3,2,2,1,2,0
422,No,No,789589968ed90e82a832dbc60e958c76b787be7e,No,No,default,Static,Static Function,pyxc_numainfo(XcObject *),tools/python/xen/lowlevel/xc/xc.c,14,69,8,4,88,14,69,11,52,8,0,0,12,32,53,59,10,0,49,8,8,10,4,4,3,3,3,0
422,No,No,789589968ed90e82a832dbc60e958c76b787be7e,No,No,default,Static,Static Function,"pyxc_pages_to_kib(XcObject *,PyObject *)",tools/python/xen/lowlevel/xc/xc.c,2,7,0,1,9,2,7,2,3,0,0,0,4,2,3,4,1,0,3,2,2,2,1,1,0,1,0,0
422,No,No,789589968ed90e82a832dbc60e958c76b787be7e,No,No,default,Static,Static Function,"pyxc_physdev_map_pirq(PyObject *,PyObject *,PyObject *)",tools/python/xen/lowlevel/xc/xc.c,2,16,0,5,18,2,16,7,9,0,0,0,5,3,8,10,4,0,6,3,3,3,3,2,2,1,2,0
422,No,No,789589968ed90e82a832dbc60e958c76b787be7e,No,No,default,Static,Static Function,"pyxc_physdev_pci_access_modify(XcObject *,PyObject *,PyObject *)",tools/python/xen/lowlevel/xc/xc.c,4,17,0,4,21,4,17,6,10,0,0,0,5,3,8,10,3,0,7,3,3,3,3,2,2,1,2,0
422,No,No,789589968ed90e82a832dbc60e958c76b787be7e,No,No,default,Static,Static Function,pyxc_physinfo(XcObject *),tools/python/xen/lowlevel/xc/xc.c,4,32,0,12,36,4,32,5,26,0,0,0,6,13,18,23,4,0,19,6,6,6,1,1,0,2,0,0
422,No,No,789589968ed90e82a832dbc60e958c76b787be7e,No,No,default,Static,Static Function,"pyxc_readconsolering(XcObject *,PyObject *,PyObject *)",tools/python/xen/lowlevel/xc/xc.c,7,39,0,4,46,7,39,9,28,0,0,0,8,7,22,27,6,0,21,6,6,9,6,6,6,2,6,0
422,No,No,789589968ed90e82a832dbc60e958c76b787be7e,No,No,default,Static,Static Function,"pyxc_sched_credit2_domain_get(XcObject *,PyObject *)",tools/python/xen/lowlevel/xc/xc.c,3,11,0,5,14,3,11,3,7,0,0,0,5,3,5,7,2,0,5,3,3,3,3,2,2,1,2,0
422,No,No,789589968ed90e82a832dbc60e958c76b787be7e,No,No,default,Static,Static Function,"pyxc_sched_credit2_domain_set(XcObject *,PyObject *,PyObject *)",tools/python/xen/lowlevel/xc/xc.c,4,22,0,4,26,4,22,9,14,0,0,0,7,3,14,16,6,0,10,3,3,3,3,2,2,1,2,0
422,No,No,789589968ed90e82a832dbc60e958c76b787be7e,No,No,default,Static,Static Function,"pyxc_sched_credit_domain_get(XcObject *,PyObject *)",tools/python/xen/lowlevel/xc/xc.c,3,12,0,5,15,3,12,3,7,0,0,0,5,3,5,7,2,0,5,3,3,3,3,2,2,1,2,0
422,No,No,789589968ed90e82a832dbc60e958c76b787be7e,No,No,default,Static,Static Function,"pyxc_sched_credit_domain_set(XcObject *,PyObject *,PyObject *)",tools/python/xen/lowlevel/xc/xc.c,4,22,0,4,26,4,22,9,13,0,0,0,7,3,14,16,6,0,10,3,3,3,3,2,2,1,2,0
422,No,No,789589968ed90e82a832dbc60e958c76b787be7e,No,No,default,Static,Static Function,pyxc_sched_id_get(XcObject *),tools/python/xen/lowlevel/xc/xc.c,2,6,0,2,8,2,6,2,3,0,0,0,4,2,3,4,1,0,3,2,2,2,1,1,0,1,0,0
422,No,No,789589968ed90e82a832dbc60e958c76b787be7e,No,No,default,Static,Static Function,"pyxc_send_debug_keys(XcObject *,PyObject *,PyObject *)",tools/python/xen/lowlevel/xc/xc.c,4,13,0,4,17,4,13,5,7,0,0,0,5,3,6,8,2,0,6,3,3,3,3,2,2,1,2,0
422,No,No,789589968ed90e82a832dbc60e958c76b787be7e,No,No,default,Static,Static Function,"pyxc_shadow_control(PyObject *,PyObject *,PyObject *)",tools/python/xen/lowlevel/xc/xc.c,5,17,0,5,22,5,17,7,11,0,0,0,5,3,8,10,4,0,6,3,3,3,3,2,2,1,2,0
422,No,No,789589968ed90e82a832dbc60e958c76b787be7e,No,No,default,Static,Static Function,"pyxc_shadow_mem_control(PyObject *,PyObject *,PyObject *)",tools/python/xen/lowlevel/xc/xc.c,4,25,0,5,29,4,25,9,15,0,0,0,5,5,13,16,6,0,10,4,4,4,3,3,2,1,2,0
422,No,No,789589968ed90e82a832dbc60e958c76b787be7e,No,No,default,Static,Static Function,"pyxc_test_assign_device(XcObject *,PyObject *,PyObject *)",tools/python/xen/lowlevel/xc/xc.c,4,28,0,4,32,4,28,8,16,0,0,0,5,5,14,18,5,0,13,5,5,5,4,3,3,3,3,0
422,No,No,789589968ed90e82a832dbc60e958c76b787be7e,No,No,default,Static,Static Function,"pyxc_tmem_control(XcObject *,PyObject *,PyObject *)",tools/python/xen/lowlevel/xc/xc.c,6,36,0,4,42,6,36,12,23,0,0,0,5,11,18,28,9,0,19,10,5,11,6,8,8,1,8,0
422,No,No,789589968ed90e82a832dbc60e958c76b787be7e,No,No,default,Static,Static Function,"pyxc_tmem_shared_auth(XcObject *,PyObject *,PyObject *)",tools/python/xen/lowlevel/xc/xc.c,4,17,0,4,21,4,17,8,8,0,0,0,5,3,9,11,5,0,6,3,3,3,3,2,2,1,2,0
422,No,No,789589968ed90e82a832dbc60e958c76b787be7e,No,No,default,Static,Static Function,pyxc_topologyinfo(XcObject *),tools/python/xen/lowlevel/xc/xc.c,11,60,1,5,72,11,60,8,41,1,0,0,11,72,34,41,7,0,34,9,9,9,4,6,3,2,3,0
422,No,No,789589968ed90e82a832dbc60e958c76b787be7e,No,No,default,Static,Static Function,"pyxc_vcpu_getinfo(XcObject *,PyObject *,PyObject *)",tools/python/xen/lowlevel/xc/xc.c,8,51,0,9,59,8,51,11,36,0,0,0,14,8,29,36,8,0,28,8,8,8,6,5,5,2,5,0
422,No,No,789589968ed90e82a832dbc60e958c76b787be7e,No,No,default,Static,Static Function,"pyxc_vcpu_setaffinity(XcObject *,PyObject *,PyObject *)",tools/python/xen/lowlevel/xc/xc.c,6,44,0,4,50,6,44,10,28,0,0,0,13,10,24,31,7,0,24,8,8,10,8,8,8,3,8,0
422,No,No,789589968ed90e82a832dbc60e958c76b787be7e,No,No,default,Static,Static Function,pyxc_xeninfo(XcObject *),tools/python/xen/lowlevel/xc/xc.c,10,42,0,7,52,10,42,10,30,0,0,0,5,8,20,27,9,0,18,8,8,8,8,7,7,1,7,0
422,No,No,789589968ed90e82a832dbc60e958c76b787be7e,No,No,default,Static,Static Function,"qemu_disk_ide_drive_string(libxl__gc *,const char *,int,const char *,const libxl_device_disk *,int)",tools/libxl/libxl_dm.c,3,44,20,11,66,3,44,8,37,20,0,0,5,8,15,20,4,1,15,6,4,6,1,7,0,1,0,0
422,No,No,789589968ed90e82a832dbc60e958c76b787be7e,No,No,default,Static,Static Function,"qemu_disk_scsi_drive_string(libxl__gc *,const char *,int,const char *,const libxl_device_disk *,int,const char **)",tools/libxl/libxl_dm.c,3,47,0,10,50,3,47,11,39,0,0,0,4,4,18,22,6,0,16,4,2,4,1,6,0,1,0,0
422,No,No,789589968ed90e82a832dbc60e958c76b787be7e,No,No,default,Static,Static Function,qemu_xen_path(libxl__gc *),tools/libxl/libxl_dm.c,0,4,0,2,4,0,4,1,1,0,0,0,1,1,1,1,0,0,1,1,1,1,1,0,0,0,0,0
422,No,No,789589968ed90e82a832dbc60e958c76b787be7e,No,No,default,Static,Static Function,"qmp_capabilities_callback(libxl__qmp_handler *,const libxl__json_object *,void *)",tools/libxl/libxl_qmp.c,1,6,0,0,7,1,6,2,2,0,0,0,3,1,2,2,0,0,2,1,1,1,1,0,0,0,0,0
422,No,No,789589968ed90e82a832dbc60e958c76b787be7e,No,No,default,Static,Static Function,"qmp_change(libxl__gc *,libxl__qmp_handler *,char *,char *,char *)",tools/libxl/libxl_qmp.c,3,14,0,7,17,3,14,4,9,0,0,0,3,2,7,8,2,0,6,2,2,2,1,0,0,1,0,0
422,No,No,789589968ed90e82a832dbc60e958c76b787be7e,No,No,default,Static,Static Function,qmp_close(libxl__qmp_handler *),tools/libxl/libxl_qmp.c,1,11,0,5,12,1,11,3,7,0,0,0,3,1,6,6,2,0,4,1,1,1,1,0,0,0,0,0
422,No,No,789589968ed90e82a832dbc60e958c76b787be7e,No,No,default,Static,Static Function,"qmp_device_del(libxl__gc *,int,char *)",tools/libxl/libxl_qmp.c,1,6,0,4,7,1,6,2,3,0,0,0,3,1,3,3,1,0,2,1,1,1,1,0,0,0,0,0
422,No,No,789589968ed90e82a832dbc60e958c76b787be7e,No,No,default,Static,Static Function,"qmp_error_class_to_libxl_error_code(libxl__gc *,const char *)",tools/libxl/libxl_qmp.c,3,27,3,5,33,3,27,7,20,3,0,0,5,21,16,22,5,1,16,7,7,9,7,7,7,3,7,0
422,No,No,789589968ed90e82a832dbc60e958c76b787be7e,No,No,default,Static,Static Function,"qmp_ev_callback_readable(libxl__egc *,libxl__ev_qmp *,int)",tools/libxl/libxl_qmp.c,10,50,18,9,78,10,50,7,36,18,0,0,15,49,28,40,6,2,32,14,14,14,12,35,35,3,34,0
422,No,No,789589968ed90e82a832dbc60e958c76b787be7e,No,No,default,Static,Static Function,"qmp_ev_callback_writable(libxl__gc *,libxl__ev_qmp *,int)",tools/libxl/libxl_qmp.c,9,48,10,12,67,9,48,5,36,10,0,0,18,176,32,45,3,4,38,17,17,21,8,16,15,3,13,0
422,No,No,789589968ed90e82a832dbc60e958c76b787be7e,No,No,default,Static,Static Function,"qmp_ev_connect(libxl__gc *,libxl__ev_qmp *)",tools/libxl/libxl_qmp.c,10,41,2,7,53,10,41,6,31,2,0,0,18,64,28,34,4,1,29,8,8,9,6,11,10,1,10,0
422,No,No,789589968ed90e82a832dbc60e958c76b787be7e,No,No,default,Static,Static Function,"qmp_ev_ensure_reading_writing(libxl__gc *,libxl__ev_qmp *)",tools/libxl/libxl_qmp.c,2,9,2,8,13,2,9,2,6,2,0,0,1,3,4,6,1,0,5,3,3,4,1,1,0,1,0,0
422,No,No,789589968ed90e82a832dbc60e958c76b787be7e,No,No,default,Static,Static Function,"qmp_ev_fd_callback(libxl__egc *,libxl__ev_fd *,int,short,short)",tools/libxl/libxl_qmp.c,10,52,8,6,69,10,52,8,39,8,0,0,12,150,29,39,7,1,31,12,12,13,8,18,16,2,16,0
422,No,No,789589968ed90e82a832dbc60e958c76b787be7e,No,No,default,Static,Static Function,"qmp_ev_get_next_msg(libxl__egc *,libxl__ev_qmp *,libxl__json_object **)",tools/libxl/libxl_qmp.c,9,28,7,6,44,9,28,8,20,7,0,0,11,4,21,24,7,2,15,4,4,4,4,3,3,1,3,0
422,No,No,789589968ed90e82a832dbc60e958c76b787be7e,No,No,default,Static,Static Function,"qmp_ev_handle_message(libxl__egc *,libxl__ev_qmp *,const libxl__json_object *)",tools/libxl/libxl_qmp.c,14,97,43,10,153,14,92,10,75,43,0,5,23,15,57,73,8,1,64,19,14,19,12,45,43,3,43,0
422,No,No,789589968ed90e82a832dbc60e958c76b787be7e,No,No,default,Static,Static Function,"qmp_ev_parse_error_messages(libxl__egc *,libxl__ev_qmp *,const libxl__json_object *)",tools/libxl/libxl_qmp.c,4,35,4,5,43,4,35,8,24,4,0,0,7,7,20,24,6,0,18,5,5,5,3,4,2,1,2,0
422,No,No,789589968ed90e82a832dbc60e958c76b787be7e,No,No,default,Static,Static Function,"qmp_ev_qemu_compare_version(libxl__ev_qmp *,int,int,int)",tools/libxl/libxl_qmp.c,3,13,0,7,16,3,8,2,4,0,0,5,1,7,10,16,0,0,16,10,10,10,10,12,12,2,12,0
422,No,No,789589968ed90e82a832dbc60e958c76b787be7e,No,No,default,Static,Static Function,"qmp_ev_set_state(libxl__gc *,libxl__ev_qmp *,libxl__qmp_state)",tools/libxl/libxl_qmp.c,2,23,1,7,26,2,23,2,18,1,0,0,5,10,19,29,0,4,25,14,10,16,1,14,0,2,0,0
422,No,No,789589968ed90e82a832dbc60e958c76b787be7e,No,No,default,Static,Static Function,qmp_ev_tx_buf_clear(libxl__ev_qmp *),tools/libxl/libxl_qmp.c,0,6,0,2,6,0,6,1,3,0,0,0,4,1,3,3,0,0,3,1,1,1,1,0,0,0,0,0
422,No,No,789589968ed90e82a832dbc60e958c76b787be7e,No,No,default,Static,Static Function,qmp_free_handler(libxl__qmp_handler *),tools/libxl/libxl_qmp.c,0,4,0,3,4,0,4,1,1,0,0,0,1,1,1,1,0,0,1,1,1,1,1,0,0,0,0,0
422,No,No,789589968ed90e82a832dbc60e958c76b787be7e,No,No,default,Static,Static Function,"qmp_get_callback_from_id(libxl__qmp_handler *,const libxl__json_object *)",tools/libxl/libxl_qmp.c,2,17,0,7,19,2,17,6,10,0,0,0,4,3,6,8,3,0,5,3,3,3,3,2,2,2,2,0
422,No,No,789589968ed90e82a832dbc60e958c76b787be7e,No,No,default,Static,Static Function,"qmp_handle_error_response(libxl__gc *,libxl__qmp_handler *,const libxl__json_object *)",tools/libxl/libxl_qmp.c,3,22,1,12,26,3,22,4,14,1,0,0,11,7,9,13,2,0,11,5,5,5,1,0,0,3,0,0
422,No,No,789589968ed90e82a832dbc60e958c76b787be7e,No,No,default,Static,Static Function,"qmp_handle_response(libxl__gc *,libxl__qmp_handler *,const libxl__json_object *)",tools/libxl/libxl_qmp.c,3,52,2,12,57,3,52,8,40,2,0,0,20,12,24,34,4,0,30,10,6,10,1,15,0,4,0,0
422,No,No,789589968ed90e82a832dbc60e958c76b787be7e,No,No,default,Static,Static Function,"qmp_init_handler(libxl__gc *,uint32_t)",tools/libxl/libxl_qmp.c,3,14,0,4,17,3,14,2,10,0,0,0,9,2,9,10,1,0,9,2,2,2,1,1,0,1,0,0
422,No,No,789589968ed90e82a832dbc60e958c76b787be7e,No,No,default,Static,Static Function,"qmp_next(libxl__gc *,libxl__qmp_handler *)",tools/libxl/libxl_qmp.c,14,73,0,8,87,14,73,16,63,0,0,0,16,11,48,56,12,0,44,11,11,11,10,23,22,4,22,0
422,No,No,789589968ed90e82a832dbc60e958c76b787be7e,No,No,default,Static,Static Function,"qmp_open(libxl__qmp_handler *,const char *,int)",tools/libxl/libxl_qmp.c,5,39,2,6,46,5,39,7,29,2,0,0,15,128,27,34,4,0,30,10,10,13,8,9,9,2,9,0
422,No,No,789589968ed90e82a832dbc60e958c76b787be7e,No,No,default,Static,Static Function,"qmp_parameters_add_bool(libxl__gc *,libxl__json_object **,const char *,bool)",tools/libxl/libxl_qmp.c,1,9,0,10,10,1,9,4,3,0,0,0,4,1,4,4,1,0,3,1,1,1,1,0,0,0,0,0
422,No,No,789589968ed90e82a832dbc60e958c76b787be7e,No,No,default,Static,Static Function,"qmp_parameters_add_integer(libxl__gc *,libxl__json_object **,const char *,const int)",tools/libxl/libxl_qmp.c,2,9,0,5,11,2,9,4,3,0,0,0,4,1,4,4,1,0,3,1,1,1,1,0,0,0,0,0
422,No,No,789589968ed90e82a832dbc60e958c76b787be7e,No,No,default,Static,Static Function,"qmp_parameters_add_string(libxl__gc *,libxl__json_object **,const char *,const char *)",tools/libxl/libxl_qmp.c,2,9,0,15,11,2,9,4,3,0,0,0,5,1,4,4,1,0,3,1,1,1,1,0,0,0,0,0
422,No,No,789589968ed90e82a832dbc60e958c76b787be7e,No,No,default,Static,Static Function,"qmp_parameters_common_add(libxl__gc *,libxl__json_object **,const char *,libxl__json_object *)",tools/libxl/libxl_qmp.c,4,14,0,10,18,4,14,5,7,0,0,0,7,2,6,7,1,0,6,2,2,2,1,0,0,1,0,0
422,No,No,789589968ed90e82a832dbc60e958c76b787be7e,No,No,default,Static,Static Function,"qmp_prepare_cmd(libxl__gc *,const char *,const libxl__json_object *,int)",tools/libxl/libxl_qmp.c,8,34,2,7,44,8,31,8,20,1,2,2,10,5,20,23,5,0,18,4,4,4,1,2,0,1,0,0
422,No,No,789589968ed90e82a832dbc60e958c76b787be7e,No,No,default,Static,Static Function,qmp_query_vnc(libxl__qmp_handler *),tools/libxl/libxl_qmp.c,0,6,0,3,6,0,6,1,3,0,0,0,2,1,1,1,0,0,1,1,1,1,1,0,0,0,0,0
422,No,No,789589968ed90e82a832dbc60e958c76b787be7e,No,No,default,Static,Static Function,"qmp_register_vnc_callback(libxl__qmp_handler *,const libxl__json_object *,void *)",tools/libxl/libxl_qmp.c,6,31,0,4,37,6,31,7,20,0,0,0,12,16,22,26,4,0,22,6,6,8,4,3,3,1,3,0
422,No,No,789589968ed90e82a832dbc60e958c76b787be7e,No,No,default,Static,Static Function,qmp_response_type(const libxl__json_object *),tools/libxl/libxl_qmp.c,2,11,0,4,13,2,11,4,6,0,0,0,3,3,7,9,3,0,6,3,3,3,3,3,3,2,3,0
422,No,No,789589968ed90e82a832dbc60e958c76b787be7e,No,No,default,Static,Static Function,"qmp_run_command(libxl__gc *,int,const char *,libxl__json_object *,qmp_callback_t,void *)",tools/libxl/libxl_qmp.c,3,13,0,25,16,3,13,5,8,0,0,0,4,2,7,8,2,0,6,2,2,2,1,1,0,1,0,0
422,No,No,789589968ed90e82a832dbc60e958c76b787be7e,No,No,default,Static,Static Function,"qmp_send(libxl__qmp_handler *,const char *,libxl__json_object *,qmp_callback_t,void *,qmp_request_context *)",tools/libxl/libxl_qmp.c,4,20,0,11,24,4,20,7,12,0,0,0,8,4,13,15,3,0,12,4,4,4,3,2,2,1,2,0
422,No,No,789589968ed90e82a832dbc60e958c76b787be7e,No,No,default,Static,Static Function,"qmp_send_prepare(libxl__gc *,libxl__qmp_handler *,const char *,libxl__json_object *,qmp_callback_t,void *,qmp_request_context *)",tools/libxl/libxl_qmp.c,5,26,0,12,31,5,26,6,15,0,0,0,12,4,15,17,2,0,15,3,3,3,3,2,2,1,2,0
422,No,No,789589968ed90e82a832dbc60e958c76b787be7e,No,No,default,Static,Static Function,"qmp_synchronous_send(libxl__qmp_handler *,const char *,libxl__json_object *,qmp_callback_t,void *,int)",tools/libxl/libxl_qmp.c,5,25,0,13,30,5,25,8,15,0,0,0,9,7,15,19,4,0,15,6,6,7,4,3,3,2,3,0
422,No,No,789589968ed90e82a832dbc60e958c76b787be7e,No,No,default,Static,Static Function,"qmp_write_domain_console_item(libxl__gc *,int,const char *,const char *)",tools/libxl/libxl_qmp.c,2,8,0,6,10,2,8,3,3,0,0,0,4,1,4,4,1,0,3,1,1,1,1,0,0,0,0,0
422,No,No,789589968ed90e82a832dbc60e958c76b787be7e,No,No,default,Static,Static Function,"qualifier_to_id(const char *,uint32_t *)",tools/libxl/libxl_utils.c,2,17,1,2,20,2,17,2,10,1,0,0,4,6,9,12,1,0,11,4,4,5,3,3,3,2,2,0
422,No,No,789589968ed90e82a832dbc60e958c76b787be7e,No,No,default,Static,Static Function,"query_cpus_callback(libxl__qmp_handler *,const libxl__json_object *,void *)",tools/libxl/libxl_qmp.c,4,27,0,5,31,4,27,10,15,0,0,0,12,3,23,25,7,0,18,4,4,4,3,3,3,2,3,0
422,No,No,789589968ed90e82a832dbc60e958c76b787be7e,No,No,default,none,Function,"query_page_offline(unsigned long,uint32_t *)",xen/common/page_alloc.c,6,20,0,2,26,6,20,2,14,0,0,0,10,9,11,15,1,0,14,5,5,6,1,1,0,1,0,0
422,No,No,789589968ed90e82a832dbc60e958c76b787be7e,No,No,default,Static,Static Function,"range_share(struct domain *,struct domain *,struct mem_sharing_op_range *)",xen/arch/x86/mm/mem_sharing.c,7,33,10,7,50,7,33,5,20,10,0,0,11,42,14,21,3,0,18,9,9,11,6,7,7,3,7,0
422,No,No,789589968ed90e82a832dbc60e958c76b787be7e,No,No,default,Static,Static Function,rcu_lock_current_domain(),xen/include/xen/sched.h,0,4,1,5,4,0,4,1,1,1,0,0,1,1,1,1,0,0,1,1,1,1,1,0,0,0,0,0
422,No,No,789589968ed90e82a832dbc60e958c76b787be7e,No,No,default,Static,Static Function,rcu_lock_domain(struct domain *),xen/include/xen/sched.h,0,6,0,6,6,0,6,1,3,0,0,0,2,2,2,3,0,0,3,2,2,2,1,0,0,1,0,0
422,No,No,789589968ed90e82a832dbc60e958c76b787be7e,No,No,default,none,Function,rcu_lock_domain_by_any_id(domid_t),xen/common/domain.c,0,6,0,13,6,0,6,1,3,0,0,0,3,2,2,3,0,0,3,2,2,2,1,1,0,1,0,0
422,No,No,789589968ed90e82a832dbc60e958c76b787be7e,No,No,default,none,Function,rcu_lock_domain_by_id(domid_t),xen/common/domain.c,4,17,0,18,21,4,17,2,10,0,0,0,5,3,8,10,1,0,9,3,3,3,3,2,2,2,2,0
422,No,No,789589968ed90e82a832dbc60e958c76b787be7e,No,No,default,none,Function,"rcu_lock_live_remote_domain_by_id(domid_t,struct domain **)",xen/common/domain.c,1,13,0,4,14,1,13,2,7,0,0,0,3,3,6,8,1,0,7,3,3,3,3,2,2,1,2,0
422,No,No,789589968ed90e82a832dbc60e958c76b787be7e,No,No,default,none,Function,"rcu_lock_remote_domain_by_id(domid_t,struct domain **)",xen/common/domain.c,2,11,0,5,13,2,11,1,6,0,0,0,4,3,4,6,0,0,6,3,3,3,3,2,2,1,2,0
422,No,No,789589968ed90e82a832dbc60e958c76b787be7e,No,No,default,Static,Static Function,rcu_unlock_domain(struct domain *),xen/include/xen/sched.h,0,5,0,31,5,0,5,1,2,0,0,0,2,2,1,2,0,0,2,2,2,2,1,0,0,1,0,0
422,No,No,789589968ed90e82a832dbc60e958c76b787be7e,No,No,default,Static,Static Function,rdfsbase(),xen/include/asm-x86/msr.h,3,8,0,0,11,3,8,3,4,0,0,0,2,2,7,8,2,1,5,3,3,3,1,1,0,1,0,0
422,No,No,789589968ed90e82a832dbc60e958c76b787be7e,No,No,default,Static,Static Function,rdgsbase(),xen/include/asm-x86/msr.h,3,8,0,0,11,3,8,3,4,0,0,0,2,2,7,8,2,1,5,3,3,3,1,1,0,1,0,0
422,No,No,789589968ed90e82a832dbc60e958c76b787be7e,No,No,default,Static,Static Function,rdgsshadow(),xen/include/asm-x86/msr.h,2,13,0,0,15,2,13,3,5,0,0,0,2,2,9,10,2,3,5,3,3,3,1,1,0,2,0,0
422,No,No,789589968ed90e82a832dbc60e958c76b787be7e,No,No,default,Static,Static Function,rdtsc(),xen/include/asm-x86/msr.h,2,6,0,1,8,2,6,2,1,0,0,0,1,1,3,3,1,1,1,1,1,1,1,0,0,0,0,0
422,No,No,789589968ed90e82a832dbc60e958c76b787be7e,No,No,default,Static,Static Function,rdtsc_ordered(),xen/include/asm-x86/msr.h,0,5,10,0,15,0,5,1,2,10,0,0,3,1,2,2,0,0,2,1,1,1,1,0,0,0,0,2
422,No,No,789589968ed90e82a832dbc60e958c76b787be7e,No,No,default,Static,Static Function,"read(enum x86_segment,unsigned long,void *,unsigned int,struct x86_emulate_ctxt *)",tools/tests/x86_emulator/test_x86_emulator.c,4,48,2,4,54,4,39,7,28,2,6,3,5,24,19,28,1,0,27,9,8,11,9,14,14,2,14,0
422,No,No,789589968ed90e82a832dbc60e958c76b787be7e,No,No,default,Static,Static Function,"read(enum x86_segment,unsigned long,void *,unsigned int,struct x86_emulate_ctxt *)",tools/tests/x86_emulator/evex-disp8.c,0,8,0,4,8,0,8,2,4,0,0,0,3,2,3,4,0,0,4,2,2,2,1,1,0,1,0,0
422,No,No,789589968ed90e82a832dbc60e958c76b787be7e,No,No,default,Static,Static Function,"read_all(int,void *,unsigned int,int)",tools/xenstore/xs.c,6,32,3,5,41,6,32,2,23,3,0,0,4,21,15,24,1,0,23,10,10,11,9,17,17,3,17,0
422,No,No,789589968ed90e82a832dbc60e958c76b787be7e,No,No,default,none,Function,read_console_ring(struct xen_sysctl_readconsole *),xen/drivers/char/console.c,6,36,0,9,42,6,36,3,27,0,0,0,10,28,20,26,2,0,24,9,9,13,3,3,3,2,3,0
422,No,No,789589968ed90e82a832dbc60e958c76b787be7e,No,No,default,Static,Static Function,"read_cr(unsigned int,unsigned long *,struct x86_emulate_ctxt *)",xen/arch/x86/pv/emul-priv-op.c,6,36,5,6,43,6,36,7,23,5,0,0,14,5,16,22,4,0,18,6,3,6,1,7,0,2,0,0
422,No,No,789589968ed90e82a832dbc60e958c76b787be7e,No,No,default,Static,Static Function,read_efer(),xen/include/asm-x86/msr.h,0,4,0,0,4,0,4,1,1,0,0,0,2,1,1,1,0,0,1,1,1,1,1,0,0,0,0,0
422,No,No,789589968ed90e82a832dbc60e958c76b787be7e,No,No,default,Static,Static Function,"read_gate_descriptor(unsigned int,const struct vcpu *,unsigned int *,unsigned long *,unsigned int *)",xen/arch/x86/pv/emul-gate-op.c,7,40,4,6,51,7,40,7,28,4,0,0,7,7,16,23,2,0,21,7,6,14,7,10,10,2,10,0
422,No,No,789589968ed90e82a832dbc60e958c76b787be7e,No,No,default,Static,Static Function,read_hpet_count(),xen/arch/x86/time.c,0,4,0,0,4,0,4,1,1,0,0,0,2,1,1,1,0,0,1,1,1,1,1,0,0,0,0,0
422,No,No,789589968ed90e82a832dbc60e958c76b787be7e,No,No,default,Static,Static Function,"read_io(unsigned int,unsigned int,unsigned long *,struct x86_emulate_ctxt *)",xen/arch/x86/pv/emul-priv-op.c,7,20,1,6,28,7,20,7,14,1,0,0,10,3,11,13,4,0,9,3,3,3,3,2,2,1,2,0
422,No,No,789589968ed90e82a832dbc60e958c76b787be7e,No,No,default,Static,Static Function,"read_mem(enum x86_segment,unsigned long,void *,unsigned int,struct x86_emulate_ctxt *)",xen/arch/x86/pv/emul-gate-op.c,6,54,6,12,66,6,54,7,43,6,0,0,7,49,27,39,4,0,35,12,7,17,12,34,34,2,34,0
422,No,No,789589968ed90e82a832dbc60e958c76b787be7e,No,No,default,Static,Static Function,"read_message(struct xs_handle *,int)",tools/xenstore/xs.c,17,57,16,12,87,17,57,5,46,16,0,0,9,640,37,48,4,0,44,14,14,15,8,8,8,3,8,0
422,No,No,789589968ed90e82a832dbc60e958c76b787be7e,No,No,default,Static,Static Function,"read_msi_msg(struct msi_desc *,struct msi_msg *)",xen/arch/x86/msi.c,4,48,0,13,52,4,48,8,35,0,0,0,15,9,22,28,7,0,21,6,5,6,4,7,6,2,6,0
422,No,No,789589968ed90e82a832dbc60e958c76b787be7e,No,No,default,Static,Static Function,"read_msr(unsigned int,uint64_t *,struct x86_emulate_ctxt *)",tools/tests/x86_emulator/test_x86_emulator.c,2,17,3,3,19,2,16,4,8,3,0,1,2,3,5,8,0,0,8,4,3,4,1,3,0,1,0,0
422,No,No,789589968ed90e82a832dbc60e958c76b787be7e,No,No,default,Static,Static Function,"read_msr(unsigned int,uint64_t *,struct x86_emulate_ctxt *)",xen/arch/x86/pv/emul-priv-op.c,14,106,12,13,132,14,106,7,89,12,0,0,22,47,43,87,5,0,82,48,22,49,26,174,174,4,174,0
422,No,No,789589968ed90e82a832dbc60e958c76b787be7e,No,No,default,Static,Static Function,"read_pci_mem_bar(u16,u8,u8,u8,u8,int)",xen/arch/x86/msi.c,3,72,0,8,75,3,72,16,60,0,0,0,6,31,34,48,10,0,38,14,12,23,14,25,25,3,25,0
422,No,No,789589968ed90e82a832dbc60e958c76b787be7e,No,No,default,Static,Static Function,read_pit_count(),xen/arch/x86/time.c,5,13,0,2,18,5,13,4,7,0,0,0,5,1,10,10,3,0,7,1,1,1,1,0,0,0,0,0
422,No,No,789589968ed90e82a832dbc60e958c76b787be7e,No,No,default,Static,Static Function,read_platform_stime(u64 *),xen/arch/x86/time.c,4,14,0,11,18,4,14,3,9,0,0,0,9,4,11,13,2,0,11,4,4,4,1,0,0,2,0,0
422,No,No,789589968ed90e82a832dbc60e958c76b787be7e,No,No,default,Static,Static Function,read_pmtimer_count(),xen/arch/x86/time.c,0,4,0,1,4,0,4,1,1,0,0,0,2,1,1,1,0,0,1,1,1,1,1,0,0,0,0,0
422,No,No,789589968ed90e82a832dbc60e958c76b787be7e,No,No,default,Static,Static Function,"read_reply(struct xs_handle *,enum xsd_sockmsg_type *,unsigned int *)",tools/xenstore/xs.c,6,30,1,10,37,6,26,6,18,1,2,2,12,6,24,28,4,1,23,7,7,8,3,3,2,1,2,0
422,No,No,789589968ed90e82a832dbc60e958c76b787be7e,No,No,default,Static,Static Function,"read_segment(enum x86_segment,struct segment_register *,struct x86_emulate_ctxt *)",tools/tests/x86_emulator/test_x86_emulator.c,0,11,0,2,11,0,11,4,5,0,0,0,5,2,4,5,0,0,5,2,2,2,1,1,0,1,0,0
422,No,No,789589968ed90e82a832dbc60e958c76b787be7e,No,No,default,Static,Static Function,"read_segment(enum x86_segment,struct segment_register *,struct x86_emulate_ctxt *)",xen/arch/x86/pv/emul-priv-op.c,8,72,9,12,86,8,72,5,51,9,0,0,18,65,38,58,2,0,56,18,10,21,14,41,40,3,40,0
422,No,No,789589968ed90e82a832dbc60e958c76b787be7e,No,No,default,Static,Static Function,read_tsc(),xen/arch/x86/time.c,0,4,0,0,4,0,4,1,1,0,0,0,2,1,1,1,0,0,1,1,1,1,1,0,0,0,0,0
422,No,No,789589968ed90e82a832dbc60e958c76b787be7e,No,No,default,Static,Static Function,"read_ulong(enum x86_segment,unsigned long,unsigned long *,unsigned int,struct x86_emulate_ctxt *,const struct x86_emulate_ops *)",xen/arch/x86/x86_emulate/x86_emulate.c,0,11,0,8,11,0,11,7,2,0,0,0,3,1,2,2,0,0,2,1,1,1,1,0,0,0,0,0
422,No,No,789589968ed90e82a832dbc60e958c76b787be7e,No,No,default,Static,Static Function,"read_watch_internal(struct xs_handle *,unsigned int *,int)",tools/xenstore/xs.c,14,48,10,11,69,14,37,6,28,5,13,3,17,16,37,43,4,2,37,10,10,10,4,5,3,1,3,0
422,No,No,789589968ed90e82a832dbc60e958c76b787be7e,No,No,default,Static,Static Function,readl_gicc(unsigned int),xen/arch/arm/gic-v2.c,0,4,0,5,4,0,4,1,1,0,0,0,2,1,1,1,0,0,1,1,1,1,1,0,0,0,0,0
422,No,No,789589968ed90e82a832dbc60e958c76b787be7e,No,No,default,Static,Static Function,readl_gicd(unsigned int),xen/arch/arm/gic-v2.c,0,4,0,6,4,0,4,1,1,0,0,0,2,1,1,1,0,0,1,1,1,1,1,0,0,0,0,0
422,No,No,789589968ed90e82a832dbc60e958c76b787be7e,No,No,default,Static,Static Function,readl_gich(int unsigned),xen/arch/arm/gic-v2.c,0,4,0,10,4,0,4,1,1,0,0,0,2,1,1,1,0,0,1,1,1,1,1,0,0,0,0,0
422,No,No,789589968ed90e82a832dbc60e958c76b787be7e,No,No,default,Static,Static Function,"realmode_load_seg(enum x86_segment,uint16_t,struct segment_register *,struct x86_emulate_ctxt *,const struct x86_emulate_ops *)",xen/arch/x86/x86_emulate/x86_emulate.c,3,18,0,7,21,3,18,8,6,0,0,0,5,3,5,7,1,0,6,3,3,3,1,1,0,1,0,0
422,No,No,789589968ed90e82a832dbc60e958c76b787be7e,No,No,default,Static,Static Function,"reassign_device(struct domain *,struct domain *,u8,struct pci_dev *)",xen/drivers/passthrough/amd/pci_amd_iommu.c,6,31,0,13,37,6,31,5,21,0,0,0,9,5,15,18,3,0,15,4,4,4,3,2,2,1,2,0
422,No,No,789589968ed90e82a832dbc60e958c76b787be7e,No,No,default,Static,Static Function,"reassign_device_ownership(struct domain *,struct domain *,u8,struct pci_dev *)",xen/drivers/passthrough/vtd/iommu.c,3,23,14,7,40,3,23,8,6,14,0,0,3,6,8,11,4,0,7,4,4,6,3,2,2,2,2,0
422,No,No,789589968ed90e82a832dbc60e958c76b787be7e,No,No,default,none,Function,recalculate_cpuid_policy(struct domain *),xen/arch/x86/cpuid.c,22,85,23,37,130,22,85,10,66,23,0,0,31,8064,47,62,4,0,58,20,20,26,3,4,2,3,1,0
422,No,No,789589968ed90e82a832dbc60e958c76b787be7e,No,No,default,Static,Static Function,recalculate_misc(struct cpuid_policy *),xen/arch/x86/cpuid.c,20,46,12,13,68,20,46,10,41,12,0,0,15,3,38,41,0,0,41,3,2,3,1,1,0,1,0,0
422,No,No,789589968ed90e82a832dbc60e958c76b787be7e,No,No,default,Static,Static Function,recalculate_xstate(struct cpuid_policy *),xen/arch/x86/cpuid.c,12,65,4,15,81,12,65,5,48,4,0,0,16,193,30,39,4,0,35,10,10,10,4,3,3,2,2,0
422,No,No,789589968ed90e82a832dbc60e958c76b787be7e,No,No,default,none,Function,recheck_cpu_features(unsigned int),xen/arch/x86/cpuid.c,4,17,0,3,21,4,17,5,10,0,0,0,3,3,11,13,4,0,9,3,3,3,3,1,1,2,1,0
422,No,No,789589968ed90e82a832dbc60e958c76b787be7e,No,No,default,Static,Static Function,"record_access(enum x86_segment,unsigned long,unsigned int)",tools/tests/x86_emulator/evex-disp8.c,1,11,0,5,12,1,11,2,5,0,0,0,3,3,3,5,0,0,5,3,3,3,3,3,3,2,3,0
422,No,No,789589968ed90e82a832dbc60e958c76b787be7e,No,No,default,Static,Static Function,"reg_read(struct cpu_user_regs *,unsigned int)",xen/arch/x86/hvm/vmx/vvmx.c,0,5,0,7,5,0,5,2,1,0,0,0,2,1,1,1,0,0,1,1,1,1,1,0,0,0,0,0
422,No,No,789589968ed90e82a832dbc60e958c76b787be7e,No,No,default,Static,Static Function,"reg_write(struct cpu_user_regs *,unsigned int,unsigned long)",xen/arch/x86/hvm/vmx/vvmx.c,0,6,0,4,6,0,6,3,1,0,0,0,1,1,1,1,0,0,1,1,1,1,1,0,0,0,0,0
422,No,No,789589968ed90e82a832dbc60e958c76b787be7e,No,No,default,Static,Static Function,"region_to_pages(unsigned long,unsigned long)",xen/include/asm-x86/hvm/svm/amd-iommu-proto.h,0,4,0,2,4,0,4,1,1,0,0,0,2,1,1,1,0,0,1,1,1,1,1,0,0,0,0,0
422,No,No,789589968ed90e82a832dbc60e958c76b787be7e,No,No,default,Static,Static Function,register_iommu_cmd_buffer_in_mmio_space(struct amd_iommu *),xen/drivers/passthrough/amd/iommu_init.c,5,22,0,6,27,5,22,5,15,0,0,0,7,1,16,16,4,0,12,1,1,1,1,0,0,0,0,0
422,No,No,789589968ed90e82a832dbc60e958c76b787be7e,No,No,default,Static,Static Function,register_iommu_dev_table_in_mmio_space(struct amd_iommu *),xen/drivers/passthrough/amd/iommu_init.c,4,18,0,6,22,4,18,3,13,0,0,0,6,1,13,13,2,0,11,1,1,1,1,0,0,0,0,0
422,No,No,789589968ed90e82a832dbc60e958c76b787be7e,No,No,default,Static,Static Function,register_iommu_event_log_in_mmio_space(struct amd_iommu *),xen/drivers/passthrough/amd/iommu_init.c,5,22,0,6,27,5,22,5,15,0,0,0,7,1,16,16,4,0,12,1,1,1,1,0,0,0,0,0
422,No,No,789589968ed90e82a832dbc60e958c76b787be7e,No,No,default,Static,Static Function,register_iommu_exclusion_range(struct amd_iommu *),xen/drivers/passthrough/amd/iommu_init.c,8,29,0,7,37,8,29,3,24,0,0,0,4,1,18,18,2,0,16,1,1,1,1,0,0,0,0,0
422,No,No,789589968ed90e82a832dbc60e958c76b787be7e,No,No,default,Static,Static Function,register_iommu_ppr_log_in_mmio_space(struct amd_iommu *),xen/drivers/passthrough/amd/iommu_init.c,5,22,0,6,27,5,22,5,15,0,0,0,7,1,16,16,4,0,12,1,1,1,1,0,0,0,0,0
422,No,No,789589968ed90e82a832dbc60e958c76b787be7e,No,No,default,Static,Static Function,"register_ring(struct domain *,__guest_handle_xen_argo_register_ring_t,__guest_handle_xen_argo_gfn_t,unsigned int,unsigned int)",xen/common/argo.c,39,171,39,29,249,39,171,15,124,39,0,0,36,138250,80,105,9,0,96,28,28,34,19,25,25,2,25,0
422,No,No,789589968ed90e82a832dbc60e958c76b787be7e,No,No,default,Static,Static Function,"register_serials_chardev_callback(libxl__qmp_handler *,const libxl__json_object *,void *)",tools/libxl/libxl_qmp.c,5,39,0,4,44,5,39,12,29,0,0,0,11,9,25,30,9,1,20,6,6,8,6,9,9,3,9,0
422,No,No,789589968ed90e82a832dbc60e958c76b787be7e,No,No,default,Static,Static Function,"register_smmu_master(struct arm_smmu_device *,struct device *,struct dt_phandle_args *)",xen/drivers/passthrough/arm/smmu.c,7,38,1,11,46,7,38,6,27,1,0,0,12,6,19,24,3,0,21,6,6,7,6,6,6,2,6,0
422,No,No,789589968ed90e82a832dbc60e958c76b787be7e,No,No,default,Static,Static Function,"release_grant_for_copy(struct domain *,grant_ref_t,bool)",xen/common/grant_table.c,9,48,4,13,61,9,48,10,27,4,0,0,9,24,26,31,7,0,24,6,6,6,1,2,0,2,0,0
422,No,No,789589968ed90e82a832dbc60e958c76b787be7e,No,No,default,none,Function,"release_guest_irq(struct domain *,unsigned int)",xen/arch/arm/irq.c,11,30,1,7,42,11,30,5,22,1,0,0,10,10,21,26,4,0,22,6,6,7,6,8,8,1,8,0
422,No,No,789589968ed90e82a832dbc60e958c76b787be7e,No,No,default,none,Function,"release_irq(unsigned int,const void *)",xen/arch/arm/irq.c,10,32,3,13,45,10,32,4,20,3,0,0,9,13,21,26,3,3,20,7,7,7,4,5,5,2,5,0
422,No,No,789589968ed90e82a832dbc60e958c76b787be7e,No,No,default,Static,Static Function,"relinquish_memory(struct domain *,struct list_head *)",xen/arch/arm/domain.c,6,22,10,5,38,6,22,3,14,10,0,0,11,8,10,13,2,0,11,4,4,4,1,1,0,1,0,0
422,No,No,789589968ed90e82a832dbc60e958c76b787be7e,No,No,default,Static,Static Function,"relinquish_memory(struct domain *,struct list_head *,unsigned long)",xen/arch/x86/domain.c,10,85,14,11,109,10,85,5,62,14,0,0,23,1297,43,62,3,3,56,18,14,19,12,34,34,5,34,0
422,No,No,789589968ed90e82a832dbc60e958c76b787be7e,No,No,default,none,Function,relinquish_p2m_mapping(struct domain *),xen/arch/arm/p2m.c,8,36,15,5,59,8,36,8,22,15,0,0,16,7,21,25,7,1,17,5,5,6,5,5,5,3,5,0
422,No,No,789589968ed90e82a832dbc60e958c76b787be7e,No,No,default,none,Function,relinquish_shared_pages(struct domain *),xen/arch/x86/mm/mem_sharing.c,5,43,5,5,53,5,43,8,28,5,0,0,18,14,24,30,7,0,23,7,7,8,6,7,7,3,6,0
422,No,No,789589968ed90e82a832dbc60e958c76b787be7e,No,No,default,Static,Static Function,"remap_entry_to_ioapic_rte(struct iommu *,int,struct IO_APIC_route_entry *)",xen/drivers/passthrough/vtd/intremap.c,6,36,0,12,42,6,36,6,26,0,0,0,17,3,23,25,3,0,22,4,4,5,3,2,2,1,2,0
422,No,No,789589968ed90e82a832dbc60e958c76b787be7e,No,No,default,Static,Static Function,"remap_entry_to_msi_msg(struct iommu *,struct msi_msg *,unsigned int)",xen/drivers/passthrough/vtd/intremap.c,8,54,0,16,62,8,54,8,43,0,0,0,13,4,25,28,4,0,24,8,8,8,3,3,2,1,2,0
422,No,No,789589968ed90e82a832dbc60e958c76b787be7e,No,No,default,Static,Static Function,remove_siblinginfo(int),xen/arch/x86/smpboot.c,3,16,1,2,20,3,16,3,10,1,0,0,8,2,7,8,1,0,7,2,2,2,1,0,0,1,0,0
422,No,No,789589968ed90e82a832dbc60e958c76b787be7e,No,No,default,Static,Static Function,"remus_failover_cb(libxl__egc *,libxl__domain_save_state *,int)",tools/libxl/libxl_domain.c,0,6,5,4,11,0,6,3,2,5,0,0,2,1,3,3,2,0,1,1,1,1,1,0,0,0,0,0
422,No,No,789589968ed90e82a832dbc60e958c76b787be7e,No,No,default,Static,Static Function,"rep_ins(uint16_t,enum x86_segment,unsigned long,unsigned int,unsigned long *,struct x86_emulate_ctxt *)",xen/arch/x86/pv/emul-priv-op.c,13,52,1,15,66,13,52,12,37,1,0,0,17,11,26,35,8,0,27,10,10,13,9,13,13,2,12,0
422,No,No,789589968ed90e82a832dbc60e958c76b787be7e,No,No,default,Static,Static Function,"rep_outs(enum x86_segment,unsigned long,uint16_t,unsigned int,unsigned long *,struct x86_emulate_ctxt *)",xen/arch/x86/pv/emul-priv-op.c,13,53,1,15,67,13,53,12,38,1,0,0,16,11,26,35,8,0,27,11,11,14,9,13,13,2,12,0
422,No,No,789589968ed90e82a832dbc60e958c76b787be7e,No,No,default,Static,Static Function,"replace_grant_host_mapping(uint64_t,mfn_t,uint64_t,unsigned int)",xen/include/asm-x86/grant_table.h,0,8,0,5,8,0,8,3,3,0,0,0,4,2,2,3,0,0,3,2,2,2,1,1,0,1,0,0
422,No,No,789589968ed90e82a832dbc60e958c76b787be7e,No,No,default,none,Function,"replace_grant_host_mapping(unsigned long,mfn_t,unsigned long,unsigned int)",xen/arch/arm/mm.c,3,11,0,7,14,3,11,5,6,0,0,0,3,2,6,7,3,0,4,3,3,4,1,1,0,1,0,0
422,No,No,789589968ed90e82a832dbc60e958c76b787be7e,No,No,default,Static,Static Function,replenish_domain_budget(void *),xen/common/sched_credit2.c,9,27,30,10,66,9,27,4,17,30,0,0,11,4,16,18,3,0,15,4,4,4,1,1,0,2,0,1
422,No,No,789589968ed90e82a832dbc60e958c76b787be7e,No,No,default,none,Function,reprogram_timer(s_time_t),xen/arch/x86/apic.c,5,16,1,4,22,5,16,3,10,1,0,0,6,4,8,11,2,0,9,5,5,7,3,2,2,1,2,0
422,No,No,789589968ed90e82a832dbc60e958c76b787be7e,No,No,default,none,Function,"request_irq(unsigned int,unsigned int,void (*) (),const char *,void *)",xen/arch/arm/irq.c,5,22,6,9,33,5,22,5,15,6,0,0,8,5,13,17,2,0,15,5,5,5,4,3,3,1,3,0
422,No,No,789589968ed90e82a832dbc60e958c76b787be7e,No,No,default,Static,Static Function,reserve_heap_page(struct page_info *),xen/common/page_alloc.c,5,19,0,3,24,5,19,5,12,0,0,0,10,5,9,12,4,0,8,6,6,7,4,4,4,2,4,0
422,No,No,789589968ed90e82a832dbc60e958c76b787be7e,No,No,default,Static,Static Function,reserve_offlined_page(struct page_info *),xen/common/page_alloc.c,17,71,7,9,95,17,71,7,48,7,0,0,19,760,39,53,7,0,46,21,21,22,10,8,8,5,7,0
422,No,No,789589968ed90e82a832dbc60e958c76b787be7e,No,No,default,Static,Static Function,"reserved_bit_page_fault(unsigned long,struct cpu_user_regs *)",xen/arch/x86/traps.c,0,8,0,4,8,0,8,2,4,0,0,0,3,1,3,3,0,0,3,1,1,1,1,0,0,0,0,0
422,No,No,789589968ed90e82a832dbc60e958c76b787be7e,No,No,default,Static,Static Function,"reset_credit(const struct scheduler *,int,s_time_t,struct csched2_vcpu *)",xen/common/sched_credit2.c,12,51,31,14,94,12,51,13,32,31,0,0,21,192,32,40,10,0,30,11,11,11,1,1,0,2,0,0
422,No,No,789589968ed90e82a832dbc60e958c76b787be7e,No,No,default,Static,Static Function,"resolve_misconfig(struct p2m_domain *,unsigned long)",xen/arch/x86/mm/p2m-ept.c,17,129,1,19,146,17,129,16,95,1,0,0,28,679,77,98,13,2,83,22,21,27,12,25,25,6,22,0
422,No,No,789589968ed90e82a832dbc60e958c76b787be7e,No,No,default,Static,Static Function,resource_to_perm(uint8_t),xen/xsm/flask/hooks.c,0,7,0,3,7,0,7,1,4,0,0,0,1,2,2,3,0,0,3,2,2,2,1,1,0,1,0,0
422,No,No,789589968ed90e82a832dbc60e958c76b787be7e,No,No,default,Static,Static Function,restore_ELCR(char *),xen/arch/x86/i8259.c,0,5,0,2,5,0,5,1,2,0,0,0,1,1,2,2,0,0,2,1,1,1,1,0,0,0,0,0
422,No,No,789589968ed90e82a832dbc60e958c76b787be7e,No,No,default,Static,Static Function,restore_aprn_regs(const union gic_state_data *),xen/arch/arm/gic-v3.c,0,18,4,7,22,0,18,1,13,4,0,0,2,4,8,12,0,0,12,4,2,4,4,1,1,1,1,0
422,No,No,789589968ed90e82a832dbc60e958c76b787be7e,No,No,default,none,Function,restore_vcpu_affinity(struct domain *),xen/common/schedule.c,11,28,11,9,50,11,28,5,19,11,0,0,18,18,21,26,4,0,22,10,10,10,1,0,0,3,0,0
422,No,No,789589968ed90e82a832dbc60e958c76b787be7e,No,No,default,Static,Static Function,resume_hpet(struct platform_timesource *),xen/arch/x86/time.c,0,4,0,0,4,0,4,1,1,0,0,0,1,1,1,1,0,0,1,1,1,1,1,0,0,0,0,0
422,No,No,789589968ed90e82a832dbc60e958c76b787be7e,No,No,default,Static,Static Function,resume_pit(struct platform_timesource *),xen/arch/x86/time.c,0,6,4,0,7,0,6,1,3,4,0,0,1,1,3,3,0,0,3,1,1,1,1,0,0,0,0,0
422,No,No,789589968ed90e82a832dbc60e958c76b787be7e,No,No,default,Static,Static Function,resume_platform_timer(),xen/arch/x86/time.c,1,7,1,3,9,1,7,1,4,1,0,0,4,2,3,4,0,0,4,2,2,2,1,0,0,1,0,0
422,No,No,789589968ed90e82a832dbc60e958c76b787be7e,No,No,default,Static,Static Function,resume_x2apic(),xen/arch/x86/apic.c,7,25,0,2,32,7,25,2,17,0,0,0,11,8,14,17,1,0,16,4,4,4,3,2,2,1,2,0
422,No,No,789589968ed90e82a832dbc60e958c76b787be7e,No,No,default,Static,Static Function,"retry_paged(int,uint32_t,void *,const xen_pfn_t *,int *,size_t)",tools/libs/foreignmemory/linux.c,7,33,4,7,44,7,33,5,22,4,0,0,8,12,18,22,3,0,19,6,6,7,6,6,6,3,6,0
422,No,No,789589968ed90e82a832dbc60e958c76b787be7e,No,No,default,Static,Static Function,"ring_map_page(const struct domain *,struct argo_ring_info *,unsigned int,void **)",xen/common/argo.c,6,38,7,13,51,6,38,4,25,7,0,0,14,14,22,28,3,0,25,8,8,14,5,4,4,2,4,0
422,No,No,789589968ed90e82a832dbc60e958c76b787be7e,No,No,default,Static,Static Function,"ring_remove_info(const struct domain *,struct argo_ring_info *)",xen/common/argo.c,1,9,0,9,10,1,9,2,5,0,0,0,8,2,6,7,0,0,7,3,3,5,1,0,0,2,0,0
422,No,No,789589968ed90e82a832dbc60e958c76b787be7e,No,No,default,Static,Static Function,"ring_remove_mfns(const struct domain *,struct argo_ring_info *)",xen/common/argo.c,6,20,0,9,26,6,20,3,13,0,0,0,12,10,13,18,1,0,17,7,7,9,3,2,2,2,2,0
422,No,No,789589968ed90e82a832dbc60e958c76b787be7e,No,No,default,Static,Static Function,"ring_unmap(const struct domain *,struct argo_ring_info *)",xen/common/argo.c,6,19,0,9,25,6,19,3,12,0,0,0,10,22,14,20,1,0,19,10,10,16,4,2,2,3,2,0
422,No,No,789589968ed90e82a832dbc60e958c76b787be7e,No,No,default,Static,Static Function,"ringbuf_insert(const struct domain *,struct argo_ring_info *,const struct argo_ring_id *,xen_argo_iov_t *,unsigned int,uint32_t,unsigned long *)",xen/common/argo.c,32,122,71,17,225,32,122,17,94,71,0,0,20,450,57,75,9,0,66,21,21,26,12,17,17,4,16,0
422,No,No,789589968ed90e82a832dbc60e958c76b787be7e,No,No,default,Static,Static Function,"ringbuf_payload_space(const struct domain *,struct argo_ring_info *)",xen/common/argo.c,8,21,30,10,59,8,21,6,14,30,0,0,7,8,14,18,3,0,15,7,7,12,3,2,2,2,2,1
422,No,No,789589968ed90e82a832dbc60e958c76b787be7e,No,No,default,Static,Static Function,"rmap_add(gfn_info_t *,struct page_info *)",xen/arch/x86/mm/mem_sharing.c,3,14,2,12,19,3,14,5,9,2,0,0,5,2,5,6,1,0,5,3,3,4,1,0,0,1,0,0
422,No,No,789589968ed90e82a832dbc60e958c76b787be7e,No,No,default,Static,Static Function,rmap_count(struct page_info *),xen/arch/x86/mm/mem_sharing.c,0,10,0,8,10,0,10,4,5,0,0,0,2,2,5,6,2,0,4,2,2,2,1,0,0,1,0,0
422,No,No,789589968ed90e82a832dbc60e958c76b787be7e,No,No,default,Static,Static Function,"rmap_del(gfn_info_t *,struct page_info *,int)",xen/arch/x86/mm/mem_sharing.c,1,8,1,9,10,1,8,3,4,1,0,0,4,2,2,3,0,0,3,2,2,4,1,0,0,1,0,0
422,No,No,789589968ed90e82a832dbc60e958c76b787be7e,No,No,default,Static,Static Function,rmap_has_entries(struct page_info *),xen/arch/x86/mm/mem_sharing.c,0,4,0,1,4,0,4,1,1,0,0,0,2,1,1,1,0,0,1,1,1,1,1,0,0,0,0,0
422,No,No,789589968ed90e82a832dbc60e958c76b787be7e,No,No,default,Static,Static Function,rmap_has_one_entry(struct page_info *),xen/arch/x86/mm/mem_sharing.c,0,4,0,2,4,0,4,1,1,0,0,0,2,1,1,1,0,0,1,1,1,1,1,0,0,0,0,0
422,No,No,789589968ed90e82a832dbc60e958c76b787be7e,No,No,default,Static,Static Function,rmap_hash_table_to_list(struct page_info *),xen/arch/x86/mm/mem_sharing.c,3,17,0,6,20,3,17,6,9,0,0,0,6,2,9,10,3,0,7,2,2,2,1,0,0,1,0,0
422,No,No,789589968ed90e82a832dbc60e958c76b787be7e,No,No,default,Static,Static Function,rmap_init(struct page_info *),xen/arch/x86/mm/mem_sharing.c,0,5,1,4,6,0,5,2,1,1,0,0,2,1,1,1,0,0,1,1,1,1,1,0,0,0,0,0
422,No,No,789589968ed90e82a832dbc60e958c76b787be7e,No,No,default,Static,Static Function,"rmap_iterate(struct page_info *,struct rmap_iterator *)",xen/arch/x86/mm/mem_sharing.c,3,25,2,12,30,3,25,6,17,2,0,0,5,4,11,14,1,0,13,5,5,5,4,7,7,3,7,0
422,No,No,789589968ed90e82a832dbc60e958c76b787be7e,No,No,default,Static,Static Function,rmap_list_to_hash_table(struct page_info *),xen/arch/x86/mm/mem_sharing.c,5,21,0,6,26,5,21,8,15,0,0,0,11,3,13,15,4,0,11,3,3,3,1,1,0,1,0,0
422,No,No,789589968ed90e82a832dbc60e958c76b787be7e,No,No,default,Static,Static Function,"rmap_retrieve(uint16_t,unsigned long,struct page_info *)",xen/arch/x86/mm/mem_sharing.c,3,17,1,11,21,3,17,6,9,1,0,0,3,2,6,7,2,0,5,3,3,4,1,1,0,1,0,0
422,No,No,789589968ed90e82a832dbc60e958c76b787be7e,No,No,default,Static,Static Function,"rmap_seed_iterator(struct page_info *,struct rmap_iterator *)",xen/arch/x86/mm/mem_sharing.c,0,9,0,10,9,0,9,2,5,0,0,0,5,1,3,3,0,0,3,2,2,2,1,0,0,0,0,0
422,No,No,789589968ed90e82a832dbc60e958c76b787be7e,No,No,default,Static,Static Function,"rmrr_identity_mapping(struct domain *,bool_t,const struct acpi_rmrr_unit *,u32)",xen/drivers/passthrough/vtd/iommu.c,11,52,4,14,67,11,52,9,37,4,0,0,14,11,26,35,6,0,29,10,10,11,8,10,10,3,10,0
422,No,No,789589968ed90e82a832dbc60e958c76b787be7e,No,No,default,Static,Static Function,"rmw(enum x86_segment,unsigned long,unsigned int,uint32_t *,struct x86_emulate_state *,struct x86_emulate_ctxt *)",tools/tests/x86_emulator/test_x86_emulator.c,0,10,0,5,10,0,10,7,1,0,0,0,2,1,1,1,0,0,1,1,1,1,1,0,0,0,0,0
422,No,No,789589968ed90e82a832dbc60e958c76b787be7e,No,No,default,Static,Static Function,"rom_write(const struct pci_dev *,unsigned int,uint32_t,void *)",xen/drivers/vpci/header.c,4,28,17,10,49,4,28,8,20,17,0,0,6,11,12,17,5,0,12,7,7,10,4,4,4,1,4,0
422,No,No,789589968ed90e82a832dbc60e958c76b787be7e,No,No,default,none,Function,"route_irq_to_guest(struct domain *,unsigned int,unsigned int,const char *)",xen/arch/arm/irq.c,18,91,9,14,118,18,91,8,59,9,0,0,21,45,45,57,6,0,51,13,13,14,10,18,16,3,16,0
422,No,No,789589968ed90e82a832dbc60e958c76b787be7e,No,No,default,Static,Static Function,"runq_assign(const struct scheduler *,struct vcpu *)",xen/common/sched_credit2.c,2,7,0,7,9,2,7,3,3,0,0,0,4,2,4,5,1,0,4,3,3,3,1,0,0,2,0,0
422,No,No,789589968ed90e82a832dbc60e958c76b787be7e,No,No,default,Static,Static Function,"runq_candidate(struct csched2_runqueue_data *,struct csched2_vcpu *,int,s_time_t,unsigned int *)",xen/common/sched_credit2.c,18,112,51,24,181,18,112,23,70,51,0,0,34,388,53,67,15,0,52,16,16,27,3,4,3,2,3,0
422,No,No,789589968ed90e82a832dbc60e958c76b787be7e,No,No,default,Static,Static Function,"runq_deassign(const struct scheduler *,struct vcpu *)",xen/common/sched_credit2.c,2,7,0,6,9,2,7,3,3,0,0,0,4,2,4,5,1,0,4,3,3,3,1,0,0,2,0,0
422,No,No,789589968ed90e82a832dbc60e958c76b787be7e,No,No,default,Static,Static Function,runq_elem(struct list_head *),xen/common/sched_credit2.c,0,4,0,4,4,0,4,1,1,0,0,0,2,1,1,1,0,0,1,1,1,1,1,0,0,0,0,0
422,No,No,789589968ed90e82a832dbc60e958c76b787be7e,No,No,default,Static,Static Function,"runq_insert(const struct scheduler *,struct csched2_vcpu *)",xen/common/sched_credit2.c,7,36,0,19,43,7,36,11,24,0,0,0,15,512,29,38,8,0,30,17,17,17,1,0,0,2,0,0
422,No,No,789589968ed90e82a832dbc60e958c76b787be7e,No,No,default,Static,Static Function,runq_remove(struct csched2_vcpu *),xen/common/sched_credit2.c,0,5,0,7,5,0,5,1,2,0,0,0,5,2,3,4,0,0,4,3,3,3,1,0,0,2,0,0
422,No,No,789589968ed90e82a832dbc60e958c76b787be7e,No,No,default,Static,Static Function,"runq_tickle(const struct scheduler *,struct csched2_vcpu *,s_time_t)",xen/common/sched_credit2.c,20,117,41,25,178,20,117,18,78,41,0,0,30,52224,68,86,14,0,72,24,24,27,9,12,11,3,11,0
422,No,No,789589968ed90e82a832dbc60e958c76b787be7e,No,No,default,none,Function,runtime_parse(const char *),xen/common/kernel.c,0,4,0,3,4,0,4,1,1,0,0,0,2,1,1,1,0,0,1,1,1,1,1,0,0,0,0,0
422,No,No,789589968ed90e82a832dbc60e958c76b787be7e,No,No,default,Static,Static Function,s_timer_fn(void *),xen/common/schedule.c,0,5,0,0,5,0,5,1,2,0,0,0,2,1,2,2,0,0,2,1,1,1,1,0,0,0,0,0
422,No,No,789589968ed90e82a832dbc60e958c76b787be7e,No,No,default,Static,Static Function,"safe_write_pte(l1_pgentry_t *,l1_pgentry_t)",xen/include/asm-x86/paging.h,0,4,0,0,4,0,4,1,1,0,0,0,1,1,1,1,0,0,1,1,1,1,1,0,0,0,0,0
422,No,No,789589968ed90e82a832dbc60e958c76b787be7e,No,No,default,Static,Static Function,"same_core(unsigned int,unsigned int)",xen/common/sched_credit2.c,0,5,0,3,5,0,5,1,2,0,0,0,3,1,1,1,0,0,1,1,1,2,1,0,0,0,0,0
422,No,No,789589968ed90e82a832dbc60e958c76b787be7e,No,No,default,Static,Static Function,"same_node(unsigned int,unsigned int)",xen/common/sched_credit2.c,0,4,0,3,4,0,4,1,1,0,0,0,2,1,1,1,0,0,1,1,1,1,1,0,0,0,0,0
422,No,No,789589968ed90e82a832dbc60e958c76b787be7e,No,No,default,Static,Static Function,"same_socket(unsigned int,unsigned int)",xen/common/sched_credit2.c,0,4,0,4,4,0,4,1,1,0,0,0,2,1,1,1,0,0,1,1,1,1,1,0,0,0,0,0
422,No,No,789589968ed90e82a832dbc60e958c76b787be7e,No,No,default,Static,Static Function,sanitise_domain_config(struct xen_domctl_createdomain *),xen/common/domain.c,2,18,0,4,20,2,18,1,11,0,0,0,3,3,5,7,0,0,7,3,3,3,3,2,2,1,2,0
422,No,No,789589968ed90e82a832dbc60e958c76b787be7e,No,No,default,Static,Static Function,sanitise_featureset(struct cpuid_domain_info *),tools/libxc/xc_cpuid_x86.c,10,46,3,9,59,10,46,6,28,3,0,0,6,140,25,35,5,0,30,11,11,12,3,2,2,3,1,0
422,No,No,789589968ed90e82a832dbc60e958c76b787be7e,No,No,default,Static,Static Function,sanitise_featureset(uint32_t *),xen/arch/x86/cpuid.c,5,23,7,4,34,5,23,6,12,7,0,0,4,8,14,17,4,0,13,5,5,5,1,0,0,2,0,0
422,No,No,789589968ed90e82a832dbc60e958c76b787be7e,No,No,default,none,Function,"sanitise_value(struct expanding_buffer *,const char *,unsigned)",tools/xenstore/xs.c,10,38,1,5,49,10,34,4,25,1,0,4,7,58,29,41,2,2,37,14,11,16,5,18,7,3,5,0
422,No,No,789589968ed90e82a832dbc60e958c76b787be7e,No,No,default,Static,Static Function,save_ELCR(char *),xen/arch/x86/i8259.c,0,5,1,1,6,0,5,1,2,1,0,0,2,1,2,2,0,0,2,1,1,1,1,0,0,0,0,0
422,No,No,789589968ed90e82a832dbc60e958c76b787be7e,No,No,default,Static,Static Function,save_aprn_regs(union gic_state_data *),xen/arch/arm/gic-v3.c,0,18,4,5,22,0,18,1,13,4,0,0,4,4,8,12,0,0,12,4,2,4,4,1,1,1,1,0
422,No,No,789589968ed90e82a832dbc60e958c76b787be7e,No,No,default,Static,Static Function,save_segments(struct vcpu *),xen/arch/x86/domain.c,7,39,2,13,48,7,39,3,30,2,0,0,15,432,18,28,2,0,26,12,12,15,1,1,0,2,0,0
422,No,No,789589968ed90e82a832dbc60e958c76b787be7e,No,No,default,none,Function,"scale_delta(u64,const struct time_scale *)",xen/arch/x86/time.c,3,13,0,12,16,3,13,2,5,0,0,0,2,2,5,6,1,1,4,2,2,2,1,1,0,1,0,0
422,No,No,789589968ed90e82a832dbc60e958c76b787be7e,No,No,default,Static,Static Function,scale_reciprocal(struct time_scale),xen/arch/x86/time.c,3,18,0,5,21,3,18,3,7,0,0,0,5,4,10,12,2,1,9,4,4,4,1,0,0,2,0,0
422,No,No,789589968ed90e82a832dbc60e958c76b787be7e,No,No,default,Static,Static Function,"scale_tsc(uint64_t,uint64_t)",xen/arch/x86/hvm/svm/svm.c,3,12,15,3,30,3,12,2,8,15,0,0,1,2,8,9,1,0,8,2,2,2,1,1,0,1,0,1
422,No,No,789589968ed90e82a832dbc60e958c76b787be7e,No,No,default,none,Function,"sched_adjust(struct domain *,struct xen_domctl_scheduler_op *)",xen/common/schedule.c,5,22,2,7,29,5,22,2,16,2,0,0,6,5,8,16,1,0,15,9,6,9,4,4,3,1,3,0
422,No,No,789589968ed90e82a832dbc60e958c76b787be7e,No,No,default,none,Function,sched_adjust_global(struct xen_sysctl_scheduler_op *),xen/common/schedule.c,6,18,0,7,24,6,18,3,13,0,0,0,6,4,10,13,2,0,11,6,6,7,4,3,3,1,3,0
422,No,No,789589968ed90e82a832dbc60e958c76b787be7e,No,No,default,none,Function,sched_destroy_domain(struct domain *),xen/common/schedule.c,3,12,0,6,15,3,12,1,7,0,0,0,9,4,7,9,0,0,9,4,4,4,1,0,0,2,0,0
422,No,No,789589968ed90e82a832dbc60e958c76b787be7e,No,No,default,none,Function,sched_destroy_vcpu(struct vcpu *),xen/common/schedule.c,0,10,0,11,10,0,10,1,7,0,0,0,8,2,6,7,0,0,7,4,4,4,1,0,0,1,0,0
422,No,No,789589968ed90e82a832dbc60e958c76b787be7e,No,No,default,none,Function,sched_id(),xen/common/schedule.c,0,4,0,1,4,0,4,1,1,0,0,0,1,1,1,1,0,0,1,1,1,1,1,0,0,0,0,0
422,No,No,789589968ed90e82a832dbc60e958c76b787be7e,No,No,default,none,Function,"sched_init_domain(struct domain *,int)",xen/common/schedule.c,6,16,0,5,22,6,16,3,11,0,0,0,12,12,13,17,2,0,15,7,7,7,3,2,2,2,2,0
422,No,No,789589968ed90e82a832dbc60e958c76b787be7e,No,No,default,none,Function,"sched_init_vcpu(struct vcpu *,unsigned int)",xen/common/schedule.c,7,31,6,13,44,7,31,3,23,6,0,0,15,5,15,18,2,0,16,6,6,7,1,3,0,1,0,0
422,No,No,789589968ed90e82a832dbc60e958c76b787be7e,No,No,default,none,Function,"sched_move_domain(struct domain *,struct cpupool *)",xen/common/schedule.c,24,71,5,19,100,24,71,10,47,5,0,0,29,33,56,66,9,0,57,20,20,20,7,8,8,3,8,0
422,No,No,789589968ed90e82a832dbc60e958c76b787be7e,No,No,default,Static,Static Function,sched_move_irqs(struct vcpu *),xen/common/schedule.c,0,5,0,6,5,0,5,1,2,0,0,0,2,1,2,2,0,0,2,1,1,1,1,0,0,0,0,0
422,No,No,789589968ed90e82a832dbc60e958c76b787be7e,No,No,default,none,Function,"sched_set_affinity(struct vcpu *,const cpumask_t *,const cpumask_t *)",xen/common/schedule.c,2,13,0,13,15,2,13,2,9,0,0,0,8,4,4,6,0,0,6,4,4,5,1,0,0,1,0,0
422,No,No,789589968ed90e82a832dbc60e958c76b787be7e,No,No,default,Static,Static Function,"sched_spin_lock_double(spinlock_t *,spinlock_t *,unsigned long *)",xen/common/schedule.c,0,18,0,5,18,0,18,2,8,0,0,0,2,3,5,7,0,0,7,3,3,3,1,2,0,1,0,0
422,No,No,789589968ed90e82a832dbc60e958c76b787be7e,No,No,default,Static,Static Function,"sched_spin_unlock_double(spinlock_t *,spinlock_t *,unsigned long)",xen/common/schedule.c,0,7,0,5,7,0,7,2,3,0,0,0,2,2,2,3,0,0,3,2,2,2,1,0,0,1,0,0
422,No,No,789589968ed90e82a832dbc60e958c76b787be7e,No,No,default,none,Function,sched_tick_resume(),xen/common/schedule.c,1,9,0,3,10,1,9,3,5,0,0,0,6,1,6,6,2,0,4,2,2,2,1,0,0,0,0,0
422,No,No,789589968ed90e82a832dbc60e958c76b787be7e,No,No,default,none,Function,sched_tick_suspend(),xen/common/schedule.c,1,9,0,3,10,1,9,3,5,0,0,0,6,1,6,6,2,0,4,2,2,2,1,0,0,0,0,0
422,No,No,789589968ed90e82a832dbc60e958c76b787be7e,No,No,default,Static,Static Function,schedule(),xen/common/schedule.c,25,77,9,14,110,25,77,10,65,9,0,0,27,170,49,60,9,0,51,17,14,17,5,5,4,2,4,0
422,No,No,789589968ed90e82a832dbc60e958c76b787be7e,No,No,default,none,Function,"schedule_cpu_switch(unsigned int,struct cpupool *)",xen/common/schedule.c,12,40,34,16,86,12,40,7,30,34,0,0,19,64,32,39,6,0,33,21,21,26,4,5,5,2,5,0
422,No,No,789589968ed90e82a832dbc60e958c76b787be7e,No,No,default,none,Function,schedule_dump(struct cpupool *),xen/common/schedule.c,3,24,1,8,28,3,24,4,12,1,0,0,5,4,11,13,3,0,10,5,5,5,1,1,0,1,0,0
422,No,No,789589968ed90e82a832dbc60e958c76b787be7e,No,No,default,Static,Static Function,schedule_tail(struct vcpu *),xen/arch/arm/domain.c,5,10,1,3,16,5,10,1,7,1,0,0,6,2,6,7,0,0,7,2,2,2,1,0,0,1,0,0
422,No,No,789589968ed90e82a832dbc60e958c76b787be7e,No,No,default,none,Function,"scheduler_alloc(unsigned int,int *)",xen/common/schedule.c,3,21,0,5,24,3,21,3,13,0,0,0,7,3,13,17,2,0,15,6,6,7,4,5,5,2,5,0
422,No,No,789589968ed90e82a832dbc60e958c76b787be7e,No,No,default,none,Function,scheduler_free(struct scheduler *),xen/common/schedule.c,0,6,0,3,6,0,6,1,3,0,0,0,5,2,4,5,0,0,5,4,4,4,1,0,0,2,0,0
422,No,No,789589968ed90e82a832dbc60e958c76b787be7e,No,No,default,none,Function,scheduler_get_default(),xen/common/schedule.c,0,4,0,1,4,0,4,1,1,0,0,0,1,1,1,1,0,0,1,1,1,1,1,0,0,0,0,0
422,No,No,789589968ed90e82a832dbc60e958c76b787be7e,No,No,default,Static,Static Function,scrub_continue(void *),xen/common/page_alloc.c,2,13,1,7,16,2,13,2,8,1,0,0,7,3,6,8,1,0,7,3,3,3,1,1,0,1,0,0
422,No,No,789589968ed90e82a832dbc60e958c76b787be7e,No,No,default,none,Function,scrub_free_pages(),xen/common/page_alloc.c,21,82,20,11,122,21,82,10,58,20,0,0,26,291,52,64,9,0,55,17,17,19,11,28,28,5,26,0
422,No,No,789589968ed90e82a832dbc60e958c76b787be7e,No,No,default,none,Function,scrub_one_page(struct page_info *),xen/common/page_alloc.c,1,11,2,5,14,1,7,1,4,1,3,3,4,2,2,3,0,0,3,2,2,2,1,1,0,1,0,0
422,No,No,789589968ed90e82a832dbc60e958c76b787be7e,No,No,default,Static,Static Function,second_table_offset_16K(paddr_t),xen/include/asm-arm/lpae.h,0,1,0,1,1,0,1,1,1,0,0,0,2,1,1,1,0,0,1,1,1,1,1,0,0,0,0,0
422,No,No,789589968ed90e82a832dbc60e958c76b787be7e,No,No,default,Static,Static Function,second_table_offset_4K(paddr_t),xen/include/asm-arm/lpae.h,0,1,0,1,1,0,1,1,1,0,0,0,2,1,1,1,0,0,1,1,1,1,1,0,0,0,0,0
422,No,No,789589968ed90e82a832dbc60e958c76b787be7e,No,No,default,Static,Static Function,second_table_offset_64K(paddr_t),xen/include/asm-arm/lpae.h,0,1,0,1,1,0,1,1,1,0,0,0,2,1,1,1,0,0,1,1,1,1,1,0,0,0,0,0
422,No,No,789589968ed90e82a832dbc60e958c76b787be7e,No,No,default,Static,Static Function,"select_user_reg(struct cpu_user_regs *,int)",xen/arch/arm/traps.c,2,56,16,5,67,1,6,1,3,5,53,5,5,4,5,7,0,0,7,5,5,5,1,0,0,2,0,0
422,No,No,789589968ed90e82a832dbc60e958c76b787be7e,No,No,default,Static,Static Function,"send_IPI_mask_x2apic_cluster(const cpumask_t *,int)",xen/arch/x86/genapic/x2apic.c,7,27,1,2,34,7,27,6,19,1,0,0,14,3,17,19,5,0,14,3,3,3,3,1,1,2,1,0
422,No,No,789589968ed90e82a832dbc60e958c76b787be7e,No,No,default,Static,Static Function,"send_IPI_mask_x2apic_phys(const cpumask_t *,int)",xen/arch/x86/genapic/x2apic.c,4,18,10,2,32,4,18,4,11,10,0,0,8,2,10,11,3,0,8,2,2,3,1,0,0,1,0,0
422,No,No,789589968ed90e82a832dbc60e958c76b787be7e,No,No,default,Static,Static Function,send_IPI_self_x2apic(uint8_t),xen/arch/x86/genapic/x2apic.c,0,4,0,1,4,0,4,1,1,0,0,0,1,1,1,1,0,0,1,1,1,1,1,0,0,0,0,0
422,No,No,789589968ed90e82a832dbc60e958c76b787be7e,No,No,default,Static,Static Function,send_cleanup_vector(struct irq_desc *),xen/arch/x86/irq.c,2,8,0,4,10,2,8,2,4,0,0,0,7,1,5,5,1,0,4,1,1,1,1,0,0,0,0,0
422,No,No,789589968ed90e82a832dbc60e958c76b787be7e,No,No,default,none,Function,send_global_virq(uint32_t),xen/common/event_channel.c,1,5,0,9,6,1,5,1,2,0,0,0,4,2,3,4,0,0,4,4,4,4,1,0,0,2,0,0
422,No,No,789589968ed90e82a832dbc60e958c76b787be7e,No,No,default,none,Function,"send_guest_global_virq(struct domain *,uint32_t)",xen/common/event_channel.c,7,21,0,8,28,7,21,5,13,0,0,0,7,8,15,19,4,0,15,6,6,7,3,3,2,2,2,0
422,No,No,789589968ed90e82a832dbc60e958c76b787be7e,No,No,default,none,Function,"send_guest_pirq(struct domain *,const struct pirq *)",xen/common/event_channel.c,2,12,6,5,20,2,12,3,5,6,0,0,5,3,7,9,2,0,7,4,4,5,1,1,0,3,0,0
422,No,No,789589968ed90e82a832dbc60e958c76b787be7e,No,No,default,none,Function,"send_guest_vcpu_virq(struct vcpu *,uint32_t)",xen/common/event_channel.c,5,15,0,8,20,5,15,4,8,0,0,0,7,4,11,13,3,0,10,4,4,4,1,1,0,2,0,0
422,No,No,789589968ed90e82a832dbc60e958c76b787be7e,No,No,default,none,Function,send_timer_event(struct vcpu *),xen/arch/x86/time.c,0,4,0,3,4,0,4,1,1,0,0,0,1,1,1,1,0,0,1,1,1,1,1,0,0,0,0,0
422,No,No,789589968ed90e82a832dbc60e958c76b787be7e,No,No,default,Static,Static Function,"sendv(struct domain *,xen_argo_addr_t *,const xen_argo_addr_t *,xen_argo_iov_t *,unsigned int,uint32_t)",xen/common/argo.c,22,77,3,16,102,22,77,9,56,3,0,0,20,153,38,51,5,0,46,15,15,16,7,7,6,2,6,0
422,No,No,789589968ed90e82a832dbc60e958c76b787be7e,No,No,default,Static,Static Function,sercon_puts(const char *),xen/drivers/char/console.c,1,8,1,6,10,1,8,1,5,1,0,0,3,2,3,4,0,0,4,2,2,2,1,1,0,1,0,0
422,No,No,789589968ed90e82a832dbc60e958c76b787be7e,No,No,default,none,Function,serial_end_log_everything(int),xen/drivers/char/serial.c,3,11,0,4,14,3,11,3,6,0,0,0,3,2,7,8,2,0,6,2,2,2,1,1,0,1,0,0
422,No,No,789589968ed90e82a832dbc60e958c76b787be7e,No,No,default,none,Function,serial_end_sync(int),xen/drivers/char/serial.c,5,11,0,4,16,5,11,3,6,0,0,0,3,2,7,8,2,0,6,2,2,2,1,1,0,1,0,0
422,No,No,789589968ed90e82a832dbc60e958c76b787be7e,No,No,default,none,Function,serial_force_unlock(int),xen/drivers/char/serial.c,4,10,0,5,14,4,10,2,6,0,0,0,2,2,6,7,1,0,6,2,2,2,1,1,0,1,0,0
422,No,No,789589968ed90e82a832dbc60e958c76b787be7e,No,No,default,none,Function,serial_getc(int),xen/drivers/char/serial.c,8,33,0,8,41,8,33,4,21,0,0,0,7,7,19,24,3,3,18,7,7,11,7,6,6,3,6,0
422,No,No,789589968ed90e82a832dbc60e958c76b787be7e,No,No,default,none,Function,"serial_putc(int,char)",xen/drivers/char/serial.c,8,21,0,7,29,8,21,3,16,0,0,0,4,14,12,18,2,0,16,8,8,10,3,3,2,1,2,0
422,No,No,789589968ed90e82a832dbc60e958c76b787be7e,No,No,default,none,Function,"serial_puts(int,const char *)",xen/drivers/char/serial.c,8,25,0,8,33,8,25,4,17,0,0,0,4,16,13,20,3,0,17,9,9,11,3,3,2,2,2,0
422,No,No,789589968ed90e82a832dbc60e958c76b787be7e,No,No,default,none,Function,serial_resume(),xen/drivers/char/serial.c,0,7,0,5,7,0,7,2,3,0,0,0,2,3,4,6,1,0,5,3,3,4,1,0,0,2,0,0
422,No,No,789589968ed90e82a832dbc60e958c76b787be7e,No,No,default,Static,Static Function,"serial_rx(char,struct cpu_user_regs *)",xen/drivers/char/console.c,3,16,2,3,21,3,16,2,9,2,0,0,2,4,8,11,1,1,9,4,4,5,1,1,0,2,0,0
422,No,No,789589968ed90e82a832dbc60e958c76b787be7e,No,No,default,none,Function,"serial_rx_interrupt(struct serial_port *,struct cpu_user_regs *)",xen/drivers/char/serial.c,4,21,0,12,25,4,21,4,14,0,0,0,6,12,10,16,3,0,13,7,7,9,1,3,0,2,0,0
422,No,No,789589968ed90e82a832dbc60e958c76b787be7e,No,No,default,none,Function,serial_start_log_everything(int),xen/drivers/char/serial.c,3,12,0,4,15,3,12,3,7,0,0,0,4,2,8,9,2,0,7,2,2,2,1,1,0,1,0,0
422,No,No,789589968ed90e82a832dbc60e958c76b787be7e,No,No,default,none,Function,serial_start_sync(int),xen/drivers/char/serial.c,6,26,2,12,34,6,26,4,16,2,0,0,9,12,12,18,3,0,15,7,7,7,5,3,3,3,3,0
422,No,No,789589968ed90e82a832dbc60e958c76b787be7e,No,No,default,Static,Static Function,serial_start_tx(struct serial_port *),xen/drivers/char/serial.c,0,5,0,6,5,0,5,1,2,0,0,0,2,2,1,2,0,0,2,2,2,2,1,0,0,1,0,0
422,No,No,789589968ed90e82a832dbc60e958c76b787be7e,No,No,default,Static,Static Function,serial_stop_tx(struct serial_port *),xen/drivers/char/serial.c,0,5,0,4,5,0,5,1,2,0,0,0,2,2,1,2,0,0,2,2,2,2,1,0,0,1,0,0
422,No,No,789589968ed90e82a832dbc60e958c76b787be7e,No,No,default,none,Function,serial_suspend(),xen/drivers/char/serial.c,0,7,0,5,7,0,7,2,3,0,0,0,2,3,4,6,1,0,5,3,3,4,1,0,0,2,0,0
422,No,No,789589968ed90e82a832dbc60e958c76b787be7e,No,No,default,none,Function,"serial_tx_interrupt(struct serial_port *,struct cpu_user_regs *)",xen/drivers/char/serial.c,5,35,6,11,46,5,35,3,21,6,0,0,11,54,16,23,2,0,21,8,8,9,6,6,6,2,6,0
422,No,No,789589968ed90e82a832dbc60e958c76b787be7e,No,No,default,none,Function,serial_vuart_info(int),xen/drivers/char/serial.c,1,7,0,4,8,1,7,1,4,0,0,0,3,2,2,3,0,0,3,2,2,5,1,1,0,1,0,0
422,No,No,789589968ed90e82a832dbc60e958c76b787be7e,No,No,default,Static,Static Function,set_cpu_sibling_map(unsigned int),xen/arch/x86/smpboot.c,5,59,11,10,75,5,59,3,39,11,0,0,10,88,18,30,2,0,28,13,13,17,3,4,0,3,0,0
422,No,No,789589968ed90e82a832dbc60e958c76b787be7e,No,No,default,Static,Static Function,set_cpuid_faulting(bool),xen/arch/x86/cpu/common.c,3,10,0,2,13,3,10,3,7,0,0,0,2,2,6,7,2,0,5,2,2,2,1,1,0,1,0,0
422,No,No,789589968ed90e82a832dbc60e958c76b787be7e,No,No,default,none,Function,"set_desc_affinity(struct irq_desc *,const cpumask_t *)",xen/arch/x86/irq.c,6,18,0,8,24,6,18,5,11,0,0,0,8,3,13,15,4,0,11,3,3,3,3,2,2,1,2,0
422,No,No,789589968ed90e82a832dbc60e958c76b787be7e,No,No,default,none,Function,"set_direct_apic_vector(uint8_t,void (*) ())",xen/arch/x86/irq.c,0,6,0,4,6,0,6,2,2,0,0,0,2,1,2,2,0,0,2,1,1,1,1,0,0,0,0,0
422,No,No,789589968ed90e82a832dbc60e958c76b787be7e,No,No,default,Static,Static Function,set_disk_colo_restore(libxl_domain_config *),tools/libxl/libxl_create.c,1,6,0,5,7,1,6,2,2,0,0,0,1,2,4,5,1,0,4,2,2,2,1,0,0,1,0,0
422,No,No,789589968ed90e82a832dbc60e958c76b787be7e,No,No,default,Static,Static Function,"set_domain_irq_pirq(struct domain *,int,struct pirq *)",xen/arch/x86/irq.c,0,7,0,8,7,0,7,1,4,0,0,0,6,1,2,2,0,0,2,1,1,1,1,0,0,0,0,0
422,No,No,789589968ed90e82a832dbc60e958c76b787be7e,No,No,default,Static,Static Function,set_eoi_ready(void *),xen/arch/x86/irq.c,3,9,0,2,12,3,9,2,6,0,0,0,6,1,6,6,1,0,5,1,1,1,1,0,0,0,0,0
422,No,No,789589968ed90e82a832dbc60e958c76b787be7e,No,No,default,Static,Static Function,"set_field_in_reg_u32(u32,u32,u32,u32,u32 *)",xen/include/asm-x86/hvm/svm/amd-iommu-proto.h,0,9,0,11,9,0,9,2,5,0,0,0,2,2,4,5,0,0,5,2,2,2,1,0,0,1,0,0
422,No,No,789589968ed90e82a832dbc60e958c76b787be7e,No,No,default,none,Function,"set_fixmap(unsigned,mfn_t,unsigned int)",xen/arch/arm/mm.c,0,8,1,5,8,0,8,2,5,1,0,0,9,1,5,5,1,0,4,1,1,1,1,0,0,0,0,0
422,No,No,789589968ed90e82a832dbc60e958c76b787be7e,No,No,default,none,Function,"set_foreign_p2m_entry(struct domain *,unsigned long,mfn_t)",xen/arch/x86/mm/p2m.c,0,5,0,6,5,0,5,1,2,0,0,0,3,1,1,1,0,0,1,1,1,1,1,0,0,0,0,0
422,No,No,789589968ed90e82a832dbc60e958c76b787be7e,No,No,default,Static,Static Function,"set_foreign_p2m_entry(struct domain *,unsigned long,mfn_t)",xen/include/asm-arm/p2m.h,0,5,4,0,9,0,5,2,1,4,0,0,1,1,1,1,0,0,1,1,1,1,1,0,0,0,0,0
422,No,No,789589968ed90e82a832dbc60e958c76b787be7e,No,No,default,none,Function,"set_global_virq_handler(struct domain *,uint32_t)",xen/common/event_channel.c,6,19,0,4,25,6,19,2,15,0,0,0,9,7,11,17,1,0,16,7,7,7,5,4,4,2,4,0
422,No,No,789589968ed90e82a832dbc60e958c76b787be7e,No,No,default,Static,Static Function,"set_hpet_source_id(unsigned int,struct iremap_entry *)",xen/drivers/passthrough/vtd/intremap.c,0,4,5,3,9,0,4,1,1,5,0,0,2,1,1,1,0,0,1,1,1,1,1,0,0,0,0,1
422,No,No,789589968ed90e82a832dbc60e958c76b787be7e,No,No,default,none,Function,"set_identity_p2m_entry(struct domain *,unsigned long,p2m_access_t,unsigned int)",xen/arch/x86/mm/p2m.c,5,37,0,7,42,5,37,8,25,0,0,0,13,6,17,22,6,0,16,6,6,9,3,6,3,2,3,0
422,No,No,789589968ed90e82a832dbc60e958c76b787be7e,No,No,default,Static,Static Function,"set_ioapic_source_id(int,struct iremap_entry *)",xen/drivers/passthrough/vtd/intremap.c,0,5,0,3,5,0,5,1,2,0,0,0,2,1,1,1,0,0,1,1,1,1,1,0,0,0,0,0
422,No,No,789589968ed90e82a832dbc60e958c76b787be7e,No,No,default,Static,Static Function,"set_iommu_command_buffer_control(struct amd_iommu *,int)",xen/drivers/passthrough/amd/iommu_init.c,4,15,1,5,20,4,15,3,8,1,0,0,5,2,7,8,1,0,7,2,2,2,1,1,0,1,0,0
422,No,No,789589968ed90e82a832dbc60e958c76b787be7e,No,No,default,Static,Static Function,"set_iommu_event_log_control(struct amd_iommu *,int)",xen/drivers/passthrough/amd/iommu_init.c,5,20,1,5,26,5,20,3,11,1,0,0,5,2,10,11,1,0,10,2,2,2,1,1,0,1,0,0
422,No,No,789589968ed90e82a832dbc60e958c76b787be7e,No,No,default,Static,Static Function,"set_iommu_guest_translation_control(struct amd_iommu *,int)",xen/drivers/passthrough/amd/iommu_init.c,4,12,0,5,16,4,12,3,7,0,0,0,5,2,5,6,1,0,5,3,3,3,1,0,0,1,0,0
422,No,No,789589968ed90e82a832dbc60e958c76b787be7e,No,No,default,Static,Static Function,set_iommu_ht_flags(struct amd_iommu *),xen/drivers/passthrough/amd/iommu_init.c,6,20,2,3,28,6,20,2,16,2,0,0,6,2,8,9,1,0,8,6,6,6,1,0,0,1,0,0
422,No,No,789589968ed90e82a832dbc60e958c76b787be7e,No,No,default,Static,Static Function,set_iommu_interrupt_handler(struct amd_iommu *),xen/drivers/passthrough/amd/iommu_init.c,4,47,0,10,51,4,47,4,33,0,0,0,24,10,24,29,3,0,26,6,6,6,4,4,3,1,3,0
422,No,No,789589968ed90e82a832dbc60e958c76b787be7e,No,No,default,Static,Static Function,"set_iommu_pde_present(uint32_t *,unsigned long,unsigned int,bool,bool)",xen/drivers/passthrough/amd/iommu_map.c,10,65,5,8,80,10,65,11,51,5,0,0,5,6,28,31,7,0,24,4,4,7,1,0,0,2,0,0
422,No,No,789589968ed90e82a832dbc60e958c76b787be7e,No,No,default,Static,Static Function,"set_iommu_ppr_log_control(struct amd_iommu *,int)",xen/drivers/passthrough/amd/iommu_init.c,4,23,1,5,28,4,23,3,14,1,0,0,6,4,12,14,1,0,13,3,3,3,1,1,0,1,0,0
422,No,No,789589968ed90e82a832dbc60e958c76b787be7e,No,No,default,Static,Static Function,"set_iommu_pte_present(unsigned long,unsigned long,unsigned long,int,bool,bool)",xen/drivers/passthrough/amd/iommu_map.c,4,15,0,8,19,4,15,8,5,0,0,0,6,1,8,8,3,0,5,1,1,1,1,0,0,0,0,0
422,No,No,789589968ed90e82a832dbc60e958c76b787be7e,No,No,default,Static,Static Function,"set_iommu_translation_control(struct amd_iommu *,int)",xen/drivers/passthrough/amd/iommu_init.c,3,10,0,5,13,3,10,3,5,0,0,0,4,1,4,4,1,0,3,2,2,2,1,0,0,0,0,0
422,No,No,789589968ed90e82a832dbc60e958c76b787be7e,No,No,default,Static,Static Function,"set_ioreq_server(struct domain *,unsigned int,struct hvm_ioreq_server *)",xen/arch/x86/hvm/ioreq.c,1,7,0,10,8,1,7,2,3,0,0,0,6,4,5,7,0,0,7,5,5,6,1,0,0,2,0,0
422,No,No,789589968ed90e82a832dbc60e958c76b787be7e,No,No,default,Static,Static Function,"set_ire_sid(struct iremap_entry *,unsigned int,unsigned int,unsigned int)",xen/drivers/passthrough/vtd/intremap.c,0,7,0,6,7,0,7,2,3,0,0,0,5,1,3,3,0,0,3,1,1,1,1,0,0,0,0,0
422,No,No,789589968ed90e82a832dbc60e958c76b787be7e,No,No,default,Static,Static Function,"set_mem_access(struct domain *,struct p2m_domain *,struct p2m_domain *,p2m_access_t,gfn_t)",xen/arch/x86/mm/mem_access.c,3,25,1,6,29,3,15,7,5,0,8,3,4,1,8,8,4,0,4,1,1,1,1,0,0,0,0,0
422,No,No,789589968ed90e82a832dbc60e958c76b787be7e,No,No,default,none,Function,"set_mmio_p2m_entry(struct domain *,unsigned long,mfn_t,unsigned int,p2m_access_t)",xen/arch/x86/mm/p2m.c,1,9,0,7,10,1,9,2,5,0,0,0,4,2,2,3,0,0,3,2,2,3,1,1,0,1,0,0
422,No,No,789589968ed90e82a832dbc60e958c76b787be7e,No,No,default,none,Function,"set_msi_affinity(struct irq_desc *,const cpumask_t *)",xen/arch/x86/msi.c,5,19,0,6,24,5,19,4,14,0,0,0,12,5,15,18,3,0,15,5,5,6,3,2,2,2,2,0
422,No,No,789589968ed90e82a832dbc60e958c76b787be7e,No,No,default,Static,Static Function,"set_msi_source_id(struct pci_dev *,struct iremap_entry *)",xen/drivers/passthrough/vtd/intremap.c,5,58,2,10,63,5,58,5,43,2,0,0,4,14,26,42,4,0,38,15,7,16,5,13,4,3,4,0
422,No,No,789589968ed90e82a832dbc60e958c76b787be7e,No,No,default,Static,Static Function,"set_next_shadow(struct page_info *,struct page_info *)",xen/arch/x86/mm/shadow/common.c,0,5,0,5,5,0,5,2,1,0,0,0,4,1,1,1,0,0,1,2,2,2,1,0,0,0,0,0
422,No,No,789589968ed90e82a832dbc60e958c76b787be7e,No,No,default,none,Function,set_nmi_callback(nmi_callback_t *),xen/arch/x86/traps.c,2,6,0,3,8,2,6,2,3,0,0,0,2,1,3,3,1,0,2,1,1,1,1,0,0,0,0,0
422,No,No,789589968ed90e82a832dbc60e958c76b787be7e,No,No,default,Static,Static Function,"set_pirq_eoi(struct domain *,unsigned int)",xen/arch/x86/irq.c,0,8,0,5,8,0,8,1,3,0,0,0,3,2,2,3,0,0,3,2,2,2,1,0,0,1,0,0
422,No,No,789589968ed90e82a832dbc60e958c76b787be7e,No,No,default,Static,Static Function,"set_pte_flags_on_range(const char *,unsigned long,enum mg)",xen/arch/arm/mm.c,3,40,1,5,44,3,40,3,31,1,0,0,9,6,27,33,2,0,31,6,3,7,1,6,0,2,0,0
422,No,No,789589968ed90e82a832dbc60e958c76b787be7e,No,No,default,none,Function,"set_px_pminfo(uint32_t,struct xen_processor_performance *)",xen/drivers/cpufreq/cpufreq.c,17,108,3,20,128,17,108,7,72,3,0,0,20,51000,42,61,3,0,58,20,20,23,15,16,16,2,16,0
422,No,No,789589968ed90e82a832dbc60e958c76b787be7e,No,No,default,Static,Static Function,"set_shadow_control(struct vcpu *,unsigned int,u32)",xen/arch/x86/hvm/vmx/vvmx.c,0,6,0,4,6,0,6,3,1,0,0,0,2,1,1,1,0,0,1,1,1,1,1,0,0,0,0,0
422,No,No,789589968ed90e82a832dbc60e958c76b787be7e,No,No,default,none,Function,"set_shared_p2m_entry(struct domain *,unsigned long,mfn_t)",xen/arch/x86/mm/p2m.c,3,29,4,10,36,3,29,8,22,4,0,0,18,5,19,22,7,0,15,4,4,5,1,1,0,1,0,0
422,No,No,789589968ed90e82a832dbc60e958c76b787be7e,No,No,default,Static,Static Function,set_svi(int),xen/arch/x86/hvm/vmx/vmx.c,3,16,0,3,19,3,16,3,9,0,0,0,3,4,9,11,2,0,9,3,3,3,1,0,0,1,0,0
422,No,No,789589968ed90e82a832dbc60e958c76b787be7e,No,No,default,none,Function,"set_time_scale(struct time_scale *,u64)",xen/arch/x86/time.c,4,20,0,3,24,4,20,4,12,0,0,0,7,8,12,15,3,0,12,5,5,5,1,0,0,2,0,0
422,No,No,789589968ed90e82a832dbc60e958c76b787be7e,No,No,default,Static,Static Function,set_tlbflush_timestamp(struct page_info *),xen/arch/x86/mm.c,0,6,7,4,13,0,6,1,3,7,0,0,4,2,1,2,0,0,2,2,2,3,1,0,0,1,0,1
422,No,No,789589968ed90e82a832dbc60e958c76b787be7e,No,No,default,Static,Static Function,"set_typed_p2m_entry(struct domain *,unsigned long,mfn_t,unsigned int,p2m_type_t,p2m_access_t)",xen/arch/x86/mm/p2m.c,5,52,0,8,57,5,43,11,26,0,7,2,20,9,27,33,8,0,25,8,8,9,4,3,3,2,3,0
422,No,No,789589968ed90e82a832dbc60e958c76b787be7e,No,No,default,none,Function,"set_user_reg(struct cpu_user_regs *,int,register_t)",xen/arch/arm/traps.c,1,6,0,14,7,1,6,1,3,0,0,0,2,2,2,3,0,0,3,2,2,2,1,1,0,1,0,0
422,No,No,789589968ed90e82a832dbc60e958c76b787be7e,No,No,default,Static,Static Function,set_vcpu_id(),xen/arch/x86/guest/xen.c,2,10,1,2,13,2,10,2,6,1,0,0,4,2,5,6,1,0,5,2,2,2,1,1,0,1,0,0
422,No,No,789589968ed90e82a832dbc60e958c76b787be7e,No,No,default,Static,Static Function,"set_vnuma_affinity(libxl__gc *,uint32_t,libxl_domain_build_info *)",tools/libxl/libxl_dom.c,6,32,4,9,42,6,32,6,19,4,0,0,9,18,21,27,4,0,23,7,7,7,7,8,8,4,8,0
422,No,No,789589968ed90e82a832dbc60e958c76b787be7e,No,No,default,Static,Static Function,"set_vnuma_info(libxl__gc *,uint32_t,const libxl_domain_build_info *,const libxl__domain_build_state *)",tools/libxl/libxl_dom.c,8,33,3,17,44,8,33,8,24,3,0,0,10,14,22,27,5,1,21,7,7,7,1,1,0,3,0,0
422,No,No,789589968ed90e82a832dbc60e958c76b787be7e,No,No,default,Static,Static Function,"set_vvmcs_launched(struct list_head *,unsigned long)",xen/arch/x86/hvm/vmx/vvmx.c,4,13,0,4,17,4,13,3,8,0,0,0,5,3,7,9,1,0,8,3,3,3,3,2,2,1,2,0
422,No,No,789589968ed90e82a832dbc60e958c76b787be7e,No,No,default,none,Function,"set_vvmcs_real(const struct vcpu *,u32,u64)",xen/arch/x86/hvm/vmx/vvmx.c,0,4,0,3,4,0,4,1,1,0,0,0,1,1,1,1,0,0,1,1,1,1,1,0,0,0,0,0
422,No,No,789589968ed90e82a832dbc60e958c76b787be7e,No,No,default,none,Function,"set_vvmcs_real_safe(const struct vcpu *,u32,u64)",xen/arch/x86/hvm/vmx/vvmx.c,0,5,0,3,5,0,5,2,1,0,0,0,2,1,1,1,0,0,1,1,1,1,1,0,0,0,0,0
422,No,No,789589968ed90e82a832dbc60e958c76b787be7e,No,No,default,none,Function,"set_vvmcs_virtual(void *,u32,u64)",xen/arch/x86/hvm/vmx/vvmx.c,3,32,0,8,35,3,32,5,23,0,0,0,2,5,18,24,4,0,20,6,3,6,1,7,0,2,0,0
422,No,No,789589968ed90e82a832dbc60e958c76b787be7e,No,No,default,none,Function,"set_vvmcs_virtual_safe(void *,u32,u64)",xen/arch/x86/hvm/vmx/vvmx.c,1,5,6,3,12,1,5,1,2,6,0,0,2,1,2,2,0,0,2,1,1,1,1,0,0,0,0,1
422,No,No,789589968ed90e82a832dbc60e958c76b787be7e,No,No,default,Static,Static Function,set_x2apic_id(struct vlapic *),xen/arch/x86/hvm/vlapic.c,1,7,0,4,8,1,7,3,4,0,0,0,2,1,4,4,2,0,2,1,1,1,1,0,0,0,0,0
422,No,No,789589968ed90e82a832dbc60e958c76b787be7e,No,No,default,Static,Static Function,"setnonblock(int,int)",tools/xenstore/xs.c,3,12,0,3,15,3,12,2,10,0,0,0,2,5,6,9,1,0,8,4,4,4,3,3,2,1,2,0
422,No,No,789589968ed90e82a832dbc60e958c76b787be7e,No,No,default,Static,Static Function,setup_APIC_timer(),xen/arch/x86/apic.c,0,7,0,1,7,0,7,2,3,0,0,0,3,1,4,4,1,0,3,1,1,1,1,0,0,0,0,0
422,No,No,789589968ed90e82a832dbc60e958c76b787be7e,No,No,default,none,Function,setup_compat_arg_xlat(struct vcpu *),xen/arch/x86/x86_64/mm.c,0,6,0,2,6,0,6,1,3,0,0,0,5,1,1,1,0,0,1,1,1,1,1,0,0,0,0,0
422,No,No,789589968ed90e82a832dbc60e958c76b787be7e,No,No,default,Static,Static Function,setup_compat_m2p_table(struct mem_hotadd_info *),xen/arch/x86/x86_64/mm.c,13,51,6,4,70,13,46,8,39,6,0,5,17,101,32,41,7,0,34,11,11,11,8,7,7,3,7,0
422,No,No,789589968ed90e82a832dbc60e958c76b787be7e,No,No,default,Static,Static Function,setup_cpu_root_pgt(unsigned int),xen/arch/x86/smpboot.c,12,36,4,7,52,12,36,5,27,4,0,0,12,76,23,33,4,0,29,11,11,14,5,4,4,2,4,0
422,No,No,789589968ed90e82a832dbc60e958c76b787be7e,No,No,default,none,Function,setup_ept_dump(),xen/arch/x86/mm/p2m-ept.c,0,4,0,0,4,0,4,1,1,0,0,0,1,1,1,1,0,0,1,1,1,1,1,0,0,0,0,0
422,No,No,789589968ed90e82a832dbc60e958c76b787be7e,No,No,default,Static,Static Function,"setup_frametable_chunk(void *,void *,struct mem_hotadd_info *)",xen/arch/x86/x86_64/mm.c,3,20,0,4,23,3,20,6,12,0,0,0,6,12,15,19,4,1,14,7,7,7,3,3,3,2,3,0
422,No,No,789589968ed90e82a832dbc60e958c76b787be7e,No,No,default,none,Function,"setup_irq(unsigned int,unsigned int,struct irqaction *)",xen/arch/arm/irq.c,9,30,8,9,47,9,30,6,18,8,0,0,13,5,18,21,5,0,16,4,4,4,1,2,0,1,0,0
422,No,No,789589968ed90e82a832dbc60e958c76b787be7e,No,No,default,none,Function,setup_local_APIC(),xen/arch/x86/apic.c,15,75,80,2,168,15,71,3,59,79,3,3,13,2304,44,57,2,0,55,14,14,17,1,3,0,3,0,1
422,No,No,789589968ed90e82a832dbc60e958c76b787be7e,No,No,default,Static,Static Function,setup_m2p_table(struct mem_hotadd_info *),xen/arch/x86/x86_64/mm.c,13,83,3,4,98,13,78,8,60,3,0,5,24,470,41,54,7,0,47,15,14,15,8,15,14,4,12,0
422,No,No,789589968ed90e82a832dbc60e958c76b787be7e,No,No,default,none,Function,"setup_msi_irq(struct irq_desc *,struct msi_desc *)",xen/arch/x86/msi.c,4,24,0,12,28,4,24,5,18,0,0,0,6,6,9,12,4,0,8,5,5,5,1,0,0,2,0,0
422,No,No,789589968ed90e82a832dbc60e958c76b787be7e,No,No,default,none,Function,setup_secondary_APIC_clock(),xen/arch/x86/apic.c,0,4,0,1,4,0,4,1,1,0,0,0,1,1,1,1,0,0,1,1,1,1,1,0,0,0,0,0
422,No,No,789589968ed90e82a832dbc60e958c76b787be7e,No,No,default,none,Function,setup_vector_irq(unsigned int),xen/arch/x86/irq.c,2,19,2,5,23,2,19,3,13,2,0,0,6,14,12,17,2,0,15,6,6,7,5,4,4,2,4,0
422,No,No,789589968ed90e82a832dbc60e958c76b787be7e,No,No,default,Static,Static Function,setup_virt_paging_one(void *),xen/arch/arm/p2m.c,2,11,8,3,21,2,11,1,6,8,0,0,8,2,5,6,0,0,6,2,2,2,1,0,0,1,0,0
422,No,No,789589968ed90e82a832dbc60e958c76b787be7e,No,No,default,Static,Static Function,sh_check_page_has_no_refs(struct page_info *),xen/arch/x86/mm/shadow/private.h,0,6,0,3,6,0,6,2,3,0,0,0,2,1,2,2,1,0,1,2,2,2,1,0,0,0,0,0
422,No,No,789589968ed90e82a832dbc60e958c76b787be7e,No,No,default,Static,Static Function,sh_clean_dirty_bitmap(struct domain *),xen/arch/x86/mm/shadow/common.c,0,6,3,4,9,0,6,1,3,3,0,0,3,1,3,3,0,0,3,1,1,1,1,0,0,0,0,0
422,No,No,789589968ed90e82a832dbc60e958c76b787be7e,No,No,default,Static,Static Function,"sh_clear_up_pointer(struct vcpu *,mfn_t,mfn_t)",xen/arch/x86/mm/shadow/common.c,0,5,0,1,5,0,5,1,2,0,0,0,3,1,2,2,0,0,2,1,1,1,1,0,0,0,0,0
422,No,No,789589968ed90e82a832dbc60e958c76b787be7e,No,No,default,none,Function,"sh_destroy_shadow(struct domain *,mfn_t)",xen/arch/x86/mm/shadow/common.c,7,48,5,8,60,7,48,3,43,5,0,0,17,10,23,37,2,0,35,14,2,20,10,41,41,1,41,0
422,No,No,789589968ed90e82a832dbc60e958c76b787be7e,No,No,default,Static,Static Function,sh_disable_log_dirty(struct domain *),xen/arch/x86/mm/shadow/common.c,2,8,0,4,10,2,8,2,4,0,0,0,4,1,5,5,1,0,4,1,1,1,1,0,0,0,0,0
422,No,No,789589968ed90e82a832dbc60e958c76b787be7e,No,No,default,Static,Static Function,"sh_enable_log_dirty(struct domain *,bool)",xen/arch/x86/mm/shadow/common.c,4,16,6,4,26,4,14,2,8,6,0,2,12,4,7,9,1,0,8,3,3,3,1,0,0,1,0,0
422,No,No,789589968ed90e82a832dbc60e958c76b787be7e,No,No,default,Static,Static Function,"sh_get_ref(struct domain *,mfn_t,paddr_t)",xen/arch/x86/mm/shadow/private.h,6,21,2,10,29,6,21,3,15,2,0,0,11,3,11,13,2,0,11,3,3,5,1,1,0,1,0,0
422,No,No,789589968ed90e82a832dbc60e958c76b787be7e,No,No,default,Static,Static Function,"sh_hash(unsigned long,unsigned int)",xen/arch/x86/mm/shadow/common.c,0,8,0,6,8,0,8,4,4,0,0,0,1,2,7,8,3,0,5,2,2,2,1,0,0,1,0,0
422,No,No,789589968ed90e82a832dbc60e958c76b787be7e,No,No,default,Static,Static Function,sh_hash_audit(struct domain *),xen/arch/x86/mm/shadow/common.c,2,10,1,5,13,2,10,2,4,1,0,0,1,3,5,7,1,0,6,3,3,4,1,1,0,1,0,0
422,No,No,789589968ed90e82a832dbc60e958c76b787be7e,No,No,default,Static,Static Function,"sh_hash_audit_bucket(struct domain *,int)",xen/arch/x86/mm/shadow/common.c,2,57,11,21,69,2,55,3,39,11,0,2,12,14,18,26,2,0,24,9,9,17,1,2,0,5,0,0
422,No,No,789589968ed90e82a832dbc60e958c76b787be7e,No,No,default,Static,Static Function,sh_mfn_is_a_page_table(mfn_t),xen/arch/x86/mm/shadow/private.h,3,15,0,6,18,3,15,5,9,0,0,0,5,3,8,10,3,0,7,3,3,6,3,2,2,1,2,0
422,No,No,789589968ed90e82a832dbc60e958c76b787be7e,No,No,default,Static,Static Function,sh_min_allocation(const struct domain *),xen/arch/x86/mm/shadow/common.c,0,7,5,4,12,0,7,1,4,5,0,0,4,1,1,1,0,0,1,2,2,2,1,0,0,0,0,0
422,No,No,789589968ed90e82a832dbc60e958c76b787be7e,No,No,default,Static,Static Function,"sh_new_mode(struct domain *,u32)",xen/arch/x86/mm/shadow/common.c,3,11,7,11,21,3,11,2,7,7,0,0,8,4,8,10,1,0,9,4,4,4,1,0,0,1,0,0
422,No,No,789589968ed90e82a832dbc60e958c76b787be7e,No,No,default,Static,Static Function,sh_oos_audit(struct domain *),xen/arch/x86/mm/shadow/common.c,2,43,0,10,45,2,43,5,25,0,0,0,5,34,20,27,4,0,23,9,9,10,4,1,1,3,1,0
422,No,No,789589968ed90e82a832dbc60e958c76b787be7e,No,No,default,Static,Static Function,sh_page_has_multiple_shadows(struct page_info *),xen/arch/x86/mm/shadow/private.h,0,8,1,5,9,0,8,2,4,1,0,0,2,2,4,5,1,0,4,2,2,2,1,1,0,1,0,0
422,No,No,789589968ed90e82a832dbc60e958c76b787be7e,No,No,default,Static,Static Function,"sh_pin(struct domain *,mfn_t)",xen/arch/x86/mm/shadow/private.h,6,36,4,11,46,6,36,5,23,4,0,0,14,15,26,32,4,0,28,7,7,8,4,4,4,2,4,0
422,No,No,789589968ed90e82a832dbc60e958c76b787be7e,No,No,default,Static,Static Function,"sh_put_ref(struct domain *,mfn_t,paddr_t)",xen/arch/x86/mm/shadow/private.h,6,23,2,11,31,6,23,3,17,2,0,0,14,8,12,15,2,0,13,4,4,6,1,0,0,1,0,0
422,No,No,789589968ed90e82a832dbc60e958c76b787be7e,No,No,default,Static,Static Function,"sh_remove_all_mappings(struct domain *,mfn_t,gfn_t)",xen/arch/x86/mm/shadow/common.c,9,52,33,12,78,9,52,28,47,33,0,0,14,4,11,14,3,0,11,4,4,9,1,1,0,2,0,0
422,No,No,789589968ed90e82a832dbc60e958c76b787be7e,No,No,default,Static,Static Function,"sh_remove_all_shadows_and_parents(struct domain *,mfn_t)",xen/arch/x86/mm/shadow/common.c,0,5,10,3,15,0,5,2,1,10,0,0,1,1,1,1,0,0,1,1,1,1,1,0,0,0,0,2
422,No,No,789589968ed90e82a832dbc60e958c76b787be7e,No,No,default,Static,Static Function,"sh_remove_shadow_via_pointer(struct domain *,mfn_t)",xen/arch/x86/mm/shadow/common.c,6,42,5,8,52,6,42,5,34,5,0,0,15,9,24,37,4,0,33,14,5,14,1,8,0,1,0,0
422,No,No,789589968ed90e82a832dbc60e958c76b787be7e,No,No,default,none,Function,"sh_remove_shadows(struct domain *,mfn_t,int,int)",xen/arch/x86/mm/shadow/common.c,13,93,54,13,128,13,70,40,61,54,0,23,18,999999999,108,160,5,0,155,64,64,97,32,51,41,2,41,0
422,No,No,789589968ed90e82a832dbc60e958c76b787be7e,No,No,default,none,Function,"sh_remove_write_access(struct domain *,mfn_t,unsigned int,unsigned long)",xen/arch/x86/mm/shadow/common.c,29,156,54,22,222,29,139,35,110,54,0,17,17,125498,138,209,8,0,201,109,103,112,63,150,149,6,149,0
422,No,No,789589968ed90e82a832dbc60e958c76b787be7e,No,No,default,none,Function,"sh_remove_write_access_from_sl1p(struct domain *,mfn_t,mfn_t,unsigned long)",xen/arch/x86/mm/shadow/common.c,3,22,0,9,25,3,22,3,16,0,0,0,7,4,7,10,1,0,9,4,4,7,4,3,3,1,3,0
422,No,No,789589968ed90e82a832dbc60e958c76b787be7e,No,No,default,Static,Static Function,sh_reset_early_unshadow(struct vcpu *),xen/arch/x86/mm/shadow/private.h,0,6,0,0,6,0,4,1,1,0,0,2,8,1,1,1,0,0,1,1,1,1,1,0,0,0,0,0
422,No,No,789589968ed90e82a832dbc60e958c76b787be7e,No,No,default,none,Function,sh_reset_l3_up_pointers(struct vcpu *),xen/arch/x86/mm/shadow/common.c,1,23,16,1,24,1,23,20,20,16,0,0,2,1,3,3,2,0,1,1,1,1,1,0,0,0,0,0
422,No,No,789589968ed90e82a832dbc60e958c76b787be7e,No,No,default,none,Function,"sh_resync(struct domain *,mfn_t)",xen/arch/x86/mm/shadow/common.c,3,26,0,11,29,3,26,6,14,0,0,0,6,5,17,20,5,0,15,5,5,5,3,3,3,2,3,0
422,No,No,789589968ed90e82a832dbc60e958c76b787be7e,No,No,default,none,Function,"sh_resync_all(struct vcpu *,int,int,int)",xen/arch/x86/mm/shadow/common.c,9,46,5,19,60,9,46,6,30,5,0,0,9,96,27,37,5,0,32,12,12,12,8,7,7,4,6,0
422,No,No,789589968ed90e82a832dbc60e958c76b787be7e,No,No,default,Static,Static Function,"sh_skip_sync(struct vcpu *,mfn_t)",xen/arch/x86/mm/shadow/common.c,0,13,0,4,13,0,13,2,10,0,0,0,8,4,6,9,1,0,8,4,4,4,4,3,3,1,3,0
422,No,No,789589968ed90e82a832dbc60e958c76b787be7e,No,No,default,Static,Static Function,sh_terminate_list(struct list_head *),xen/arch/x86/mm/shadow/private.h,0,7,3,4,10,0,5,1,2,3,0,2,4,1,2,2,0,0,2,1,1,1,1,0,0,0,0,0
422,No,No,789589968ed90e82a832dbc60e958c76b787be7e,No,No,default,Static,Static Function,"sh_type_has_up_pointer(struct domain *,unsigned int)",xen/arch/x86/mm/shadow/private.h,0,8,2,6,10,0,8,1,5,2,0,0,2,2,2,3,0,0,3,2,2,4,1,1,0,1,0,0
422,No,No,789589968ed90e82a832dbc60e958c76b787be7e,No,No,default,Static,Static Function,"sh_type_is_pinnable(struct domain *,unsigned int)",xen/arch/x86/mm/shadow/private.h,2,14,8,10,24,2,12,1,9,8,0,2,2,3,3,5,0,0,5,3,3,7,3,2,2,1,2,0
422,No,No,789589968ed90e82a832dbc60e958c76b787be7e,No,No,default,Static,Static Function,"sh_unpin(struct domain *,mfn_t)",xen/arch/x86/mm/shadow/private.h,4,27,2,14,33,4,27,4,19,2,0,0,15,3,22,24,3,0,21,3,3,4,1,1,0,1,0,0
422,No,No,789589968ed90e82a832dbc60e958c76b787be7e,No,No,default,Static,Static Function,"sh_unshadow_for_p2m_change(struct domain *,unsigned long,l1_pgentry_t *,l1_pgentry_t,unsigned int)",xen/arch/x86/mm/shadow/common.c,5,52,8,7,65,5,52,11,33,8,0,0,18,72,20,30,8,0,22,11,11,22,1,0,0,5,0,0
422,No,No,789589968ed90e82a832dbc60e958c76b787be7e,No,No,default,none,Function,"sh_unsync(struct vcpu *,mfn_t)",xen/arch/x86/mm/shadow/common.c,6,20,3,9,29,6,20,2,16,3,0,0,13,2,13,14,1,0,13,3,3,6,1,1,0,1,0,0
422,No,No,789589968ed90e82a832dbc60e958c76b787be7e,No,No,default,Static,Static Function,sh_update_paging_modes(struct vcpu *),xen/arch/x86/mm/shadow/common.c,18,122,38,22,174,18,114,8,76,38,0,8,43,1681,52,69,7,0,62,21,21,24,10,11,9,5,8,0
422,No,No,789589968ed90e82a832dbc60e958c76b787be7e,No,No,default,none,Function,"sh_validate_guest_entry(struct vcpu *,mfn_t,void *,u32)",xen/arch/x86/mm/shadow/common.c,8,41,13,8,61,8,41,4,37,13,0,0,14,1025,16,27,2,0,25,12,12,12,1,1,0,1,0,0
422,No,No,789589968ed90e82a832dbc60e958c76b787be7e,No,No,default,none,Function,"sh_validate_guest_pt_write(struct vcpu *,mfn_t,void *,u32)",xen/arch/x86/mm/shadow/common.c,1,15,9,9,25,1,15,5,7,9,0,0,5,4,6,8,2,0,6,3,3,3,1,0,0,1,0,0
422,No,No,789589968ed90e82a832dbc60e958c76b787be7e,No,No,default,none,Function,"shadow_alloc(struct domain *,u32,unsigned long)",xen/arch/x86/mm/shadow/common.c,7,56,10,14,73,7,56,8,40,10,0,0,32,24,35,43,5,0,38,8,6,9,1,1,0,2,0,0
422,No,No,789589968ed90e82a832dbc60e958c76b787be7e,No,No,default,Static,Static Function,shadow_alloc_p2m_page(struct domain *),xen/arch/x86/mm/shadow/common.c,5,28,2,11,35,5,28,3,19,2,0,0,17,3,13,15,1,0,14,3,3,4,1,1,0,2,0,0
422,No,No,789589968ed90e82a832dbc60e958c76b787be7e,No,No,default,Static,Static Function,shadow_audit_key(unsigned char),xen/arch/x86/mm/shadow/common.c,0,6,0,1,6,0,6,1,3,0,0,0,2,1,2,2,0,0,2,1,1,1,1,0,0,0,0,0
422,No,No,789589968ed90e82a832dbc60e958c76b787be7e,No,No,default,none,Function,shadow_audit_tables(struct vcpu *),xen/arch/x86/mm/shadow/common.c,4,46,18,7,52,4,42,19,32,18,0,4,4,6,13,19,2,0,17,6,4,7,1,8,0,2,0,0
422,No,No,789589968ed90e82a832dbc60e958c76b787be7e,No,No,default,Static,Static Function,shadow_blow_all_tables(unsigned char),xen/arch/x86/mm/shadow/common.c,0,16,0,8,16,0,16,2,8,0,0,0,8,3,9,11,1,0,10,3,3,5,1,0,0,2,0,0
422,No,No,789589968ed90e82a832dbc60e958c76b787be7e,No,No,default,Static,Static Function,shadow_blow_tables(struct domain *),xen/arch/x86/mm/shadow/common.c,4,19,4,12,27,4,19,5,10,4,0,0,8,8,15,19,4,0,15,7,7,8,1,0,0,3,0,0
422,No,No,789589968ed90e82a832dbc60e958c76b787be7e,No,No,default,none,Function,shadow_blow_tables_per_domain(struct domain *),xen/arch/x86/mm/shadow/common.c,0,8,0,5,8,0,8,1,4,0,0,0,4,2,3,4,0,0,4,2,2,4,1,0,0,1,0,0
422,No,No,789589968ed90e82a832dbc60e958c76b787be7e,No,No,default,none,Function,"shadow_continue_emulation(struct sh_emulate_ctxt *,struct cpu_user_regs *)",xen/arch/x86/mm/shadow/common.c,2,24,5,0,31,0,5,2,1,0,23,3,1,1,1,1,0,0,1,1,1,1,1,0,0,0,0,0
422,No,No,789589968ed90e82a832dbc60e958c76b787be7e,No,No,default,none,Function,"shadow_demote(struct domain *,mfn_t,u32)",xen/arch/x86/mm/shadow/common.c,4,18,1,5,23,4,16,2,9,1,0,2,8,3,8,10,1,0,9,4,4,4,1,0,0,2,0,0
422,No,No,789589968ed90e82a832dbc60e958c76b787be7e,No,No,default,none,Function,"shadow_domain_init(struct domain *,unsigned int)",xen/arch/x86/mm/shadow/common.c,4,17,1,7,22,4,15,6,12,1,0,2,10,1,8,8,1,0,7,1,1,1,1,0,0,0,0,0
422,No,No,789589968ed90e82a832dbc60e958c76b787be7e,No,No,default,none,Function,"shadow_domctl(struct domain *,struct xen_domctl_shadow_op *,__guest_handle_xen_domctl_t)",xen/arch/x86/mm/shadow/common.c,6,41,4,11,51,6,41,5,31,4,0,0,13,10,18,28,2,0,26,10,6,11,9,25,24,3,24,0
422,No,No,789589968ed90e82a832dbc60e958c76b787be7e,No,No,default,none,Function,"shadow_enable(struct domain *,u32)",xen/arch/x86/mm/shadow/common.c,14,80,22,8,115,14,78,6,53,22,0,2,35,1728,43,55,5,0,50,13,13,15,10,11,11,2,11,0
422,No,No,789589968ed90e82a832dbc60e958c76b787be7e,No,No,default,none,Function,shadow_final_teardown(struct domain *),xen/arch/x86/mm/shadow/common.c,2,21,6,6,29,2,21,1,18,6,0,0,7,2,7,8,0,0,8,2,2,2,1,0,0,1,0,0
422,No,No,789589968ed90e82a832dbc60e958c76b787be7e,No,No,default,none,Function,"shadow_free(struct domain *,mfn_t)",xen/arch/x86/mm/shadow/common.c,4,40,7,20,51,4,34,7,22,7,0,6,23,7,26,30,6,0,24,6,6,7,1,0,0,3,0,0
422,No,No,789589968ed90e82a832dbc60e958c76b787be7e,No,No,default,Static,Static Function,"shadow_free_p2m_page(struct domain *,struct page_info *)",xen/arch/x86/mm/shadow/common.c,4,21,4,12,28,4,21,3,15,4,0,0,17,2,10,11,1,0,10,3,3,4,1,0,0,1,0,0
422,No,No,789589968ed90e82a832dbc60e958c76b787be7e,No,No,default,Static,Static Function,shadow_get_allocation(struct domain *),xen/arch/x86/mm/shadow/common.c,0,7,0,7,7,0,7,3,4,0,0,0,1,1,2,2,1,0,1,2,2,2,1,0,0,0,0,0
422,No,No,789589968ed90e82a832dbc60e958c76b787be7e,No,No,default,Static,Static Function,shadow_hash_alloc(struct domain *),xen/arch/x86/mm/shadow/common.c,2,10,0,8,12,2,10,2,6,0,0,0,9,2,7,8,1,0,7,2,2,2,1,1,0,1,0,0
422,No,No,789589968ed90e82a832dbc60e958c76b787be7e,No,No,default,none,Function,"shadow_hash_delete(struct domain *,unsigned long,unsigned int,mfn_t)",xen/arch/x86/mm/shadow/common.c,5,32,5,10,41,5,32,4,20,5,0,0,14,4,18,21,2,0,19,4,4,4,4,3,3,3,3,0
422,No,No,789589968ed90e82a832dbc60e958c76b787be7e,No,No,default,none,Function,"shadow_hash_insert(struct domain *,unsigned long,unsigned int,mfn_t)",xen/arch/x86/mm/shadow/common.c,5,17,2,9,24,5,17,4,11,2,0,0,12,1,13,13,2,0,11,1,1,1,1,0,0,0,0,0
422,No,No,789589968ed90e82a832dbc60e958c76b787be7e,No,No,default,none,Function,"shadow_hash_lookup(struct domain *,unsigned long,unsigned int)",xen/arch/x86/mm/shadow/common.c,5,41,6,14,52,5,41,3,26,6,0,0,18,5,22,26,2,0,24,5,5,6,5,9,9,4,9,0
422,No,No,789589968ed90e82a832dbc60e958c76b787be7e,No,No,default,Static,Static Function,shadow_hash_teardown(struct domain *),xen/arch/x86/mm/shadow/common.c,1,7,0,8,8,1,7,1,4,0,0,0,8,1,4,4,0,0,4,1,1,1,1,0,0,0,0,0
422,No,No,789589968ed90e82a832dbc60e958c76b787be7e,No,No,default,none,Function,"shadow_init_emulation(struct sh_emulate_ctxt *,struct cpu_user_regs *,unsigned int)",xen/arch/x86/mm/shadow/common.c,8,38,3,0,49,0,7,3,2,0,39,3,2,1,2,2,0,0,2,1,1,1,1,0,0,0,0,0
422,No,No,789589968ed90e82a832dbc60e958c76b787be7e,No,No,default,Static,Static Function,shadow_min_acceptable_pages(const struct domain *),xen/arch/x86/mm/shadow/common.c,0,4,0,4,4,0,4,1,1,0,0,0,1,1,1,1,0,0,1,1,1,1,1,0,0,0,0,0
422,No,No,789589968ed90e82a832dbc60e958c76b787be7e,No,No,default,Static,Static Function,"shadow_one_bit_disable(struct domain *,u32)",xen/arch/x86/mm/shadow/common.c,5,53,7,18,63,5,51,4,36,7,0,2,14,55,22,31,3,0,28,11,11,12,1,2,0,4,0,0
422,No,No,789589968ed90e82a832dbc60e958c76b787be7e,No,No,default,Static,Static Function,"shadow_one_bit_enable(struct domain *,u32)",xen/arch/x86/mm/shadow/common.c,7,26,6,11,39,7,26,1,15,6,0,0,11,8,10,15,0,0,15,6,6,7,6,5,5,2,5,0
422,No,No,789589968ed90e82a832dbc60e958c76b787be7e,No,No,default,none,Function,"shadow_prealloc(struct domain *,u32,unsigned int)",xen/arch/x86/mm/shadow/common.c,0,4,0,5,4,0,4,1,1,0,0,0,2,1,1,1,0,0,1,1,1,1,1,0,0,0,0,0
422,No,No,789589968ed90e82a832dbc60e958c76b787be7e,No,No,default,none,Function,"shadow_prepare_page_type_change(struct domain *,struct page_info *,unsigned long)",xen/arch/x86/mm/shadow/common.c,2,12,5,6,19,2,10,2,6,5,0,2,2,3,3,5,0,0,5,3,3,4,3,2,2,1,2,0
422,No,No,789589968ed90e82a832dbc60e958c76b787be7e,No,No,default,none,Function,"shadow_promote(struct domain *,mfn_t,unsigned int)",xen/arch/x86/mm/shadow/common.c,5,21,3,9,29,5,19,2,14,3,0,2,10,6,10,13,1,0,12,5,5,7,1,0,0,2,0,0
422,No,No,789589968ed90e82a832dbc60e958c76b787be7e,No,No,default,Static,Static Function,shadow_resync_all(struct vcpu *),xen/arch/x86/mm/shadow/private.h,0,5,1,2,5,0,5,2,1,1,0,0,2,1,1,1,0,0,1,1,1,1,1,0,0,0,0,0
422,No,No,789589968ed90e82a832dbc60e958c76b787be7e,No,No,default,Static,Static Function,shadow_resync_current_vcpu(struct vcpu *),xen/arch/x86/mm/shadow/private.h,0,5,1,1,5,0,5,2,1,1,0,0,2,1,1,1,0,0,1,1,1,1,1,0,0,0,0,0
422,No,No,789589968ed90e82a832dbc60e958c76b787be7e,No,No,default,none,Function,"shadow_set_allocation(struct domain *,unsigned int,bool *)",xen/arch/x86/mm/shadow/common.c,7,56,9,18,71,7,56,4,39,9,0,0,27,40,31,39,2,3,34,9,9,12,6,14,14,3,13,0
422,No,No,789589968ed90e82a832dbc60e958c76b787be7e,No,No,default,Static,Static Function,shadow_size(unsigned int),xen/arch/x86/mm/shadow/private.h,0,6,0,7,6,0,6,2,2,0,0,0,3,1,2,2,0,0,2,1,1,1,1,0,0,0,0,0
422,No,No,789589968ed90e82a832dbc60e958c76b787be7e,No,No,default,Static,Static Function,shadow_sync_other_vcpus(struct vcpu *),xen/arch/x86/mm/shadow/private.h,0,5,1,1,5,0,5,2,1,1,0,0,2,1,1,1,0,0,1,1,1,1,1,0,0,0,0,0
422,No,No,789589968ed90e82a832dbc60e958c76b787be7e,No,No,default,none,Function,"shadow_teardown(struct domain *,bool *)",xen/arch/x86/mm/shadow/common.c,14,95,16,29,122,14,89,6,56,16,0,6,38,6720,41,60,5,0,55,23,23,27,3,3,2,5,2,0
422,No,No,789589968ed90e82a832dbc60e958c76b787be7e,No,No,default,Static,Static Function,shadow_test_disable(struct domain *),xen/arch/x86/mm/shadow/common.c,2,10,0,5,12,2,10,2,6,0,0,0,6,1,7,7,1,0,6,1,1,1,1,0,0,0,0,0
422,No,No,789589968ed90e82a832dbc60e958c76b787be7e,No,No,default,Static,Static Function,shadow_test_enable(struct domain *),xen/arch/x86/mm/shadow/common.c,2,10,0,5,12,2,10,2,6,0,0,0,6,1,7,7,1,0,6,1,1,1,1,0,0,0,0,0
422,No,No,789589968ed90e82a832dbc60e958c76b787be7e,No,No,default,Static,Static Function,"shadow_to_vvmcs(const struct vcpu *,unsigned int)",xen/arch/x86/hvm/vmx/vvmx.c,1,6,0,4,7,1,6,2,2,0,0,0,3,2,2,3,1,0,2,2,2,2,1,0,0,1,0,0
422,No,No,789589968ed90e82a832dbc60e958c76b787be7e,No,No,default,Static,Static Function,"shadow_to_vvmcs_bulk(struct vcpu *,unsigned int,const u16 *)",xen/arch/x86/hvm/vmx/vvmx.c,6,25,0,6,31,6,25,4,17,0,0,0,7,16,17,22,2,0,20,6,6,7,3,4,4,1,4,0
422,No,No,789589968ed90e82a832dbc60e958c76b787be7e,No,No,default,none,Function,"shadow_track_dirty_vram(struct domain *,unsigned long,unsigned long,__guest_handle_void)",xen/arch/x86/mm/shadow/common.c,21,153,22,19,196,21,153,22,108,22,0,0,41,8497,85,111,18,0,93,26,25,32,8,18,12,7,12,0
422,No,No,789589968ed90e82a832dbc60e958c76b787be7e,No,No,default,none,Function,"shadow_unhook_mappings(struct domain *,mfn_t,int)",xen/arch/x86/mm/shadow/common.c,0,20,0,8,20,0,20,2,15,0,0,0,6,4,9,14,1,0,13,5,2,5,1,6,0,1,0,0
422,No,No,789589968ed90e82a832dbc60e958c76b787be7e,No,No,default,none,Function,shadow_update_paging_modes(struct vcpu *),xen/arch/x86/mm/shadow/common.c,0,6,0,5,6,0,6,1,3,0,0,0,3,1,3,3,0,0,3,1,1,1,1,0,0,0,0,0
422,No,No,789589968ed90e82a832dbc60e958c76b787be7e,No,No,default,none,Function,shadow_vcpu_init(struct vcpu *),xen/arch/x86/mm/shadow/common.c,2,16,0,5,18,2,14,2,8,0,0,2,7,3,9,11,1,0,10,4,4,4,1,0,0,2,0,0
422,No,No,789589968ed90e82a832dbc60e958c76b787be7e,No,No,default,none,Function,"shadow_write_p2m_entry(struct domain *,unsigned long,l1_pgentry_t *,l1_pgentry_t,unsigned int)",xen/arch/x86/mm/shadow/common.c,4,18,9,11,31,4,16,4,8,9,0,2,11,4,6,8,0,0,8,3,3,3,1,0,0,1,0,0
422,No,No,789589968ed90e82a832dbc60e958c76b787be7e,No,No,default,Static,Static Function,share_hotadd_m2p_table(struct mem_hotadd_info *),xen/arch/x86/x86_64/mm.c,6,53,1,2,60,6,53,7,37,1,0,0,15,247,30,41,6,0,35,12,12,12,8,7,7,3,6,0
422,No,No,789589968ed90e82a832dbc60e958c76b787be7e,No,No,default,Static,Static Function,"share_pages(struct domain *,gfn_t,shr_handle_t,struct domain *,gfn_t,shr_handle_t)",xen/arch/x86/mm/mem_sharing.c,13,94,17,17,124,13,94,10,66,17,0,0,27,432,60,72,8,0,64,13,13,13,10,13,13,2,13,0
422,No,No,789589968ed90e82a832dbc60e958c76b787be7e,No,No,default,none,Function,"share_xen_page_with_guest(struct page_info *,struct domain *,enum XENSHARE_flags)",xen/arch/x86/mm.c,6,22,3,9,30,6,22,2,16,3,0,0,18,7,13,17,0,0,17,7,7,7,1,1,0,2,0,0
422,No,No,789589968ed90e82a832dbc60e958c76b787be7e,No,No,default,none,Function,"share_xen_page_with_guest(struct page_info *,struct domain *,enum XENSHARE_flags)",xen/arch/arm/mm.c,5,20,3,8,27,5,20,2,14,3,0,0,15,4,10,13,0,0,13,5,5,5,1,1,0,2,0,0
422,No,No,789589968ed90e82a832dbc60e958c76b787be7e,No,No,default,Static,Static Function,"share_xen_page_with_privileged_guests(struct page_info *,enum XENSHARE_flags)",xen/include/xen/mm.h,0,5,0,3,5,0,5,2,1,0,0,0,2,1,1,1,0,0,1,1,1,1,1,0,0,0,0,0
422,No,No,789589968ed90e82a832dbc60e958c76b787be7e,No,No,default,Static,Static Function,"shared_entry_header(struct grant_table *,grant_ref_t)",xen/common/grant_table.c,0,8,0,14,8,0,8,2,4,0,0,0,1,2,2,3,0,0,3,2,2,2,1,1,0,1,0,0
422,No,No,789589968ed90e82a832dbc60e958c76b787be7e,No,No,default,none,Function,show_code(const struct cpu_user_regs *),xen/arch/x86/traps.c,9,47,11,3,67,9,47,3,23,11,0,0,5,19,19,25,2,2,21,8,8,9,1,4,0,2,0,0
422,No,No,789589968ed90e82a832dbc60e958c76b787be7e,No,No,default,none,Function,show_execution_state(const struct cpu_user_regs *),xen/arch/arm/traps.c,0,5,0,5,5,0,5,1,2,0,0,0,2,1,2,2,0,0,2,1,1,1,1,0,0,0,0,0
422,No,No,789589968ed90e82a832dbc60e958c76b787be7e,No,No,default,none,Function,show_execution_state(const struct cpu_user_regs *),xen/arch/x86/traps.c,2,8,1,10,11,2,8,2,5,1,0,0,5,1,5,5,1,0,4,1,1,1,1,0,0,0,0,0
422,No,No,789589968ed90e82a832dbc60e958c76b787be7e,No,No,default,Static,Static Function,"show_guest_stack(struct vcpu *,const struct cpu_user_regs *)",xen/arch/arm/traps.c,11,86,0,12,97,11,69,6,51,0,11,6,7,63,40,57,5,0,52,17,9,18,12,31,31,2,31,0
422,No,No,789589968ed90e82a832dbc60e958c76b787be7e,No,No,default,Static,Static Function,"show_guest_stack(struct vcpu *,const struct cpu_user_regs *)",xen/arch/x86/traps.c,7,61,1,7,69,7,61,6,39,1,0,0,13,265,33,47,5,0,42,17,17,18,10,10,10,3,10,0
422,No,No,789589968ed90e82a832dbc60e958c76b787be7e,No,No,default,none,Function,show_registers(const struct cpu_user_regs *),xen/arch/arm/traps.c,1,21,0,4,22,1,14,2,10,0,4,3,13,2,10,11,1,0,10,2,2,3,1,0,0,1,0,0
422,No,No,789589968ed90e82a832dbc60e958c76b787be7e,No,No,default,Static,Static Function,"show_registers_32(const struct cpu_user_regs *,const struct reg_ctxt *,bool,const struct vcpu *)",xen/arch/arm/traps.c,3,72,0,49,75,3,54,4,47,0,7,11,2,8,22,25,0,0,25,4,4,4,1,1,0,1,0,0
422,No,No,789589968ed90e82a832dbc60e958c76b787be7e,No,No,default,none,Function,show_stack(const struct cpu_user_regs *),xen/arch/arm/traps.c,5,21,0,4,26,5,21,3,15,0,0,0,4,11,13,18,2,0,16,6,6,7,4,3,3,2,3,0
422,No,No,789589968ed90e82a832dbc60e958c76b787be7e,No,No,default,none,Function,show_stack(const struct cpu_user_regs *),xen/arch/x86/traps.c,5,21,0,4,26,5,21,3,15,0,0,0,5,7,13,17,2,0,15,5,5,7,1,1,0,2,0,0
422,No,No,789589968ed90e82a832dbc60e958c76b787be7e,No,No,default,none,Function,"show_stack_overflow(unsigned int,const struct cpu_user_regs *)",xen/arch/x86/traps.c,8,30,4,3,42,2,8,3,5,0,28,4,1,2,3,4,2,0,2,2,2,2,1,0,0,1,0,0
422,No,No,789589968ed90e82a832dbc60e958c76b787be7e,No,No,default,Static,Static Function,show_trace(const struct cpu_user_regs *),xen/arch/arm/traps.c,9,22,3,6,34,9,22,3,16,3,0,0,1,3,16,18,1,3,14,3,3,4,3,2,2,2,2,0
422,No,No,789589968ed90e82a832dbc60e958c76b787be7e,No,No,default,Static,Static Function,show_trace(const struct cpu_user_regs *),xen/arch/x86/traps.c,4,15,10,5,29,4,15,2,10,10,0,0,3,2,7,8,1,0,7,2,2,3,1,1,0,1,0,0
422,No,No,789589968ed90e82a832dbc60e958c76b787be7e,No,No,default,Static,Static Function,shutdown_msi_irq(struct irq_desc *),xen/arch/x86/msi.c,0,5,0,2,5,0,5,1,2,0,0,0,3,3,2,4,0,0,4,4,4,4,1,0,0,3,0,0
422,No,No,789589968ed90e82a832dbc60e958c76b787be7e,No,No,default,Static,Static Function,"sign_extend_msr(struct vcpu *,u32,int)",xen/arch/x86/hvm/vmx/vmx.c,1,6,0,5,7,1,6,2,2,0,0,0,3,2,2,3,1,0,2,2,2,2,1,0,0,1,0,0
422,No,No,789589968ed90e82a832dbc60e958c76b787be7e,No,No,default,Static,Static Function,signal_domain(struct domain *),xen/common/argo.c,1,6,0,3,7,1,6,2,2,0,0,0,1,1,2,2,0,0,2,1,1,1,1,0,0,0,0,0
422,No,No,789589968ed90e82a832dbc60e958c76b787be7e,No,No,default,Static,Static Function,signal_domid(domid_t),xen/common/argo.c,2,9,0,3,11,2,9,3,5,0,0,0,4,3,4,6,1,0,5,3,3,3,1,1,0,1,0,0
422,No,No,789589968ed90e82a832dbc60e958c76b787be7e,No,No,default,none,Function,simd_0f38_common(),xen/arch/x86/x86_emulate/x86_emulate.c,0,2,0,0,2,0,2,2,1,0,0,0,2,2,2,3,0,0,3,2,2,2,1,1,0,1,0,0
422,No,No,789589968ed90e82a832dbc60e958c76b787be7e,No,No,default,none,Function,simd_0f3a_common(),xen/arch/x86/x86_emulate/x86_emulate.c,0,2,0,0,2,0,2,2,1,0,0,0,2,2,2,3,0,0,3,2,2,2,1,1,0,1,0,0
422,No,No,789589968ed90e82a832dbc60e958c76b787be7e,No,No,default,none,Function,simd_0f_int_imm8(),xen/arch/x86/x86_emulate/x86_emulate.c,0,26,10,3,26,0,26,3,15,10,0,0,5,8,11,25,0,0,25,16,6,16,6,7,7,2,7,0
422,No,No,789589968ed90e82a832dbc60e958c76b787be7e,No,No,default,none,Function,simd_0f_xmm(),xen/arch/x86/x86_emulate/x86_emulate.c,0,2,0,0,2,0,2,2,1,0,0,0,2,2,2,3,0,0,3,2,2,2,1,1,0,1,0,0
422,No,No,789589968ed90e82a832dbc60e958c76b787be7e,No,No,default,none,Function,simd_0f_ymm(),xen/arch/x86/x86_emulate/x86_emulate.c,0,2,0,0,2,0,2,2,1,0,0,0,2,2,2,3,0,0,3,2,2,2,1,1,0,1,0,0
422,No,No,789589968ed90e82a832dbc60e958c76b787be7e,No,No,default,Static,Static Function,simd_check__3dnow(),tools/tests/x86_emulator/test_x86_emulator.c,0,4,0,5,4,0,4,1,1,0,0,0,1,1,1,1,0,0,1,1,1,2,1,0,0,0,0,0
422,No,No,789589968ed90e82a832dbc60e958c76b787be7e,No,No,default,Static,Static Function,simd_check_avx(),tools/tests/x86_emulator/test_x86_emulator.c,0,4,0,3,4,0,4,1,1,0,0,0,2,1,1,1,0,0,1,1,1,2,1,0,0,0,0,0
422,No,No,789589968ed90e82a832dbc60e958c76b787be7e,No,No,default,Static,Static Function,simd_check_avx2(),tools/tests/x86_emulator/test_x86_emulator.c,0,4,0,3,4,0,4,1,1,0,0,0,2,1,1,1,0,0,1,1,1,2,1,0,0,0,0,0
422,No,No,789589968ed90e82a832dbc60e958c76b787be7e,No,No,default,Static,Static Function,simd_check_avx512bw(),tools/tests/x86_emulator/test_x86_emulator.c,0,4,0,3,4,0,4,1,1,0,0,0,2,1,1,1,0,0,1,1,1,2,1,0,0,0,0,0
422,No,No,789589968ed90e82a832dbc60e958c76b787be7e,No,No,default,Static,Static Function,simd_check_avx512dq(),tools/tests/x86_emulator/test_x86_emulator.c,0,4,0,3,4,0,4,1,1,0,0,0,2,1,1,1,0,0,1,1,1,2,1,0,0,0,0,0
422,No,No,789589968ed90e82a832dbc60e958c76b787be7e,No,No,default,Static,Static Function,simd_check_avx512f(),tools/tests/x86_emulator/test_x86_emulator.c,0,4,0,3,4,0,4,1,1,0,0,0,2,1,1,1,0,0,1,1,1,2,1,0,0,0,0,0
422,No,No,789589968ed90e82a832dbc60e958c76b787be7e,No,No,default,Static,Static Function,simd_check_fma(),tools/tests/x86_emulator/test_x86_emulator.c,0,4,0,3,4,0,4,1,1,0,0,0,2,1,1,1,0,0,1,1,1,2,1,0,0,0,0,0
422,No,No,789589968ed90e82a832dbc60e958c76b787be7e,No,No,default,Static,Static Function,simd_check_fma4(),tools/tests/x86_emulator/test_x86_emulator.c,0,4,0,3,4,0,4,1,1,0,0,0,2,1,1,1,0,0,1,1,1,2,1,0,0,0,0,0
422,No,No,789589968ed90e82a832dbc60e958c76b787be7e,No,No,default,Static,Static Function,simd_check_regs(const struct cpu_user_regs *),tools/tests/x86_emulator/test_x86_emulator.c,0,7,0,2,7,0,7,1,4,0,0,0,2,2,3,4,0,0,4,2,2,2,1,1,0,1,0,0
422,No,No,789589968ed90e82a832dbc60e958c76b787be7e,No,No,default,Static,Static Function,simd_check_sse(),tools/tests/x86_emulator/test_x86_emulator.c,0,4,0,3,4,0,4,1,1,0,0,0,1,1,1,1,0,0,1,1,1,1,1,0,0,0,0,0
422,No,No,789589968ed90e82a832dbc60e958c76b787be7e,No,No,default,Static,Static Function,simd_check_sse2(),tools/tests/x86_emulator/test_x86_emulator.c,0,4,0,3,4,0,4,1,1,0,0,0,1,1,1,1,0,0,1,1,1,1,1,0,0,0,0,0
422,No,No,789589968ed90e82a832dbc60e958c76b787be7e,No,No,default,Static,Static Function,simd_check_sse4(),tools/tests/x86_emulator/test_x86_emulator.c,0,4,0,3,4,0,4,1,1,0,0,0,1,1,1,1,0,0,1,1,1,1,1,0,0,0,0,0
422,No,No,789589968ed90e82a832dbc60e958c76b787be7e,No,No,default,Static,Static Function,simd_check_xop(),tools/tests/x86_emulator/test_x86_emulator.c,0,4,0,3,4,0,4,1,1,0,0,0,2,1,1,1,0,0,1,1,1,2,1,0,0,0,0,0
422,No,No,789589968ed90e82a832dbc60e958c76b787be7e,No,No,default,Static,Static Function,simd_set_regs(struct cpu_user_regs *),tools/tests/x86_emulator/test_x86_emulator.c,0,5,0,3,5,0,5,1,1,0,0,0,0,2,1,2,0,1,1,2,2,2,1,0,0,1,0,0
422,No,No,789589968ed90e82a832dbc60e958c76b787be7e,No,No,default,none,Function,simd_zmm(),xen/arch/x86/x86_emulate/x86_emulate.c,0,2,0,0,2,0,2,2,1,0,0,0,2,2,2,3,0,0,3,2,2,2,1,1,0,1,0,0
422,No,No,789589968ed90e82a832dbc60e958c76b787be7e,No,No,default,Static,Static Function,"single_with_domid(struct xs_handle *,enum xsd_sockmsg_type,unsigned int)",tools/xenstore/xs.c,2,8,0,6,10,2,8,4,2,0,0,0,3,1,3,3,1,0,2,1,1,1,1,0,0,0,0,0
422,No,No,789589968ed90e82a832dbc60e958c76b787be7e,No,No,default,Static,Static Function,"skip_prior_features(unsigned int *,enum psr_feat_type)",xen/arch/x86/psr.c,5,16,0,5,21,5,16,4,10,0,0,0,1,5,9,12,2,0,10,4,4,4,4,4,4,2,4,0
422,No,No,789589968ed90e82a832dbc60e958c76b787be7e,No,No,default,Static,Static Function,smp_callin(),xen/arch/x86/smpboot.c,7,36,8,2,51,7,36,3,25,8,0,0,18,16,25,29,2,0,27,6,6,6,3,2,2,1,2,0
422,No,No,789589968ed90e82a832dbc60e958c76b787be7e,No,No,default,none,Function,smp_send_state_dump(unsigned int),xen/arch/x86/apic.c,0,5,1,1,6,0,5,1,2,1,0,0,3,1,2,2,0,0,2,1,1,1,1,0,0,0,0,0
422,No,No,789589968ed90e82a832dbc60e958c76b787be7e,No,No,default,Static,Static Function,smp_send_timer_broadcast_ipi(),xen/arch/x86/time.c,3,15,0,2,18,3,15,3,7,0,0,0,7,4,6,8,2,0,6,3,3,3,1,0,0,1,0,0
422,No,No,789589968ed90e82a832dbc60e958c76b787be7e,No,No,default,Static,Static Function,smp_store_cpu_info(unsigned int),xen/arch/x86/smpboot.c,3,15,0,4,18,3,15,2,9,0,0,0,5,5,7,10,1,0,9,4,4,4,3,3,3,1,3,0
422,No,No,789589968ed90e82a832dbc60e958c76b787be7e,No,No,default,Static,Static Function,"smt_idle_mask_clear(unsigned int,cpumask_t *)",xen/common/sched_credit2.c,1,7,0,4,8,1,7,3,3,0,0,0,4,2,2,3,1,0,2,2,2,2,1,0,0,1,0,0
422,No,No,789589968ed90e82a832dbc60e958c76b787be7e,No,No,default,Static,Static Function,"smt_idle_mask_set(unsigned int,const cpumask_t *,cpumask_t *)",xen/common/sched_credit2.c,1,8,0,4,9,1,8,4,3,0,0,0,4,2,2,3,1,0,2,2,2,2,1,0,0,1,0,0
422,No,No,789589968ed90e82a832dbc60e958c76b787be7e,No,No,default,Static,Static Function,"soft_reset_dm_suspended(libxl__egc *,libxl__domain_suspend_state *,int)",tools/libxl/libxl_create.c,2,15,6,9,23,2,15,7,10,6,0,0,10,1,10,10,4,0,6,1,1,1,1,0,0,0,0,0
422,No,No,789589968ed90e82a832dbc60e958c76b787be7e,No,No,default,Static,Static Function,"spawn_cleanup(libxl__gc *,libxl__spawn_state *)",tools/libxl/libxl_exec.c,0,5,0,6,5,0,5,1,2,0,0,0,4,2,4,5,0,1,4,3,3,3,1,1,0,1,0,0
422,No,No,789589968ed90e82a832dbc60e958c76b787be7e,No,No,default,Static,Static Function,"spawn_detach(libxl__gc *,libxl__spawn_state *)",tools/libxl/libxl_exec.c,2,12,3,9,17,2,12,3,8,3,0,0,8,8,11,14,2,2,10,6,6,9,1,2,0,1,0,0
422,No,No,789589968ed90e82a832dbc60e958c76b787be7e,No,No,default,Static,Static Function,"spawn_fail(libxl__egc *,libxl__spawn_state *,int)",tools/libxl/libxl_exec.c,0,8,2,7,10,0,8,2,5,2,0,0,5,4,6,8,1,1,6,4,4,4,1,1,0,1,0,0
422,No,No,789589968ed90e82a832dbc60e958c76b787be7e,No,No,default,Static,Static Function,"spawn_middle_death(libxl__egc *,libxl__ev_child *,pid_t,int)",tools/libxl/libxl_exec.c,5,48,3,7,55,5,48,10,41,3,0,0,16,35,23,32,7,1,24,12,12,19,1,7,0,3,0,0
422,No,No,789589968ed90e82a832dbc60e958c76b787be7e,No,No,default,Static,Static Function,"spawn_stub_launch_dm(libxl__egc *,libxl__multidev *,int)",tools/libxl/libxl_dm.c,12,93,12,26,117,12,93,17,75,12,0,0,26,9720,63,83,16,1,66,22,20,22,16,31,31,3,29,0
422,No,No,789589968ed90e82a832dbc60e958c76b787be7e,No,No,default,Static,Static Function,"spawn_stubdom_pvqemu_cb(libxl__egc *,libxl__dm_spawn_state *,int)",tools/libxl/libxl_dm.c,3,20,0,13,23,3,20,8,13,0,0,0,8,4,12,14,5,0,9,3,3,3,3,3,3,1,3,0
422,No,No,789589968ed90e82a832dbc60e958c76b787be7e,No,No,default,Static,Static Function,"spawn_watch_event(libxl__egc *,libxl__xswait_state *,int,const char *)",tools/libxl/libxl_exec.c,0,14,3,5,15,0,14,4,9,3,0,0,5,3,7,9,2,0,7,3,3,3,1,1,0,2,0,0
422,No,No,789589968ed90e82a832dbc60e958c76b787be7e,No,No,default,none,Function,spurious_interrupt(struct cpu_user_regs *),xen/arch/x86/apic.c,1,13,6,1,20,1,13,1,8,6,0,0,6,3,5,7,0,0,7,3,3,3,3,2,2,2,2,0
422,No,No,789589968ed90e82a832dbc60e958c76b787be7e,No,No,default,Static,Static Function,"spurious_page_fault(unsigned long,const struct cpu_user_regs *)",xen/arch/x86/traps.c,2,10,4,3,16,2,10,4,4,4,0,0,4,1,6,6,2,0,4,1,1,1,1,0,0,0,0,0
422,No,No,789589968ed90e82a832dbc60e958c76b787be7e,No,No,default,none,Function,srat_detect_node(int),xen/arch/x86/setup.c,3,12,0,3,15,3,12,3,8,0,0,0,3,4,7,9,2,0,7,4,4,5,1,0,0,1,0,0
422,No,No,789589968ed90e82a832dbc60e958c76b787be7e,No,No,default,none,Function,start_secondary(void *),xen/arch/x86/smpboot.c,22,40,39,2,101,22,40,2,37,39,0,0,34,8,33,36,1,0,35,4,4,4,1,1,0,1,0,0
422,No,No,789589968ed90e82a832dbc60e958c76b787be7e,No,No,default,Static,Static Function,start_update(),xen/arch/x86/microcode_amd.c,1,7,9,0,17,1,4,1,1,0,10,2,1,1,1,1,0,0,1,1,1,1,1,0,0,0,0,0
422,No,No,789589968ed90e82a832dbc60e958c76b787be7e,No,No,default,Static,Static Function,startup_8259A_irq(struct irq_desc *),xen/arch/x86/i8259.c,0,5,1,1,5,0,5,1,2,1,0,0,2,1,2,2,0,0,2,1,1,1,1,0,0,0,0,0
422,No,No,789589968ed90e82a832dbc60e958c76b787be7e,No,No,default,none,Function,startup_cpu_idle_loop(),xen/arch/arm/domain.c,2,6,4,2,12,2,6,2,3,4,0,0,3,2,4,5,1,0,4,3,3,3,1,0,0,2,0,0
422,No,No,789589968ed90e82a832dbc60e958c76b787be7e,No,No,default,none,Function,startup_cpu_idle_loop(),xen/arch/x86/domain.c,2,8,0,4,10,2,8,2,5,0,0,0,5,2,6,7,1,0,6,3,3,3,1,0,0,2,0,0
422,No,No,789589968ed90e82a832dbc60e958c76b787be7e,No,No,default,Static,Static Function,startup_msi_irq(struct irq_desc *),xen/arch/x86/msi.c,0,6,0,2,6,0,6,1,3,0,0,0,4,2,2,3,0,0,3,2,2,2,1,0,0,1,0,0
422,No,No,789589968ed90e82a832dbc60e958c76b787be7e,No,No,default,Static,Static Function,status_to_grant_frames(unsigned int),xen/common/grant_table.c,0,4,0,2,4,0,4,1,1,0,0,0,1,1,1,1,0,0,1,1,1,1,1,0,0,0,0,0
422,No,No,789589968ed90e82a832dbc60e958c76b787be7e,No,No,default,Static,Static Function,"steal_maptrack_handle(struct grant_table *,const struct vcpu *)",xen/common/grant_table.c,5,23,2,7,30,5,23,6,13,2,0,0,6,5,11,14,3,0,11,5,5,5,4,3,3,3,3,0
422,No,No,789589968ed90e82a832dbc60e958c76b787be7e,No,No,default,none,Function,"steal_page(struct domain *,struct page_info *,unsigned int)",xen/arch/x86/mm.c,9,43,13,11,65,9,43,5,36,13,0,0,19,97,28,36,3,0,33,13,13,15,5,6,6,3,6,0
422,No,No,789589968ed90e82a832dbc60e958c76b787be7e,No,No,default,none,Function,"steal_page(struct domain *,struct page_info *,unsigned int)",xen/arch/arm/mm.c,0,5,0,0,5,0,5,2,1,0,0,0,1,1,1,1,0,0,1,1,1,1,1,0,0,0,0,0
422,No,No,789589968ed90e82a832dbc60e958c76b787be7e,No,No,default,none,Function,stime2tsc(s_time_t),xen/arch/x86/time.c,3,12,0,7,15,3,12,4,6,0,0,0,4,2,8,9,3,0,6,2,2,2,1,0,0,1,0,0
422,No,No,789589968ed90e82a832dbc60e958c76b787be7e,No,No,default,Static,Static Function,"store_libxl_entry(libxl__gc *,uint32_t,libxl_domain_build_info *)",tools/libxl/libxl_create.c,1,9,0,6,10,1,9,3,5,0,0,0,5,1,4,4,1,0,3,1,1,1,1,0,0,0,0,0
422,No,No,789589968ed90e82a832dbc60e958c76b787be7e,No,No,default,Static,Static Function,"store_serial_port_info(libxl__qmp_handler *,const char *,int)",tools/libxl/libxl_qmp.c,4,16,0,6,20,4,16,6,10,0,0,0,9,2,13,14,3,0,11,3,3,4,1,1,0,1,0,0
422,No,No,789589968ed90e82a832dbc60e958c76b787be7e,No,No,default,Static,Static Function,"stubdom_destroy_callback(libxl__egc *,libxl__destroy_domid_state *,int)",tools/libxl/libxl_domain.c,3,21,0,6,24,3,21,6,13,0,0,0,9,4,11,13,4,0,9,3,3,3,1,0,0,1,0,0
422,No,No,789589968ed90e82a832dbc60e958c76b787be7e,No,No,default,Static,Static Function,"stubdom_pvqemu_cb(libxl__egc *,libxl__multidev *,int)",tools/libxl/libxl_dm.c,6,28,0,10,34,6,28,6,21,0,0,0,16,8,18,21,4,0,17,4,4,4,4,6,6,1,6,0
422,No,No,789589968ed90e82a832dbc60e958c76b787be7e,No,No,default,Static,Static Function,"stubdom_xswait_cb(libxl__egc *,libxl__xswait_state *,int,const char *)",tools/libxl/libxl_dm.c,3,20,0,9,23,3,20,4,14,0,0,0,8,9,10,14,2,0,12,5,5,5,4,5,5,2,5,0
422,No,No,789589968ed90e82a832dbc60e958c76b787be7e,No,No,default,none,Function,"subarch_memory_op(unsigned long,__guest_handle_void)",xen/arch/x86/x86_64/mm.c,14,85,0,6,99,14,85,10,66,0,0,0,21,61,49,71,9,0,62,24,19,26,14,72,70,4,68,0
422,No,No,789589968ed90e82a832dbc60e958c76b787be7e,No,No,default,Static,Static Function,"suspend_common_wait_guest_check(libxl__egc *,libxl__domain_suspend_state *)",tools/libxl/libxl_dom_suspend.c,7,32,2,9,41,7,32,7,21,2,0,0,7,12,19,23,6,0,17,5,5,6,5,9,9,1,9,0
422,No,No,789589968ed90e82a832dbc60e958c76b787be7e,No,No,default,Static,Static Function,"suspend_common_wait_guest_timeout(libxl__egc *,libxl__ev_time *,const struct timeval *,int)",tools/libxl/libxl_dom_suspend.c,0,11,0,5,11,0,11,4,6,0,0,0,5,2,6,7,3,0,4,2,2,2,1,0,0,1,0,0
422,No,No,789589968ed90e82a832dbc60e958c76b787be7e,No,No,default,Static,Static Function,"suspend_common_wait_guest_watch(libxl__egc *,libxl__ev_xswatch *,const char *,const char *)",tools/libxl/libxl_dom_suspend.c,0,6,0,2,6,0,6,3,2,0,0,0,2,1,2,2,1,0,1,1,1,1,1,0,0,0,0,0
422,No,No,789589968ed90e82a832dbc60e958c76b787be7e,No,No,default,Static,Static Function,suspend_steal_fn(const char *),xen/drivers/char/console.c,0,1,0,0,1,0,1,1,0,0,0,0,0,1,0,0,0,0,0,1,1,1,1,0,0,0,0,0
422,No,No,789589968ed90e82a832dbc60e958c76b787be7e,No,No,default,Static,Static Function,svm_cpu_dead(unsigned int),xen/arch/x86/hvm/svm/svm.c,3,22,0,2,25,3,15,3,8,0,5,2,3,4,6,8,2,0,6,3,3,3,1,0,0,1,0,0
422,No,No,789589968ed90e82a832dbc60e958c76b787be7e,No,No,default,Static,Static Function,svm_cpu_down(),xen/arch/x86/hvm/svm/svm.c,0,4,0,0,4,0,4,1,1,0,0,0,2,1,1,1,0,0,1,1,1,1,1,0,0,0,0,0
422,No,No,789589968ed90e82a832dbc60e958c76b787be7e,No,No,default,Static,Static Function,svm_cpu_up(),xen/arch/x86/hvm/svm/svm.c,0,4,0,0,4,0,4,1,1,0,0,0,2,1,1,1,0,0,1,1,1,1,1,0,0,0,0,0
422,No,No,789589968ed90e82a832dbc60e958c76b787be7e,No,No,default,Static,Static Function,svm_cpu_up_prepare(unsigned int),xen/arch/x86/hvm/svm/svm.c,8,34,0,2,42,8,30,6,21,0,2,2,8,18,17,22,5,0,17,6,6,6,5,6,6,2,6,0
422,No,No,789589968ed90e82a832dbc60e958c76b787be7e,No,No,default,Static,Static Function,svm_cpuid_policy_changed(struct vcpu *),xen/arch/x86/hvm/svm/svm.c,3,15,1,11,19,3,15,5,12,1,0,0,3,2,8,9,4,0,5,3,3,4,1,1,0,1,0,0
422,No,No,789589968ed90e82a832dbc60e958c76b787be7e,No,No,default,Static,Static Function,svm_crash_or_fault(struct vcpu *),xen/arch/x86/hvm/svm/svm.c,0,7,0,8,7,0,7,1,4,0,0,0,4,2,4,5,0,0,5,3,3,3,1,1,0,2,0,0
422,No,No,789589968ed90e82a832dbc60e958c76b787be7e,No,No,default,Static,Static Function,svm_ctxt_switch_from(struct vcpu *),xen/arch/x86/hvm/svm/svm.c,5,14,6,3,25,5,14,2,11,6,0,0,11,3,9,11,1,0,10,3,3,3,1,1,0,1,0,0
422,No,No,789589968ed90e82a832dbc60e958c76b787be7e,No,No,default,Static,Static Function,svm_ctxt_switch_to(struct vcpu *),xen/arch/x86/hvm/svm/svm.c,5,14,9,7,28,5,14,3,10,9,0,0,10,2,10,11,2,1,8,2,2,2,1,0,0,1,0,0
422,No,No,789589968ed90e82a832dbc60e958c76b787be7e,No,No,default,Static,Static Function,svm_do_msr_access(struct cpu_user_regs *),xen/arch/x86/hvm/svm/svm.c,4,22,0,8,26,4,22,6,17,0,0,0,7,10,10,15,4,0,11,7,7,7,1,3,0,2,0,0
422,No,No,789589968ed90e82a832dbc60e958c76b787be7e,No,No,default,Static,Static Function,"svm_do_nested_pgfault(struct vcpu *,struct cpu_user_regs *,uint64_t,paddr_t)",xen/arch/x86/hvm/svm/svm.c,8,53,8,6,69,8,53,20,36,8,0,0,16,42,33,42,12,0,30,11,9,12,4,8,7,3,7,0
422,No,No,789589968ed90e82a832dbc60e958c76b787be7e,No,No,default,Static,Static Function,svm_do_resume(struct vcpu *),xen/arch/x86/hvm/svm/svm.c,8,37,2,13,47,8,37,9,27,2,0,0,25,16,18,22,6,0,16,6,6,11,1,0,0,1,0,0
422,No,No,789589968ed90e82a832dbc60e958c76b787be7e,No,No,default,Static,Static Function,svm_domain_destroy(struct domain *),xen/arch/x86/hvm/svm/svm.c,0,3,0,0,3,0,3,1,0,0,0,0,0,1,0,0,0,0,0,1,1,1,1,0,0,0,0,0
422,No,No,789589968ed90e82a832dbc60e958c76b787be7e,No,No,default,Static,Static Function,svm_domain_initialise(struct domain *),xen/arch/x86/hvm/svm/svm.c,4,13,0,2,17,4,13,6,10,0,0,0,6,2,5,6,1,0,5,2,2,3,1,0,0,1,0,0
422,No,No,789589968ed90e82a832dbc60e958c76b787be7e,No,No,default,Static,Static Function,"svm_dr_access(struct vcpu *,struct cpu_user_regs *)",xen/arch/x86/hvm/svm/svm.c,1,6,0,3,7,1,6,2,3,0,0,0,3,1,3,3,1,0,2,1,1,1,1,0,0,0,0,0
422,No,No,789589968ed90e82a832dbc60e958c76b787be7e,No,No,default,Static,Static Function,svm_emul_swint_injection(struct x86_event *),xen/arch/x86/hvm/svm/svm.c,13,71,23,13,106,13,71,13,54,23,0,0,13,768,38,53,13,0,40,17,13,19,11,21,21,2,21,0
422,No,No,789589968ed90e82a832dbc60e958c76b787be7e,No,No,default,Static,Static Function,"svm_enable_intr_window(struct vcpu *,struct hvm_intack)",xen/arch/x86/hvm/svm/intr.c,7,30,18,17,55,7,30,6,24,18,0,0,14,20,20,26,5,0,21,10,10,11,5,4,4,4,4,0
422,No,No,789589968ed90e82a832dbc60e958c76b787be7e,No,No,default,Static,Static Function,"svm_enable_msr_interception(struct domain *,uint32_t)",xen/arch/x86/hvm/svm/svm.c,1,6,0,4,7,1,6,2,2,0,0,0,1,2,4,5,1,0,4,3,3,3,1,0,0,1,0,0
422,No,No,789589968ed90e82a832dbc60e958c76b787be7e,No,No,default,Static,Static Function,svm_event_pending(const struct vcpu *),xen/arch/x86/hvm/svm/svm.c,0,4,0,8,4,0,4,1,1,0,0,0,1,1,1,1,0,0,1,1,1,1,1,0,0,0,0,0
422,No,No,789589968ed90e82a832dbc60e958c76b787be7e,No,No,default,Static,Static Function,svm_fpu_dirty_intercept(),xen/arch/x86/hvm/svm/svm.c,3,17,1,7,21,3,17,4,12,1,0,0,5,4,8,11,3,0,8,4,4,4,1,2,0,2,0,0
422,No,No,789589968ed90e82a832dbc60e958c76b787be7e,No,No,default,Static,Static Function,svm_fpu_enter(struct vcpu *),xen/arch/x86/hvm/svm/svm.c,1,8,0,4,9,1,8,2,5,0,0,0,4,1,3,3,1,0,2,1,1,1,1,0,0,0,0,0
422,No,No,789589968ed90e82a832dbc60e958c76b787be7e,No,No,default,Static,Static Function,svm_fpu_leave(struct vcpu *),xen/arch/x86/hvm/svm/svm.c,2,13,6,7,21,2,13,2,8,6,0,0,8,8,7,10,1,0,9,6,6,6,1,0,0,2,0,0
422,No,No,789589968ed90e82a832dbc60e958c76b787be7e,No,No,default,Static,Static Function,svm_get_cpl(struct vcpu *),xen/arch/x86/hvm/svm/svm.c,0,4,0,5,4,0,4,1,1,0,0,0,2,1,1,1,0,0,1,1,1,1,1,0,0,0,0,0
422,No,No,789589968ed90e82a832dbc60e958c76b787be7e,No,No,default,Static,Static Function,"svm_get_guest_pat(struct vcpu *,u64 *)",xen/arch/x86/hvm/svm/svm.c,2,8,0,6,10,2,8,2,5,0,0,0,4,2,4,5,1,0,4,2,2,2,1,1,0,1,0,0
422,No,No,789589968ed90e82a832dbc60e958c76b787be7e,No,No,default,Static,Static Function,"svm_get_insn_bytes(struct vcpu *,uint8_t *)",xen/arch/x86/hvm/svm/svm.c,2,11,1,8,14,2,11,3,6,1,0,0,7,2,5,6,2,0,4,2,2,2,1,0,0,1,0,0
422,No,No,789589968ed90e82a832dbc60e958c76b787be7e,No,No,default,none,Function,"svm_get_insn_len(struct vcpu *,unsigned int)",xen/arch/x86/hvm/svm/emulate.c,9,43,1,15,53,9,37,7,26,1,4,2,15,10,24,29,6,0,23,7,7,9,5,5,5,2,5,0
422,No,No,789589968ed90e82a832dbc60e958c76b787be7e,No,No,default,Static,Static Function,svm_get_interrupt_shadow(struct vcpu *),xen/arch/x86/hvm/svm/svm.c,3,10,0,6,13,3,10,3,7,0,0,0,2,4,5,7,2,0,5,3,3,3,1,0,0,1,0,0
422,No,No,789589968ed90e82a832dbc60e958c76b787be7e,No,No,default,Static,Static Function,"svm_get_pending_event(struct vcpu *,struct x86_event *)",xen/arch/x86/hvm/svm/svm.c,3,10,0,11,13,3,10,2,7,0,0,0,5,2,6,7,1,0,6,2,2,2,1,1,0,1,0,0
422,No,No,789589968ed90e82a832dbc60e958c76b787be7e,No,No,default,Static,Static Function,"svm_get_segment_register(struct vcpu *,enum x86_segment,struct segment_register *)",xen/arch/x86/hvm/svm/svm.c,9,34,1,12,44,9,34,4,28,1,0,0,9,18,22,31,1,0,30,11,6,12,7,15,15,2,15,0
422,No,No,789589968ed90e82a832dbc60e958c76b787be7e,No,No,default,Static,Static Function,svm_get_shadow_gs_base(struct vcpu *),xen/arch/x86/hvm/svm/svm.c,0,4,0,6,4,0,4,1,1,0,0,0,1,1,1,1,0,0,1,1,1,1,1,0,0,0,0,0
422,No,No,789589968ed90e82a832dbc60e958c76b787be7e,No,No,default,Static,Static Function,"svm_get_tsc_offset(uint64_t,uint64_t,uint64_t)",xen/arch/x86/hvm/svm/svm.c,0,5,0,4,5,0,5,2,1,0,0,0,2,1,1,1,0,0,1,1,1,1,1,0,0,0,0,0
422,No,No,789589968ed90e82a832dbc60e958c76b787be7e,No,No,default,Static,Static Function,svm_guest_osvw_init(struct domain *),xen/arch/x86/hvm/svm/svm.c,4,10,12,8,26,4,10,2,7,12,0,0,7,2,6,7,1,0,6,2,2,3,1,0,0,1,0,1
422,No,No,789589968ed90e82a832dbc60e958c76b787be7e,No,No,default,Static,Static Function,svm_guest_x86_mode(struct vcpu *),xen/arch/x86/hvm/svm/svm.c,1,11,0,10,12,1,11,2,8,0,0,0,5,4,5,8,1,0,7,5,5,6,4,3,3,1,3,0
422,No,No,789589968ed90e82a832dbc60e958c76b787be7e,No,No,default,none,Function,svm_host_osvw_init(),xen/arch/x86/hvm/svm/svm.c,5,18,5,3,28,5,18,2,12,5,0,0,6,5,8,11,1,0,10,4,4,5,1,1,0,2,0,0
422,No,No,789589968ed90e82a832dbc60e958c76b787be7e,No,No,default,none,Function,svm_host_osvw_reset(),xen/arch/x86/hvm/svm/svm.c,2,7,1,0,9,2,7,1,4,1,0,0,4,1,4,4,0,0,4,1,1,1,1,0,0,0,0,0
422,No,No,789589968ed90e82a832dbc60e958c76b787be7e,No,No,default,Static,Static Function,svm_init_erratum_383(const struct cpuinfo_x86 *),xen/arch/x86/hvm/svm/svm.c,2,13,2,2,17,2,13,3,7,2,0,0,4,3,4,6,2,0,4,3,3,4,1,2,0,1,0,0
422,No,No,789589968ed90e82a832dbc60e958c76b787be7e,No,No,default,Static,Static Function,"svm_init_hypercall_page(struct domain *,void *)",xen/arch/x86/hvm/svm/svm.c,3,18,5,1,22,3,18,3,11,5,0,0,1,3,13,15,2,0,13,3,3,3,3,1,1,2,1,0
422,No,No,789589968ed90e82a832dbc60e958c76b787be7e,No,No,default,Static,Static Function,svm_inject_event(const struct x86_event *),xen/arch/x86/hvm/svm/svm.c,12,85,37,26,131,12,85,6,69,37,0,0,28,2356,44,64,5,0,59,21,17,27,5,13,4,3,4,0
422,No,No,789589968ed90e82a832dbc60e958c76b787be7e,No,No,default,Static,Static Function,"svm_inject_extint(struct vcpu *,int)",xen/arch/x86/hvm/svm/intr.c,2,11,0,10,13,2,11,3,7,0,0,0,8,2,9,10,2,0,8,3,3,3,1,0,0,2,0,0
422,No,No,789589968ed90e82a832dbc60e958c76b787be7e,No,No,default,Static,Static Function,svm_inject_nmi(struct vcpu *),xen/arch/x86/hvm/svm/intr.c,3,14,4,9,21,3,14,4,10,4,0,0,10,2,11,12,3,0,9,3,3,3,1,0,0,2,0,0
422,No,No,789589968ed90e82a832dbc60e958c76b787be7e,No,No,default,none,Function,"svm_intercept_msr(struct vcpu *,uint32_t,int)",xen/arch/x86/hvm/svm/svm.c,3,16,0,12,19,3,16,3,12,0,0,0,6,18,10,15,2,0,13,7,7,7,1,2,0,2,0,0
422,No,No,789589968ed90e82a832dbc60e958c76b787be7e,No,No,default,none,Function,svm_intr_assist(),xen/arch/x86/hvm/svm/intr.c,10,56,26,12,91,10,56,6,40,26,0,0,16,21,28,41,5,0,36,15,12,18,10,20,19,4,19,0
422,No,No,789589968ed90e82a832dbc60e958c76b787be7e,No,No,default,Static,Static Function,"svm_invlpg(struct vcpu *,unsigned long)",xen/arch/x86/hvm/svm/svm.c,0,4,0,2,4,0,4,1,1,0,0,0,1,1,1,1,0,0,1,1,1,1,1,0,0,0,0,0
422,No,No,789589968ed90e82a832dbc60e958c76b787be7e,No,No,default,Static,Static Function,svm_invlpg_intercept(unsigned long),xen/arch/x86/hvm/svm/svm.c,0,5,0,2,5,0,5,1,2,0,0,0,3,1,2,2,0,0,2,1,1,1,1,0,0,0,0,0
422,No,No,789589968ed90e82a832dbc60e958c76b787be7e,No,No,default,Static,Static Function,"svm_invlpga_intercept(struct vcpu *,unsigned long,uint32_t)",xen/arch/x86/hvm/svm/svm.c,0,8,0,9,8,0,8,2,4,0,0,0,2,1,1,1,0,0,1,2,2,2,1,0,0,0,0,0
422,No,No,789589968ed90e82a832dbc60e958c76b787be7e,No,No,default,Static,Static Function,svm_is_erratum_383(struct cpu_user_regs *),xen/arch/x86/hvm/svm/svm.c,7,18,3,3,28,7,18,4,13,3,0,0,5,4,14,17,3,0,14,4,4,4,3,2,2,1,2,0
422,No,No,789589968ed90e82a832dbc60e958c76b787be7e,No,No,default,Static,Static Function,"svm_load_cpu_state(struct vcpu *,struct hvm_hw_cpu *)",xen/arch/x86/hvm/svm/svm.c,1,11,0,13,12,1,11,2,8,0,0,0,10,1,8,8,1,0,7,1,1,1,1,0,0,0,0,0
422,No,No,789589968ed90e82a832dbc60e958c76b787be7e,No,No,default,Static,Static Function,"svm_load_vmcb_ctxt(struct vcpu *,struct hvm_hw_cpu *)",xen/arch/x86/hvm/svm/svm.c,1,10,0,3,11,1,10,1,6,0,0,0,5,2,7,8,0,0,8,3,3,3,1,1,0,2,0,0
422,No,No,789589968ed90e82a832dbc60e958c76b787be7e,No,No,default,Static,Static Function,svm_lwp_interrupt(struct cpu_user_regs *),xen/arch/x86/hvm/svm/svm.c,1,9,0,4,10,1,9,2,6,0,0,0,3,1,3,3,1,0,2,1,1,1,1,0,0,0,0,0
422,No,No,789589968ed90e82a832dbc60e958c76b787be7e,No,No,default,Static,Static Function,svm_lwp_load(struct vcpu *),xen/arch/x86/hvm/svm/svm.c,0,5,1,7,6,0,5,1,2,1,0,0,2,2,1,2,0,0,2,2,2,2,1,0,0,1,0,0
422,No,No,789589968ed90e82a832dbc60e958c76b787be7e,No,No,default,Static,Static Function,svm_lwp_save(struct vcpu *),xen/arch/x86/hvm/svm/svm.c,0,8,1,6,9,0,8,1,3,1,0,0,2,2,2,3,0,0,3,2,2,2,1,0,0,1,0,0
422,No,No,789589968ed90e82a832dbc60e958c76b787be7e,No,No,default,Static,Static Function,"svm_msr_read_intercept(unsigned int,uint64_t *)",xen/arch/x86/hvm/svm/svm.c,25,125,23,26,171,25,125,5,114,23,0,0,13,68,57,113,4,0,109,55,9,56,27,303,303,2,303,0
422,No,No,789589968ed90e82a832dbc60e958c76b787be7e,No,No,default,Static,Static Function,"svm_msr_write_intercept(unsigned int,uint64_t)",xen/arch/x86/hvm/svm/svm.c,26,138,8,11,171,26,138,5,128,8,0,0,34,76,59,127,4,0,123,66,12,67,22,220,199,2,199,0
422,No,No,789589968ed90e82a832dbc60e958c76b787be7e,No,No,default,none,Function,"svm_msrbit(unsigned long *,uint32_t)",xen/arch/x86/hvm/svm/svm.c,2,12,3,4,17,2,12,3,8,3,0,0,1,4,5,8,1,0,7,4,4,6,1,2,0,1,0,0
422,No,No,789589968ed90e82a832dbc60e958c76b787be7e,No,No,default,none,Function,svm_nested_features_on_efer_update(struct vcpu *),xen/arch/x86/hvm/svm/nestedsvm.c,3,54,4,15,61,3,54,5,37,4,0,0,12,8,26,31,4,0,27,6,6,9,1,1,0,2,0,0
422,No,No,789589968ed90e82a832dbc60e958c76b787be7e,No,No,default,Static,Static Function,svm_nextrip_insn_length(struct vcpu *),xen/arch/x86/hvm/svm/emulate.c,3,21,3,9,27,3,19,2,14,3,0,2,2,3,5,13,1,0,12,8,3,8,1,2,0,1,0,0
422,No,No,789589968ed90e82a832dbc60e958c76b787be7e,No,No,default,Static,Static Function,svm_restore_dr(struct vcpu *),xen/arch/x86/hvm/svm/svm.c,1,6,0,7,7,1,6,2,3,0,0,0,2,2,2,3,1,0,2,2,2,2,1,0,0,1,0,0
422,No,No,789589968ed90e82a832dbc60e958c76b787be7e,No,No,default,Static,Static Function,"svm_save_cpu_state(struct vcpu *,struct hvm_hw_cpu *)",xen/arch/x86/hvm/svm/svm.c,1,9,0,11,10,1,9,2,6,0,0,0,6,1,6,6,1,0,5,1,1,1,1,0,0,0,0,0
422,No,No,789589968ed90e82a832dbc60e958c76b787be7e,No,No,default,Static,Static Function,svm_save_dr(struct vcpu *),xen/arch/x86/hvm/svm/svm.c,5,26,1,15,32,5,26,3,21,1,0,0,12,3,19,21,2,0,19,3,3,3,1,1,0,1,0,0
422,No,No,789589968ed90e82a832dbc60e958c76b787be7e,No,No,default,Static,Static Function,"svm_save_vmcb_ctxt(struct vcpu *,struct hvm_hw_cpu *)",xen/arch/x86/hvm/svm/svm.c,0,5,0,2,5,0,5,1,2,0,0,0,2,1,2,2,0,0,2,1,1,1,1,0,0,0,0,0
422,No,No,789589968ed90e82a832dbc60e958c76b787be7e,No,No,default,Static,Static Function,"svm_set_descriptor_access_exiting(struct vcpu *,bool)",xen/arch/x86/hvm/svm/svm.c,2,14,0,6,16,2,14,7,11,0,0,0,2,2,6,7,3,0,4,2,2,2,1,1,0,1,0,0
422,No,No,789589968ed90e82a832dbc60e958c76b787be7e,No,No,default,Static,Static Function,"svm_set_guest_pat(struct vcpu *,u64)",xen/arch/x86/hvm/svm/svm.c,2,8,0,7,10,2,8,2,5,0,0,0,3,2,4,5,1,0,4,2,2,2,1,1,0,1,0,0
422,No,No,789589968ed90e82a832dbc60e958c76b787be7e,No,No,default,Static,Static Function,"svm_set_icebp_interception(struct domain *,bool)",xen/arch/x86/hvm/svm/svm.c,3,14,0,8,17,3,14,4,8,0,0,0,2,3,8,10,3,0,7,4,4,4,1,1,0,2,0,0
422,No,No,789589968ed90e82a832dbc60e958c76b787be7e,No,No,default,Static,Static Function,"svm_set_interrupt_shadow(struct vcpu *,unsigned int)",xen/arch/x86/hvm/svm/svm.c,2,11,0,6,13,2,11,3,8,0,0,0,3,2,6,7,2,0,5,2,2,2,1,0,0,1,0,0
422,No,No,789589968ed90e82a832dbc60e958c76b787be7e,No,No,default,Static,Static Function,"svm_set_rdtsc_exiting(struct vcpu *,bool_t)",xen/arch/x86/hvm/svm/svm.c,3,15,0,6,18,3,15,4,10,0,0,0,4,2,9,10,3,0,7,2,2,2,1,0,0,1,0,0
422,No,No,789589968ed90e82a832dbc60e958c76b787be7e,No,No,default,Static,Static Function,"svm_set_segment_register(struct vcpu *,enum x86_segment,struct segment_register *)",xen/arch/x86/hvm/svm/svm.c,12,56,2,12,69,12,56,3,48,2,0,0,17,66,29,51,1,0,50,23,7,24,11,24,24,2,24,0
422,No,No,789589968ed90e82a832dbc60e958c76b787be7e,No,No,default,Static,Static Function,"svm_set_tsc_offset(struct vcpu *,u64,u64)",xen/arch/x86/hvm/svm/svm.c,6,26,0,11,32,6,26,7,19,0,0,0,8,4,14,17,6,0,11,4,4,4,1,1,0,2,0,0
422,No,No,789589968ed90e82a832dbc60e958c76b787be7e,No,No,default,Static,Static Function,"svm_sync_vmcb(struct vcpu *,enum vmcb_sync_state)",xen/arch/x86/hvm/svm/svm.c,3,17,0,13,20,3,17,2,10,0,0,0,3,6,5,9,1,0,8,5,5,5,1,1,0,2,0,0
422,No,No,789589968ed90e82a832dbc60e958c76b787be7e,No,No,default,Static,Static Function,svm_tsc_ratio_load(struct vcpu *),xen/arch/x86/hvm/svm/svm.c,0,5,0,5,5,0,5,1,2,0,0,0,3,2,1,2,0,0,2,2,2,3,1,0,0,1,0,0
422,No,No,789589968ed90e82a832dbc60e958c76b787be7e,No,No,default,Static,Static Function,svm_tsc_ratio_save(struct vcpu *),xen/arch/x86/hvm/svm/svm.c,0,5,1,5,6,0,5,1,2,1,0,0,2,2,1,2,0,0,2,2,2,3,1,0,0,1,0,0
422,No,No,789589968ed90e82a832dbc60e958c76b787be7e,No,No,default,none,Function,"svm_update_guest_cr(struct vcpu *,unsigned int,unsigned int)",xen/arch/x86/hvm/svm/svm.c,7,63,14,17,83,7,63,5,45,14,0,0,18,41,25,43,4,1,38,19,16,19,1,13,0,4,0,0
422,No,No,789589968ed90e82a832dbc60e958c76b787be7e,No,No,default,Static,Static Function,svm_update_guest_efer(struct vcpu *),xen/arch/x86/hvm/svm/svm.c,6,19,11,8,36,6,19,4,13,11,0,0,7,12,10,14,2,0,12,6,6,7,1,0,0,2,0,0
422,No,No,789589968ed90e82a832dbc60e958c76b787be7e,No,No,default,Static,Static Function,"svm_update_lwp_cfg(struct vcpu *,uint64_t)",xen/arch/x86/hvm/svm/svm.c,7,25,4,13,36,7,25,3,14,4,0,0,11,4,11,14,2,0,12,4,4,6,3,3,2,2,2,0
422,No,No,789589968ed90e82a832dbc60e958c76b787be7e,No,No,default,Static,Static Function,svm_vcpu_destroy(struct vcpu *),xen/arch/x86/hvm/svm/svm.c,0,5,0,1,5,0,5,1,2,0,0,0,2,1,2,2,0,0,2,1,1,1,1,0,0,0,0,0
422,No,No,789589968ed90e82a832dbc60e958c76b787be7e,No,No,default,Static,Static Function,svm_vcpu_initialise(struct vcpu *),xen/arch/x86/hvm/svm/svm.c,3,13,0,1,16,3,13,2,7,0,0,0,8,2,5,6,1,0,5,2,2,2,1,1,0,1,0,0
422,No,No,789589968ed90e82a832dbc60e958c76b787be7e,No,No,default,Static,Static Function,"svm_vmcb_restore(struct vcpu *,struct hvm_hw_cpu *)",xen/arch/x86/hvm/svm/svm.c,11,68,2,23,80,11,68,4,49,2,0,0,33,44,30,39,3,0,36,11,11,15,7,8,7,3,7,0
422,No,No,789589968ed90e82a832dbc60e958c76b787be7e,No,No,default,Static,Static Function,"svm_vmcb_save(struct vcpu *,struct hvm_hw_cpu *)",xen/arch/x86/hvm/svm/svm.c,3,15,0,16,18,3,15,2,10,0,0,0,8,2,7,8,1,0,7,2,2,3,1,0,0,1,0,0
422,No,No,789589968ed90e82a832dbc60e958c76b787be7e,No,No,default,none,Function,svm_vmenter_helper(const struct cpu_user_regs *),xen/arch/x86/hvm/svm/svm.c,4,15,1,9,19,4,15,3,12,1,0,0,9,2,9,10,2,0,8,3,3,3,1,0,0,1,0,0
422,No,No,789589968ed90e82a832dbc60e958c76b787be7e,No,No,default,none,Function,"svm_vmexit_do_clgi(struct cpu_user_regs *,struct vcpu *)",xen/arch/x86/hvm/svm/nestedsvm.c,5,21,1,7,27,5,21,5,14,1,0,0,11,3,14,16,4,0,12,3,3,3,3,2,2,1,2,0
422,No,No,789589968ed90e82a832dbc60e958c76b787be7e,No,No,default,Static,Static Function,"svm_vmexit_do_cpuid(struct cpu_user_regs *,unsigned int)",xen/arch/x86/hvm/svm/svm.c,4,17,1,9,21,4,17,3,11,1,0,0,11,2,11,12,2,0,10,2,2,2,1,1,0,1,0,0
422,No,No,789589968ed90e82a832dbc60e958c76b787be7e,No,No,default,Static,Static Function,"svm_vmexit_do_cr_access(struct vmcb_struct *,struct cpu_user_regs *)",xen/arch/x86/hvm/svm/svm.c,3,12,0,7,15,3,12,3,7,0,0,0,3,2,7,8,1,0,7,3,3,3,1,0,0,1,0,0
422,No,No,789589968ed90e82a832dbc60e958c76b787be7e,No,No,default,Static,Static Function,"svm_vmexit_do_hlt(struct vmcb_struct *,struct cpu_user_regs *)",xen/arch/x86/hvm/svm/svm.c,2,9,0,3,11,2,9,3,4,0,0,0,3,2,4,5,1,0,4,2,2,2,1,1,0,1,0,0
422,No,No,789589968ed90e82a832dbc60e958c76b787be7e,No,No,default,Static,Static Function,"svm_vmexit_do_invalidate_cache(struct cpu_user_regs *,bool)",xen/arch/x86/hvm/svm/svm.c,3,10,0,3,13,3,10,4,6,0,0,0,3,2,4,5,1,0,4,3,3,3,1,1,0,1,0,0
422,No,No,789589968ed90e82a832dbc60e958c76b787be7e,No,No,default,Static,Static Function,svm_vmexit_do_pause(struct cpu_user_regs *),xen/arch/x86/hvm/svm/svm.c,2,9,4,2,15,2,9,2,5,4,0,0,5,2,5,6,1,0,5,2,2,2,1,1,0,1,0,0
422,No,No,789589968ed90e82a832dbc60e958c76b787be7e,No,No,default,Static,Static Function,"svm_vmexit_do_rdtsc(struct cpu_user_regs *,bool)",xen/arch/x86/hvm/svm/svm.c,5,18,0,11,23,5,18,4,12,0,0,0,6,4,9,12,3,0,9,5,5,6,3,2,2,1,2,0
422,No,No,789589968ed90e82a832dbc60e958c76b787be7e,No,No,default,none,Function,"svm_vmexit_do_stgi(struct cpu_user_regs *,struct vcpu *)",xen/arch/x86/hvm/svm/nestedsvm.c,4,13,4,4,21,4,13,2,7,4,0,0,5,3,6,8,1,0,7,3,3,3,3,2,2,1,2,0
422,No,No,789589968ed90e82a832dbc60e958c76b787be7e,No,No,default,Static,Static Function,"svm_vmexit_do_vmload(struct vmcb_struct *,struct cpu_user_regs *,struct vcpu *,uint64_t)",xen/arch/x86/hvm/svm/svm.c,6,27,1,4,34,6,27,6,15,1,0,0,14,4,13,16,2,0,14,4,4,4,4,3,3,1,3,0
422,No,No,789589968ed90e82a832dbc60e958c76b787be7e,No,No,default,Static,Static Function,"svm_vmexit_do_vmrun(struct cpu_user_regs *,struct vcpu *,uint64_t)",xen/arch/x86/hvm/svm/svm.c,2,18,0,3,20,2,18,3,9,0,0,0,6,3,7,9,0,0,9,3,3,3,3,2,2,1,2,0
422,No,No,789589968ed90e82a832dbc60e958c76b787be7e,No,No,default,Static,Static Function,"svm_vmexit_do_vmsave(struct vmcb_struct *,struct cpu_user_regs *,struct vcpu *,uint64_t)",xen/arch/x86/hvm/svm/svm.c,4,26,0,4,30,4,26,6,14,0,0,0,9,4,12,15,2,0,13,4,4,4,4,3,3,1,3,0
422,No,No,789589968ed90e82a832dbc60e958c76b787be7e,No,No,default,none,Function,svm_vmexit_handler(struct cpu_user_regs *),xen/arch/x86/hvm/svm/svm.c,70,400,41,37,508,70,400,26,349,41,0,0,96,128000,227,329,25,0,304,111,57,117,62,1244,1233,4,1233,0
422,No,No,789589968ed90e82a832dbc60e958c76b787be7e,No,No,default,Static,Static Function,"svm_vmexit_mce_intercept(struct vcpu *,struct cpu_user_regs *)",xen/arch/x86/hvm/svm/svm.c,0,9,0,4,9,0,9,2,3,0,0,0,3,2,4,5,0,0,5,3,3,3,1,0,0,2,0,0
422,No,No,789589968ed90e82a832dbc60e958c76b787be7e,No,No,default,Static,Static Function,svm_wbinvd_intercept(),xen/arch/x86/hvm/svm/svm.c,0,5,0,2,5,0,5,1,2,0,0,0,2,2,1,2,0,0,2,2,2,2,1,0,0,1,0,0
422,No,No,789589968ed90e82a832dbc60e958c76b787be7e,No,No,default,Static,Static Function,"swap_grant_ref(grant_ref_t,grant_ref_t)",xen/common/grant_table.c,13,48,2,9,63,13,48,10,36,2,0,0,11,256,42,50,8,0,42,13,13,13,6,6,5,2,5,0
422,No,No,789589968ed90e82a832dbc60e958c76b787be7e,No,No,default,Static,Static Function,switch_serial_input(),xen/drivers/char/console.c,1,17,0,3,18,1,17,1,10,0,0,0,2,4,6,8,0,0,8,3,3,3,1,1,0,1,0,0
422,No,No,789589968ed90e82a832dbc60e958c76b787be7e,No,No,default,Static,Static Function,sync_exception_state(struct vcpu *),xen/arch/x86/hvm/vmx/vvmx.c,3,30,2,5,35,3,30,2,25,2,0,0,4,5,15,22,1,0,21,7,3,7,1,7,0,1,0,0
422,No,No,789589968ed90e82a832dbc60e958c76b787be7e,No,No,default,none,Function,sync_local_execstate(),xen/arch/arm/domain.c,0,3,1,0,4,0,3,1,0,1,0,0,0,1,0,0,0,0,0,1,1,1,1,0,0,0,0,0
422,No,No,789589968ed90e82a832dbc60e958c76b787be7e,No,No,default,none,Function,sync_local_execstate(),xen/arch/x86/domain.c,0,4,0,1,4,0,4,1,1,0,0,0,1,1,1,1,0,0,1,1,1,1,1,0,0,0,0,0
422,No,No,789589968ed90e82a832dbc60e958c76b787be7e,No,No,default,none,Function,sync_vcpu_execstate(struct vcpu *),xen/arch/arm/domain.c,0,3,1,0,4,0,3,1,0,1,0,0,0,1,0,0,0,0,0,1,1,1,1,0,0,0,0,0
422,No,No,789589968ed90e82a832dbc60e958c76b787be7e,No,No,default,none,Function,sync_vcpu_execstate(struct vcpu *),xen/arch/x86/domain.c,0,9,1,2,10,0,9,1,4,1,0,0,5,3,2,4,0,0,4,3,3,3,1,1,0,1,0,0
422,No,No,789589968ed90e82a832dbc60e958c76b787be7e,No,No,default,Static,Static Function,"sync_vvmcs_guest_state(struct vcpu *,struct cpu_user_regs *)",xen/arch/x86/hvm/vmx/vvmx.c,2,11,4,11,17,2,11,1,8,4,0,0,5,4,5,7,0,0,7,3,3,3,1,0,0,1,0,0
422,No,No,789589968ed90e82a832dbc60e958c76b787be7e,No,No,default,Static,Static Function,sync_vvmcs_ro(struct vcpu *),xen/arch/x86/hvm/vmx/vvmx.c,2,10,1,6,13,2,10,2,5,1,0,0,5,2,4,5,1,0,4,2,2,2,1,0,0,1,0,0
422,No,No,789589968ed90e82a832dbc60e958c76b787be7e,No,No,default,Static,Static Function,synchronize_tsc_master(unsigned int),xen/arch/x86/smpboot.c,4,19,0,5,23,4,19,2,13,0,0,0,10,5,11,15,1,0,14,5,5,6,3,2,2,2,2,0
422,No,No,789589968ed90e82a832dbc60e958c76b787be7e,No,No,default,Static,Static Function,synchronize_tsc_slave(unsigned int),xen/arch/x86/smpboot.c,3,17,5,6,25,3,17,2,11,5,0,0,7,5,9,13,1,0,12,5,5,6,3,2,2,2,2,0
422,No,No,789589968ed90e82a832dbc60e958c76b787be7e,No,No,default,Static,Static Function,"t2c_update(struct csched2_runqueue_data *,s_time_t,struct csched2_vcpu *)",xen/common/sched_credit2.c,1,7,0,7,8,1,7,3,3,0,0,0,4,1,3,3,1,0,2,1,1,1,1,0,0,0,0,0
422,No,No,789589968ed90e82a832dbc60e958c76b787be7e,No,No,default,Static,Static Function,"test_cc(unsigned int,unsigned int)",xen/arch/x86/x86_emulate/x86_emulate.c,2,33,10,3,37,2,33,4,26,10,0,0,1,9,17,26,1,0,25,9,2,9,9,27,27,1,27,0
422,No,No,789589968ed90e82a832dbc60e958c76b787be7e,No,No,default,Static,Static Function,"test_group(const struct test [],unsigned int,const unsigned char [],unsigned int,void *,struct x86_emulate_ctxt *)",tools/tests/x86_emulator/evex-disp8.c,6,40,0,12,46,6,38,4,26,0,0,2,3,12,16,24,1,0,23,10,7,13,4,11,4,3,1,0
422,No,No,789589968ed90e82a832dbc60e958c76b787be7e,No,No,default,Static,Static Function,"test_one(const struct test *,enum vl,unsigned char *,struct x86_emulate_ctxt *)",tools/tests/x86_emulator/evex-disp8.c,29,148,10,21,183,29,146,33,112,10,0,2,15,619920,104,147,22,9,116,49,30,55,23,91,58,2,52,0
422,No,No,789589968ed90e82a832dbc60e958c76b787be7e,No,No,default,Static,Static Function,"test_pair(const struct test *,enum vl,enum esz,const char *,enum esz,const char *,unsigned char *,struct x86_emulate_ctxt *)",tools/tests/x86_emulator/evex-disp8.c,2,16,0,10,18,2,16,6,9,0,0,0,5,1,10,10,2,0,8,1,1,1,1,0,0,0,0,0
422,No,No,789589968ed90e82a832dbc60e958c76b787be7e,No,No,default,Static,Static Function,third_table_offset_16K(paddr_t),xen/include/asm-arm/lpae.h,0,1,0,1,1,0,1,1,1,0,0,0,2,1,1,1,0,0,1,1,1,1,1,0,0,0,0,0
422,No,No,789589968ed90e82a832dbc60e958c76b787be7e,No,No,default,Static,Static Function,third_table_offset_4K(paddr_t),xen/include/asm-arm/lpae.h,0,1,0,1,1,0,1,1,1,0,0,0,2,1,1,1,0,0,1,1,1,1,1,0,0,0,0,0
422,No,No,789589968ed90e82a832dbc60e958c76b787be7e,No,No,default,Static,Static Function,third_table_offset_64K(paddr_t),xen/include/asm-arm/lpae.h,0,1,0,1,1,0,1,1,1,0,0,0,2,1,1,1,0,0,1,1,1,1,1,0,0,0,0,0
422,No,No,789589968ed90e82a832dbc60e958c76b787be7e,No,No,default,none,Function,this_cpu(),xen/arch/x86/irq.c,3,10,0,7,13,3,10,6,5,0,0,0,5,1,3,3,0,0,3,1,1,1,1,0,0,0,0,0
422,No,No,789589968ed90e82a832dbc60e958c76b787be7e,No,No,default,none,Function,this_cpu(),xen/common/schedule.c,0,2,0,3,2,0,2,2,1,0,0,0,4,2,1,2,0,0,2,2,2,2,1,0,0,1,0,0
422,No,No,789589968ed90e82a832dbc60e958c76b787be7e,No,No,default,Static,Static Function,"tickle_cpu(unsigned int,struct csched2_runqueue_data *)",xen/common/sched_credit2.c,0,7,0,8,7,0,7,2,3,0,0,0,4,1,3,3,0,0,3,1,1,1,1,0,0,0,0,0
422,No,No,789589968ed90e82a832dbc60e958c76b787be7e,No,No,default,Static,Static Function,"tickle_score(const struct scheduler *,s_time_t,struct csched2_vcpu *,unsigned int)",xen/common/sched_credit2.c,7,37,11,14,55,7,37,10,24,11,0,0,17,21,19,25,7,0,18,7,7,8,1,1,0,2,0,0
422,No,No,789589968ed90e82a832dbc60e958c76b787be7e,No,No,default,Static,Static Function,time_calibration(void *),xen/arch/x86/time.c,3,16,1,3,20,3,16,4,11,1,0,0,8,2,6,7,1,0,6,2,2,2,1,0,0,1,0,0
422,No,No,789589968ed90e82a832dbc60e958c76b787be7e,No,No,default,Static,Static Function,time_calibration_nop_rendezvous(void *),xen/arch/x86/time.c,2,9,0,3,11,2,9,3,6,0,0,0,5,1,6,6,2,0,4,1,1,1,1,0,0,0,0,0
422,No,No,789589968ed90e82a832dbc60e958c76b787be7e,No,No,default,Static,Static Function,time_calibration_rendezvous_tail(const struct calibration_rendezvous *),xen/arch/x86/time.c,2,9,0,5,11,2,9,3,5,0,0,0,7,1,5,5,1,0,4,1,1,1,1,0,0,0,0,0
422,No,No,789589968ed90e82a832dbc60e958c76b787be7e,No,No,default,Static,Static Function,time_calibration_std_rendezvous(void *),xen/arch/x86/time.c,2,21,2,3,23,2,21,3,14,2,0,0,10,4,10,13,2,0,11,4,4,4,1,1,0,2,0,0
422,No,No,789589968ed90e82a832dbc60e958c76b787be7e,No,No,default,Static,Static Function,time_calibration_tsc_rendezvous(void *),xen/arch/x86/time.c,7,37,1,5,45,7,37,4,25,1,0,0,12,25,18,27,3,0,24,10,10,10,1,1,0,3,0,0
422,No,No,789589968ed90e82a832dbc60e958c76b787be7e,No,No,default,none,Function,time_latch_stamps(),xen/arch/x86/time.c,2,9,0,3,11,2,9,2,5,0,0,0,9,1,6,6,1,0,5,1,1,1,1,0,0,0,0,0
422,No,No,789589968ed90e82a832dbc60e958c76b787be7e,No,No,default,none,Function,time_resume(),xen/arch/x86/time.c,8,13,0,2,21,8,13,1,10,0,0,0,13,2,9,10,0,0,10,2,2,2,1,0,0,1,0,0
422,No,No,789589968ed90e82a832dbc60e958c76b787be7e,No,No,default,none,Function,time_suspend(),xen/arch/x86/time.c,3,12,2,2,17,3,12,1,7,2,0,0,9,2,6,7,0,0,7,2,2,2,1,0,0,1,0,0
422,No,No,789589968ed90e82a832dbc60e958c76b787be7e,No,No,default,Static,Static Function,"timer_interrupt(int,void *,struct cpu_user_regs *)",xen/arch/x86/time.c,9,22,3,2,34,9,22,2,16,3,0,0,13,18,14,19,1,0,18,7,7,7,1,1,0,2,0,0
422,No,No,789589968ed90e82a832dbc60e958c76b787be7e,No,No,default,Static,Static Function,timer_mode(const libxl_domain_build_info *),tools/libxl/libxl_dom.c,0,7,0,3,7,0,7,2,4,0,0,0,3,2,5,6,1,1,4,3,3,5,1,1,0,1,0,0
422,No,No,789589968ed90e82a832dbc60e958c76b787be7e,No,No,default,Static,Static Function,"timer_sanitize_int_route(HPETState *,unsigned int)",xen/arch/x86/hvm/hpet.c,2,11,4,7,17,2,11,1,8,4,0,0,5,3,4,6,0,0,6,3,3,3,3,2,2,1,2,0
422,No,No,789589968ed90e82a832dbc60e958c76b787be7e,No,No,default,Static,Static Function,token_value(char *),tools/python/xen/lowlevel/xc/xc.c,0,5,0,2,5,0,5,1,2,0,0,0,3,1,2,2,0,0,2,1,1,1,1,0,0,0,0,0
422,No,No,789589968ed90e82a832dbc60e958c76b787be7e,No,No,default,none,Function,total_free_pages(),xen/common/page_alloc.c,0,4,0,2,4,0,4,1,1,0,0,0,1,1,1,1,0,0,1,1,1,1,1,0,0,0,0,0
422,No,No,789589968ed90e82a832dbc60e958c76b787be7e,No,No,default,Static,Static Function,trace_continue_running(struct vcpu *),xen/common/schedule.c,3,9,1,5,12,3,9,2,5,1,0,0,5,2,6,7,2,0,5,2,2,2,1,1,0,1,0,0
422,No,No,789589968ed90e82a832dbc60e958c76b787be7e,No,No,default,Static,Static Function,"trace_irq_mask(u32,int,int,cpumask_t *)",xen/arch/x86/irq.c,0,12,0,7,12,0,12,5,5,0,0,0,6,1,8,8,3,0,5,1,1,1,1,0,0,0,0,0
422,No,No,789589968ed90e82a832dbc60e958c76b787be7e,No,No,default,Static,Static Function,"trace_resync(int,mfn_t)",xen/arch/x86/mm/shadow/common.c,0,8,2,5,9,0,8,2,3,2,0,0,3,2,2,3,1,0,2,2,2,2,1,0,0,1,0,0
422,No,No,789589968ed90e82a832dbc60e958c76b787be7e,No,No,default,Static,Static Function,"trace_runstate_change(struct vcpu *,int)",xen/common/schedule.c,4,13,1,8,17,4,13,3,8,1,0,0,5,2,10,11,3,0,8,2,2,2,1,1,0,1,0,0
422,No,No,789589968ed90e82a832dbc60e958c76b787be7e,No,No,default,Static,Static Function,"trace_shadow_prealloc_unpin(struct domain *,mfn_t)",xen/arch/x86/mm/shadow/common.c,0,10,2,6,11,0,10,2,4,2,0,0,8,2,4,5,1,0,4,2,2,2,1,0,0,1,0,0
422,No,No,789589968ed90e82a832dbc60e958c76b787be7e,No,No,default,Static,Static Function,trace_shadow_wrmap_bf(mfn_t),xen/arch/x86/mm/shadow/common.c,0,8,2,3,9,0,8,2,3,2,0,0,3,2,2,3,1,0,2,2,2,2,1,0,0,1,0,0
422,No,No,789589968ed90e82a832dbc60e958c76b787be7e,No,No,default,Static,Static Function,transfer_pages_to_heap(struct mem_hotadd_info *),xen/arch/x86/x86_64/mm.c,3,12,4,5,19,3,12,3,5,4,0,0,6,2,8,9,2,0,7,2,2,2,1,0,0,1,0,0
422,No,No,789589968ed90e82a832dbc60e958c76b787be7e,No,No,default,none,Function,trapstr(unsigned int),xen/arch/x86/traps.c,1,12,0,4,13,1,12,9,9,0,0,0,2,1,2,2,1,0,1,2,2,2,1,0,0,0,0,0
422,No,No,789589968ed90e82a832dbc60e958c76b787be7e,No,No,default,Static,Static Function,try_map_mmio(gfn_t),xen/arch/arm/traps.c,5,12,6,4,23,5,12,3,9,6,0,0,6,4,6,9,2,0,7,4,4,4,4,3,3,1,3,0
422,No,No,789589968ed90e82a832dbc60e958c76b787be7e,No,No,default,Static,Static Function,tsc_check_reliability(),xen/arch/x86/time.c,3,15,0,4,18,3,15,3,11,0,0,0,12,2,11,12,2,0,10,2,2,2,1,0,0,1,0,0
422,No,No,789589968ed90e82a832dbc60e958c76b787be7e,No,No,default,Static,Static Function,tsc_check_slave(void *),xen/arch/x86/time.c,0,10,0,3,10,0,10,2,7,0,0,0,7,2,6,7,1,0,6,2,2,2,1,0,0,1,0,0
422,No,No,789589968ed90e82a832dbc60e958c76b787be7e,No,No,default,none,Function,"tsc_get_info(struct domain *,uint32_t *,uint64_t *,uint32_t *,uint32_t *)",xen/arch/x86/time.c,4,30,0,12,34,4,30,6,20,0,0,0,8,10,14,20,2,0,18,7,5,9,5,2,2,2,2,0
422,No,No,789589968ed90e82a832dbc60e958c76b787be7e,No,No,default,none,Function,"tsc_set_info(struct domain *,uint32_t,uint64_t,uint32_t,uint32_t)",xen/arch/x86/time.c,9,51,15,19,75,9,51,3,36,15,0,0,26,24,21,31,0,0,31,12,10,20,3,6,2,2,2,0
422,No,No,789589968ed90e82a832dbc60e958c76b787be7e,No,No,default,none,Function,tsc_ticks2ns(uint64_t),xen/arch/x86/time.c,1,5,0,2,6,1,5,2,2,0,0,0,3,1,2,2,1,0,1,1,1,1,1,0,0,0,0,0
422,No,No,789589968ed90e82a832dbc60e958c76b787be7e,No,No,default,none,Function,typeof(),xen/arch/x86/x86_emulate/x86_emulate.c,1,2,0,0,3,1,2,2,2,0,0,0,1,2,2,3,0,0,3,3,3,3,1,1,0,1,0,0
422,No,No,789589968ed90e82a832dbc60e958c76b787be7e,No,No,default,none,Function,typeof(),xen/arch/x86/x86_emulate/x86_emulate.c,1,3,0,3,4,1,3,3,3,0,0,0,1,2,2,3,0,0,3,3,3,3,1,1,0,1,0,0
422,No,No,789589968ed90e82a832dbc60e958c76b787be7e,No,No,default,Static,Static Function,"umip_active(struct x86_emulate_ctxt *,const struct x86_emulate_ops *)",xen/arch/x86/x86_emulate/x86_emulate.c,1,8,1,3,10,1,8,3,3,1,0,0,3,1,2,2,1,0,1,1,1,4,1,0,0,0,0,0
422,No,No,789589968ed90e82a832dbc60e958c76b787be7e,No,No,default,Static,Static Function,"unknown_nmi_error(const struct cpu_user_regs *,unsigned char)",xen/arch/x86/traps.c,0,16,3,4,16,0,16,2,10,3,0,0,4,3,6,9,0,0,9,3,2,3,3,1,1,1,1,0
422,No,No,789589968ed90e82a832dbc60e958c76b787be7e,No,No,default,Static,Static Function,"unlink_pirq_port(struct evtchn *,struct vcpu *)",xen/common/event_channel.c,1,12,0,9,13,1,12,2,9,0,0,0,7,4,4,6,1,0,5,3,3,3,1,1,0,1,0,0
422,No,No,789589968ed90e82a832dbc60e958c76b787be7e,No,No,default,Static,Static Function,unlock_page_alloc(struct p2m_domain *),xen/arch/x86/mm/p2m-pod.c,0,5,0,9,5,0,5,1,2,0,0,0,3,1,2,2,0,0,2,1,1,1,1,0,0,0,0,0
422,No,No,789589968ed90e82a832dbc60e958c76b787be7e,No,No,default,none,Function,unlock_vector_lock(),xen/arch/x86/irq.c,0,4,0,1,4,0,4,1,1,0,0,0,1,1,1,1,0,0,1,1,1,1,1,0,0,0,0,0
422,No,No,789589968ed90e82a832dbc60e958c76b787be7e,No,No,default,Static,Static Function,"unmap_and_replace(struct gnttab_unmap_and_replace *,struct gnttab_unmap_common *)",xen/common/grant_table.c,2,15,1,7,18,2,15,4,9,1,0,0,12,1,9,9,0,0,9,1,1,1,1,0,0,0,0,0
422,No,No,789589968ed90e82a832dbc60e958c76b787be7e,No,No,default,Static,Static Function,unmap_common(struct gnttab_unmap_common *),xen/common/grant_table.c,29,119,17,17,164,29,119,14,83,17,0,0,33,2692,70,87,10,0,77,20,20,27,10,10,9,2,9,0
422,No,No,789589968ed90e82a832dbc60e958c76b787be7e,No,No,default,Static,Static Function,unmap_common_complete(struct gnttab_unmap_common *),xen/common/grant_table.c,15,63,1,14,79,15,63,8,44,1,0,0,17,1353,33,47,6,0,41,17,17,18,1,5,0,3,0,0
422,No,No,789589968ed90e82a832dbc60e958c76b787be7e,No,No,default,none,Function,"unmap_domain_pirq(struct domain *,int)",xen/arch/x86/irq.c,24,111,0,19,135,24,111,8,83,0,0,0,26,61921,56,75,7,2,66,22,22,26,11,12,12,3,11,0
422,No,No,789589968ed90e82a832dbc60e958c76b787be7e,No,No,default,none,Function,"unmap_domain_pirq_emuirq(struct domain *,int)",xen/arch/x86/irq.c,6,28,0,9,34,6,28,3,19,0,0,0,12,10,14,19,2,0,17,6,6,7,3,3,2,1,2,0
422,No,No,789589968ed90e82a832dbc60e958c76b787be7e,No,No,default,Static,Static Function,"unmap_grant_ref(struct gnttab_unmap_grant_ref *,struct gnttab_unmap_common *)",xen/common/grant_table.c,2,15,1,7,18,2,15,4,9,1,0,0,12,1,9,9,0,0,9,1,1,1,1,0,0,0,0,0
422,No,No,789589968ed90e82a832dbc60e958c76b787be7e,No,No,default,Static,Static Function,"unmap_io_bitmap(struct vcpu *,unsigned int)",xen/arch/x86/hvm/vmx/vvmx.c,1,9,0,6,10,1,9,2,4,0,0,0,2,2,3,4,1,0,3,2,2,2,1,0,0,1,0,0
422,No,No,789589968ed90e82a832dbc60e958c76b787be7e,No,No,default,Static,Static Function,unmap_iommu_mmio_region(struct amd_iommu *),xen/drivers/passthrough/amd/iommu_init.c,0,8,0,3,8,0,8,1,3,0,0,0,4,2,2,3,0,0,3,2,2,2,1,0,0,1,0,0
422,No,No,789589968ed90e82a832dbc60e958c76b787be7e,No,No,default,none,Function,"unmap_mmio_regions(struct domain *,gfn_t,unsigned long,mfn_t)",xen/arch/x86/mm/p2m.c,3,27,1,4,31,3,27,7,15,1,0,0,8,8,13,18,3,1,14,8,8,9,6,5,5,3,5,0
422,No,No,789589968ed90e82a832dbc60e958c76b787be7e,No,No,default,none,Function,"unmap_mmio_regions(struct domain *,gfn_t,unsigned long,mfn_t)",xen/arch/arm/p2m.c,0,7,0,4,7,0,7,4,1,0,0,0,2,1,1,1,0,0,1,1,1,1,1,0,0,0,0,0
422,No,No,789589968ed90e82a832dbc60e958c76b787be7e,No,No,default,Static,Static Function,unmap_msr_bitmap(struct vcpu *),xen/arch/x86/hvm/vmx/vvmx.c,1,9,0,5,10,1,9,2,4,0,0,0,3,2,3,4,1,0,3,2,2,2,1,0,0,1,0,0
422,No,No,789589968ed90e82a832dbc60e958c76b787be7e,No,No,default,none,Function,"unmap_regions_p2mt(struct domain *,gfn_t,unsigned long,mfn_t)",xen/arch/arm/p2m.c,0,7,0,4,7,0,7,4,1,0,0,0,2,1,1,1,0,0,1,1,1,1,1,0,0,0,0,0
422,No,No,789589968ed90e82a832dbc60e958c76b787be7e,No,No,default,none,Function,unmap_vcpu_info(struct vcpu *),xen/common/domain.c,4,10,1,6,14,4,10,2,7,1,0,0,6,2,5,6,1,0,5,2,2,2,1,1,0,1,0,0
422,No,No,789589968ed90e82a832dbc60e958c76b787be7e,No,No,default,none,Function,unmask_8259A(),xen/arch/x86/i8259.c,1,8,0,2,9,1,8,2,4,0,0,0,3,1,5,5,1,0,4,1,1,1,1,0,0,0,0,0
422,No,No,789589968ed90e82a832dbc60e958c76b787be7e,No,No,default,none,Function,unmask_msi_irq(struct irq_desc *),xen/arch/x86/msi.c,0,6,0,5,6,0,6,1,3,0,0,0,3,2,1,2,0,0,2,2,2,2,1,0,0,1,0,0
422,No,No,789589968ed90e82a832dbc60e958c76b787be7e,No,No,default,Static,Static Function,"unpark_parked_vcpus(const struct scheduler *,struct list_head *)",xen/common/sched_credit2.c,4,28,15,11,47,4,28,6,15,15,0,0,14,6,17,21,4,0,17,7,7,7,1,1,0,3,0,0
422,No,No,789589968ed90e82a832dbc60e958c76b787be7e,No,No,default,Static,Static Function,"unregister_ring(struct domain *,__guest_handle_xen_argo_unregister_ring_t)",xen/common/argo.c,20,58,0,14,78,20,58,8,44,0,0,0,22,198,36,47,5,0,42,13,13,14,8,8,7,2,7,0
422,No,No,789589968ed90e82a832dbc60e958c76b787be7e,No,No,default,none,Function,"unsanitise_value(char *,unsigned *,const char *)",tools/xenstore/xs.c,5,34,0,3,39,5,28,5,18,0,0,6,2,20,31,49,4,1,44,20,7,20,1,28,0,4,0,0
422,No,No,789589968ed90e82a832dbc60e958c76b787be7e,No,No,default,Static,Static Function,unset_disk_colo_restore(libxl_domain_config *),tools/libxl/libxl_create.c,1,6,0,6,7,1,6,2,2,0,0,0,1,2,4,5,1,0,4,2,2,2,1,0,0,1,0,0
422,No,No,789589968ed90e82a832dbc60e958c76b787be7e,No,No,default,none,Function,unset_nmi_callback(),xen/arch/x86/traps.c,0,4,0,0,4,0,4,1,1,0,0,0,1,1,1,1,0,0,1,1,1,1,1,0,0,0,0,0
422,No,No,789589968ed90e82a832dbc60e958c76b787be7e,No,No,default,Static,Static Function,"update_clusterinfo(struct notifier_block *,unsigned long,void *)",xen/arch/x86/genapic/x2apic.c,2,30,0,3,32,2,30,4,23,0,0,0,10,11,12,22,2,0,20,11,8,12,4,2,2,3,2,0
422,No,No,789589968ed90e82a832dbc60e958c76b787be7e,No,No,default,none,Function,update_cr3(struct vcpu *),xen/arch/x86/mm.c,3,14,0,6,17,3,14,2,8,0,0,0,4,3,6,8,1,0,7,3,3,3,1,2,0,1,0,0
422,No,No,789589968ed90e82a832dbc60e958c76b787be7e,No,No,default,Static,Static Function,"update_domain_cpuid_info(struct domain *,const struct xen_domctl_cpuid *)",xen/arch/x86/domctl.c,53,190,43,35,284,53,190,22,158,43,0,0,24,3137,98,153,20,0,133,52,34,63,18,77,57,4,57,0
422,No,No,789589968ed90e82a832dbc60e958c76b787be7e,No,No,default,Static,Static Function,update_domain_rtc(),xen/arch/x86/time.c,3,9,0,4,12,3,9,2,5,0,0,0,5,3,6,8,1,0,7,3,3,3,1,0,0,2,0,0
422,No,No,789589968ed90e82a832dbc60e958c76b787be7e,No,No,default,Static,Static Function,"update_entry(struct vpci_msix_entry *,const struct pci_dev *,unsigned int)",xen/drivers/vpci/msix.c,3,24,2,9,29,3,24,4,16,2,0,0,5,3,8,10,2,0,8,3,3,4,3,2,2,1,2,0
422,No,No,789589968ed90e82a832dbc60e958c76b787be7e,No,No,default,none,Function,update_guest_eip(),xen/arch/x86/hvm/vmx/vmx.c,3,15,1,4,18,3,15,3,9,1,0,0,7,4,8,10,2,0,8,3,3,3,1,0,0,1,0,0
422,No,No,789589968ed90e82a832dbc60e958c76b787be7e,No,No,default,none,Function,"update_guest_memory_policy(struct vcpu *,struct guest_memory_policy *)",xen/arch/x86/domain.c,1,14,9,5,24,1,14,4,8,9,0,0,6,3,5,7,2,0,5,3,3,3,1,1,0,2,0,0
422,No,No,789589968ed90e82a832dbc60e958c76b787be7e,No,No,default,Static,Static Function,"update_irte(struct iommu *,struct iremap_entry *,const struct iremap_entry *,bool)",xen/drivers/passthrough/vtd/intremap.c,3,24,12,11,39,3,24,4,14,12,0,0,7,5,10,14,2,0,12,5,5,5,1,4,0,2,0,0
422,No,No,789589968ed90e82a832dbc60e958c76b787be7e,No,No,default,Static,Static Function,"update_load(const struct scheduler *,struct csched2_runqueue_data *,struct csched2_vcpu *,int,s_time_t)",xen/common/sched_credit2.c,1,10,0,13,11,1,10,4,4,0,0,0,4,2,3,4,0,0,4,2,2,2,1,0,0,1,0,0
422,No,No,789589968ed90e82a832dbc60e958c76b787be7e,No,No,default,Static,Static Function,"update_max_weight(struct csched2_runqueue_data *,int,int)",xen/common/sched_credit2.c,4,33,6,10,43,4,33,8,18,6,0,0,10,8,13,17,5,0,12,5,5,5,1,1,0,2,0,0
422,No,No,789589968ed90e82a832dbc60e958c76b787be7e,No,No,default,Static,Static Function,"update_paging_mode(struct domain *,unsigned long)",xen/drivers/passthrough/amd/iommu_map.c,13,75,5,21,93,13,75,12,56,5,0,0,26,20,45,52,11,0,41,9,9,11,7,6,6,2,6,0
422,No,No,789589968ed90e82a832dbc60e958c76b787be7e,No,No,default,Static,Static Function,"update_runq_load(const struct scheduler *,struct csched2_runqueue_data *,int,s_time_t)",xen/common/sched_credit2.c,6,50,30,13,86,6,50,10,30,30,0,0,15,12,26,30,6,1,23,6,6,7,1,1,0,2,0,0
422,No,No,789589968ed90e82a832dbc60e958c76b787be7e,No,No,default,none,Function,update_runstate_area(struct vcpu *),xen/arch/x86/domain.c,8,39,0,11,47,8,39,5,28,0,0,0,11,9,20,24,4,0,20,6,6,6,1,2,0,1,0,0
422,No,No,789589968ed90e82a832dbc60e958c76b787be7e,No,No,default,Static,Static Function,update_runstate_area(struct vcpu *),xen/arch/arm/domain.c,4,23,0,9,27,4,23,2,16,0,0,0,7,5,11,14,1,0,13,4,4,4,1,1,0,1,0,0
422,No,No,789589968ed90e82a832dbc60e958c76b787be7e,No,No,default,none,Function,"update_secondary_system_time(struct vcpu *,struct vcpu_time_info *)",xen/arch/x86/time.c,5,21,3,6,29,5,21,4,15,3,0,0,9,3,13,15,2,0,13,3,3,3,3,2,2,1,2,0
422,No,No,789589968ed90e82a832dbc60e958c76b787be7e,No,No,default,Static,Static Function,"update_svc_load(const struct scheduler *,struct csched2_vcpu *,int,s_time_t)",xen/common/sched_credit2.c,6,51,1,14,58,6,51,11,29,1,0,0,13,36,26,32,7,1,24,8,8,8,1,3,0,2,0,0
422,No,No,789589968ed90e82a832dbc60e958c76b787be7e,No,No,default,Static,Static Function,"update_tx_ptr(const struct domain *,struct argo_ring_info *,uint32_t)",xen/common/argo.c,3,12,0,10,15,3,12,4,6,0,0,0,9,4,9,11,1,0,10,5,5,10,1,0,0,2,0,0
422,No,No,789589968ed90e82a832dbc60e958c76b787be7e,No,No,default,none,Function,update_vcpu_system_time(struct vcpu *),xen/arch/x86/time.c,0,4,0,6,4,0,4,1,1,0,0,0,1,1,1,1,0,0,1,1,1,1,1,0,0,0,0,0
422,No,No,789589968ed90e82a832dbc60e958c76b787be7e,No,No,default,Static,Static Function,"update_xen_mappings(unsigned long,unsigned int)",xen/arch/x86/mm.c,1,16,0,4,17,1,16,6,13,0,0,0,8,8,7,10,3,0,7,4,4,8,1,0,0,1,0,0
422,No,No,789589968ed90e82a832dbc60e958c76b787be7e,No,No,default,Static,Static Function,"userdata_delete(libxl__gc *,const char *)",tools/libxl/libxl_dom.c,0,10,0,4,10,0,10,2,5,0,0,0,5,2,5,6,1,0,5,2,2,2,1,1,0,1,0,0
422,No,No,789589968ed90e82a832dbc60e958c76b787be7e,No,No,default,Static,Static Function,"userlookup_helper_getpwnam(libxl__gc *,const char *,struct passwd *,struct passwd **)",tools/libxl/libxl_dm.c,0,1,0,5,1,0,1,1,1,0,0,0,7,10,15,19,4,0,15,5,5,5,4,2,2,2,2,0
422,No,No,789589968ed90e82a832dbc60e958c76b787be7e,No,No,default,Static,Static Function,"userlookup_helper_getpwuid(libxl__gc *,uid_t,struct passwd *,struct passwd **)",tools/libxl/libxl_dm.c,0,1,0,4,1,0,1,1,1,0,0,0,7,10,15,19,4,0,15,5,5,5,4,2,2,2,2,0
422,No,No,789589968ed90e82a832dbc60e958c76b787be7e,No,No,default,Static,Static Function,using_2M_mapping(),xen/arch/x86/setup.c,0,10,0,1,10,0,10,1,7,0,0,0,2,1,1,1,0,0,1,1,1,7,1,0,0,0,0,0
422,No,No,789589968ed90e82a832dbc60e958c76b787be7e,No,No,default,Static,Static Function,vaffinity_to_vcpuid(register_t),xen/include/asm-arm/domain.h,3,8,0,1,11,3,8,2,4,0,0,0,2,1,5,5,1,0,4,1,1,1,1,0,0,0,0,0
422,No,No,789589968ed90e82a832dbc60e958c76b787be7e,No,No,default,Static,Static Function,"validate(const struct x86_emulate_state *,struct x86_emulate_ctxt *)",xen/arch/x86/pv/emul-priv-op.c,4,38,20,4,49,4,38,3,27,20,0,0,4,8,8,27,1,0,26,18,5,19,7,13,13,2,13,0
422,No,No,789589968ed90e82a832dbc60e958c76b787be7e,No,No,default,none,Function,vcpu_block(),xen/common/schedule.c,3,15,1,6,19,3,15,2,8,1,0,0,6,2,6,7,1,0,6,2,2,2,1,1,0,1,0,0
422,No,No,789589968ed90e82a832dbc60e958c76b787be7e,No,No,default,Static,Static Function,vcpu_block_enable_events(),xen/common/schedule.c,0,5,0,1,5,0,5,1,2,0,0,0,2,1,2,2,0,0,2,1,1,1,1,0,0,0,0,0
422,No,No,789589968ed90e82a832dbc60e958c76b787be7e,No,No,default,none,Function,vcpu_block_unless_event_pending(struct vcpu *),xen/arch/arm/domain.c,0,6,0,1,6,0,6,1,3,0,0,0,3,2,2,3,0,0,3,2,2,2,1,0,0,1,0,0
422,No,No,789589968ed90e82a832dbc60e958c76b787be7e,No,No,default,Static,Static Function,vcpu_check_shutdown(struct vcpu *),xen/common/domain.c,3,14,0,8,17,3,14,2,9,0,0,0,7,3,7,9,1,0,8,3,3,3,1,0,0,2,0,0
422,No,No,789589968ed90e82a832dbc60e958c76b787be7e,No,No,default,Static,Static Function,vcpu_cpu_dirty(const struct vcpu *),xen/include/xen/sched.h,0,4,0,8,4,0,4,1,1,0,0,0,2,1,1,1,0,0,1,1,1,1,1,0,0,0,0,0
422,No,No,789589968ed90e82a832dbc60e958c76b787be7e,No,No,default,none,Function,"vcpu_create(struct domain *,unsigned int,unsigned int)",xen/common/domain.c,15,54,1,15,70,15,54,4,40,1,0,0,27,162,32,41,2,0,39,12,12,18,5,8,7,3,7,0
422,No,No,789589968ed90e82a832dbc60e958c76b787be7e,No,No,default,Static,Static Function,vcpu_destroy(struct vcpu *),xen/common/domain.c,1,8,0,7,9,1,8,1,5,0,0,0,2,1,5,5,0,0,5,1,1,1,1,0,0,0,0,0
422,No,No,789589968ed90e82a832dbc60e958c76b787be7e,No,No,default,none,Function,vcpu_destroy_pagetables(struct vcpu *),xen/arch/x86/mm.c,7,45,5,7,57,7,45,5,31,5,0,0,20,55,20,30,4,0,26,12,12,12,1,4,0,3,0,0
422,No,No,789589968ed90e82a832dbc60e958c76b787be7e,No,No,default,none,Function,vcpu_end_shutdown_deferral(struct vcpu *),xen/common/domain.c,0,7,1,6,7,0,7,1,4,1,0,0,5,2,3,4,0,0,4,2,2,2,1,0,0,1,0,0
422,No,No,789589968ed90e82a832dbc60e958c76b787be7e,No,No,default,none,Function,vcpu_force_reschedule(struct vcpu *),xen/common/schedule.c,3,8,0,4,11,3,8,2,5,0,0,0,4,2,4,5,1,0,4,2,2,2,1,0,0,1,0,0
422,No,No,789589968ed90e82a832dbc60e958c76b787be7e,No,No,default,Static,Static Function,vcpu_grab_budget(struct csched2_vcpu *),xen/common/sched_credit2.c,9,27,9,11,45,9,27,4,19,9,0,0,12,8,16,20,3,0,17,6,6,6,1,3,0,2,0,0
422,No,No,789589968ed90e82a832dbc60e958c76b787be7e,No,No,default,Static,Static Function,"vcpu_has(unsigned int,unsigned int,unsigned int,struct x86_emulate_ctxt *,const struct x86_emulate_ops *)",xen/arch/x86/x86_emulate/x86_emulate.c,2,27,0,14,29,2,27,8,13,0,0,0,3,22,17,25,2,0,23,10,7,10,3,12,2,2,2,0
422,No,No,789589968ed90e82a832dbc60e958c76b787be7e,No,No,default,Static,Static Function,vcpu_has_cache_enabled(struct vcpu *),xen/include/asm-arm/p2m.h,1,5,1,1,7,1,5,1,2,1,0,0,3,1,2,2,0,0,2,1,1,1,1,0,0,0,0,0
422,No,No,789589968ed90e82a832dbc60e958c76b787be7e,No,No,default,Static,Static Function,vcpu_info_reset(struct vcpu *),xen/common/domain.c,1,8,0,6,9,1,8,2,5,0,0,0,5,1,3,3,1,0,2,2,2,2,1,0,0,0,0,0
422,No,No,789589968ed90e82a832dbc60e958c76b787be7e,No,No,default,Static,Static Function,"vcpu_is_migrateable(struct csched2_vcpu *,struct csched2_runqueue_data *)",xen/common/sched_credit2.c,2,10,0,9,12,2,10,4,6,0,0,0,5,1,4,4,2,0,2,1,1,2,1,0,0,0,0,0
422,No,No,789589968ed90e82a832dbc60e958c76b787be7e,No,No,default,none,Function,vcpu_kick(struct vcpu *),xen/arch/arm/domain.c,1,10,0,3,11,1,10,2,5,0,0,0,4,2,4,5,1,0,4,2,2,3,1,0,0,1,0,0
422,No,No,789589968ed90e82a832dbc60e958c76b787be7e,No,No,default,none,Function,vcpu_kick(struct vcpu *),xen/arch/x86/domain.c,1,7,9,4,17,1,7,2,4,9,0,0,3,2,3,4,1,0,3,2,2,4,1,0,0,1,0,1
422,No,No,789589968ed90e82a832dbc60e958c76b787be7e,No,No,default,Static,Static Function,vcpu_kick_softirq(),xen/arch/x86/domain.c,0,3,5,0,8,0,3,1,0,5,0,0,0,1,0,0,0,0,0,1,1,1,1,0,0,0,0,1
422,No,No,789589968ed90e82a832dbc60e958c76b787be7e,No,No,default,none,Function,vcpu_mark_events_pending(struct vcpu *),xen/arch/arm/domain.c,2,8,0,4,10,2,8,3,5,0,0,0,3,2,3,4,1,0,3,2,2,2,1,1,0,1,0,0
422,No,No,789589968ed90e82a832dbc60e958c76b787be7e,No,No,default,none,Function,vcpu_mark_events_pending(struct vcpu *),xen/arch/x86/domain.c,2,11,0,1,13,2,11,3,8,0,0,0,5,3,4,6,1,0,5,3,3,3,1,2,0,1,0,0
422,No,No,789589968ed90e82a832dbc60e958c76b787be7e,No,No,default,Static,Static Function,vcpu_migrate_finish(struct vcpu *),xen/common/schedule.c,11,46,25,15,82,11,46,5,32,25,0,0,12,19,24,31,4,3,24,9,9,15,7,9,9,3,9,0
422,No,No,789589968ed90e82a832dbc60e958c76b787be7e,No,No,default,none,Function,vcpu_migrate_start(struct vcpu *),xen/common/schedule.c,0,5,0,6,5,0,5,1,2,0,0,0,2,1,2,2,0,0,2,1,1,1,1,0,0,0,0,0
422,No,No,789589968ed90e82a832dbc60e958c76b787be7e,No,No,default,Static,Static Function,"vcpu_move_locked(struct vcpu *,unsigned int)",xen/common/schedule.c,2,13,9,8,24,2,13,2,8,9,0,0,9,4,5,7,1,0,6,4,4,5,1,1,0,1,0,0
422,No,No,789589968ed90e82a832dbc60e958c76b787be7e,No,No,default,Static,Static Function,"vcpu_move_nosched(struct vcpu *,unsigned int)",xen/common/schedule.c,4,15,0,8,19,4,15,3,9,0,0,0,9,8,14,17,2,0,15,7,7,9,1,0,0,2,0,0
422,No,No,789589968ed90e82a832dbc60e958c76b787be7e,No,No,default,Static,Static Function,vcpu_on_runq(struct csched2_vcpu *),xen/common/sched_credit2.c,0,4,0,11,4,0,4,1,1,0,0,0,2,1,1,1,0,0,1,1,1,1,1,0,0,0,0,0
422,No,No,789589968ed90e82a832dbc60e958c76b787be7e,No,No,default,none,Function,vcpu_pause(struct vcpu *),xen/common/domain.c,0,6,0,11,6,0,6,1,3,0,0,0,4,2,4,5,0,0,5,3,3,3,1,0,0,2,0,0
422,No,No,789589968ed90e82a832dbc60e958c76b787be7e,No,No,default,none,Function,vcpu_pause_by_systemcontroller(struct vcpu *),xen/common/domain.c,5,14,0,4,19,5,14,2,10,0,0,0,3,2,8,9,1,0,8,3,3,3,3,2,2,2,2,0
422,No,No,789589968ed90e82a832dbc60e958c76b787be7e,No,No,default,none,Function,vcpu_pause_nosync(struct vcpu *),xen/common/domain.c,0,5,0,7,5,0,5,1,2,0,0,0,2,1,2,2,0,0,2,1,1,1,1,0,0,0,0,0
422,No,No,789589968ed90e82a832dbc60e958c76b787be7e,No,No,default,Static,Static Function,vcpu_periodic_timer_fn(void *),xen/common/schedule.c,0,5,0,1,5,0,5,2,2,0,0,0,1,1,2,2,1,0,1,1,1,1,1,0,0,0,0,0
422,No,No,789589968ed90e82a832dbc60e958c76b787be7e,No,No,default,Static,Static Function,vcpu_periodic_timer_work(struct vcpu *),xen/common/schedule.c,4,16,0,6,20,4,16,3,10,0,0,0,7,3,9,11,2,0,9,3,3,3,1,1,0,1,0,0
422,No,No,789589968ed90e82a832dbc60e958c76b787be7e,No,No,default,none,Function,"vcpu_pin_override(struct vcpu *,int)",xen/common/schedule.c,7,33,0,7,40,7,33,3,21,0,0,0,13,12,16,22,2,0,20,7,7,7,1,2,0,2,0,0
422,No,No,789589968ed90e82a832dbc60e958c76b787be7e,No,No,default,none,Function,vcpu_reset(struct vcpu *),xen/common/domain.c,7,28,0,9,35,7,24,3,19,0,2,2,14,2,19,20,2,0,18,2,2,2,1,1,0,1,0,0
422,No,No,789589968ed90e82a832dbc60e958c76b787be7e,No,No,default,Static,Static Function,"vcpu_return_budget(struct csched2_vcpu *,struct list_head *)",xen/common/sched_credit2.c,5,14,21,11,40,5,14,4,10,21,0,0,11,8,11,14,2,0,12,6,6,6,1,0,0,2,0,1
422,No,No,789589968ed90e82a832dbc60e958c76b787be7e,No,No,default,Static,Static Function,vcpu_runnable(const struct vcpu *),xen/include/xen/sched.h,0,6,0,25,6,0,6,1,3,0,0,0,2,1,1,1,0,0,1,1,1,1,1,0,0,0,0,0
422,No,No,789589968ed90e82a832dbc60e958c76b787be7e,No,No,default,Static,Static Function,"vcpu_runstate_change(struct vcpu *,int,s_time_t)",xen/common/schedule.c,5,16,0,11,21,5,16,3,9,0,0,0,11,8,11,14,1,0,13,6,6,6,1,0,0,2,0,0
422,No,No,789589968ed90e82a832dbc60e958c76b787be7e,No,No,default,none,Function,"vcpu_runstate_get(struct vcpu *,struct vcpu_runstate_info *)",xen/common/schedule.c,2,11,0,7,13,2,11,3,7,0,0,0,7,4,6,8,2,0,6,4,4,4,1,0,0,1,0,0
422,No,No,789589968ed90e82a832dbc60e958c76b787be7e,No,No,default,Static,Static Function,vcpu_scheduler(const struct vcpu *),xen/common/schedule.c,2,8,11,14,21,2,8,2,5,11,0,0,5,3,5,7,1,0,6,4,4,4,1,1,0,2,0,1
422,No,No,789589968ed90e82a832dbc60e958c76b787be7e,No,No,default,Static,Static Function,"vcpu_set_affinity(struct vcpu *,const cpumask_t *,const cpumask_t *)",xen/common/schedule.c,6,26,4,9,36,6,26,4,15,4,0,0,9,4,13,16,2,0,14,5,5,5,1,2,0,4,0,0
422,No,No,789589968ed90e82a832dbc60e958c76b787be7e,No,No,default,none,Function,"vcpu_set_hard_affinity(struct vcpu *,const cpumask_t *)",xen/common/schedule.c,3,12,0,6,15,3,12,3,7,0,0,0,5,3,7,9,2,0,7,3,3,3,3,2,2,1,2,0
422,No,No,789589968ed90e82a832dbc60e958c76b787be7e,No,No,default,none,Function,"vcpu_set_soft_affinity(struct vcpu *,const cpumask_t *)",xen/common/schedule.c,0,4,0,3,4,0,4,1,1,0,0,0,2,1,1,1,0,0,1,1,1,1,1,0,0,0,0,0
422,No,No,789589968ed90e82a832dbc60e958c76b787be7e,No,No,default,Static,Static Function,"vcpu_set_vmce(struct vcpu *,const struct xen_domctl_ext_vcpucontext *)",xen/arch/x86/domctl.c,7,25,5,6,37,7,22,13,18,5,0,3,7,4,12,14,6,0,8,3,3,4,1,1,0,1,0,0
422,No,No,789589968ed90e82a832dbc60e958c76b787be7e,No,No,default,none,Function,vcpu_show_execution_state(struct vcpu *),xen/arch/arm/traps.c,4,15,1,7,19,4,15,1,10,1,0,0,8,3,7,9,0,0,9,3,3,3,1,1,0,1,0,0
422,No,No,789589968ed90e82a832dbc60e958c76b787be7e,No,No,default,none,Function,vcpu_show_execution_state(struct vcpu *),xen/arch/x86/traps.c,7,18,2,6,26,7,18,2,12,2,0,0,10,3,10,12,1,0,11,3,3,3,1,1,0,1,0,0
422,No,No,789589968ed90e82a832dbc60e958c76b787be7e,No,No,default,none,Function,vcpu_show_registers(const struct vcpu *),xen/arch/arm/traps.c,2,20,0,17,22,2,13,2,9,0,4,3,9,1,10,10,1,0,9,1,1,1,1,0,0,0,0,0
422,No,No,789589968ed90e82a832dbc60e958c76b787be7e,No,No,default,Static,Static Function,vcpu_singleshot_timer_fn(void *),xen/common/schedule.c,0,5,0,1,5,0,5,2,2,0,0,0,1,1,2,2,1,0,1,1,1,1,1,0,0,0,0,0
422,No,No,789589968ed90e82a832dbc60e958c76b787be7e,No,No,default,none,Function,vcpu_sleep_nosync(struct vcpu *),xen/common/schedule.c,4,9,0,7,13,4,9,3,4,0,0,0,4,1,6,6,2,0,4,1,1,1,1,0,0,0,0,0
422,No,No,789589968ed90e82a832dbc60e958c76b787be7e,No,No,default,none,Function,vcpu_sleep_nosync_locked(struct vcpu *),xen/common/schedule.c,2,10,0,8,12,2,10,1,5,0,0,0,11,6,4,7,0,0,7,6,6,6,1,0,0,2,0,0
422,No,No,789589968ed90e82a832dbc60e958c76b787be7e,No,No,default,none,Function,vcpu_sleep_sync(struct vcpu *),xen/common/schedule.c,2,7,0,5,9,2,7,1,4,0,0,0,4,2,3,4,0,0,4,2,2,3,1,0,0,1,0,0
422,No,No,789589968ed90e82a832dbc60e958c76b787be7e,No,No,default,none,Function,vcpu_start_shutdown_deferral(struct vcpu *),xen/common/domain.c,2,10,1,5,12,2,10,1,7,1,0,0,6,3,5,7,0,0,7,3,3,3,1,1,0,1,0,0
422,No,No,789589968ed90e82a832dbc60e958c76b787be7e,No,No,default,none,Function,vcpu_switch_to_aarch64_mode(struct vcpu *),xen/arch/arm/domain.c,0,4,0,0,4,0,4,1,1,0,0,0,2,1,1,1,0,0,1,1,1,1,1,0,0,0,0,0
422,No,No,789589968ed90e82a832dbc60e958c76b787be7e,No,No,default,none,Function,vcpu_unblock(struct vcpu *),xen/common/schedule.c,2,12,6,14,20,2,12,1,7,6,0,0,6,4,4,7,0,0,7,4,4,4,1,1,0,2,0,0
422,No,No,789589968ed90e82a832dbc60e958c76b787be7e,No,No,default,none,Function,vcpu_unpause(struct vcpu *),xen/common/domain.c,0,5,0,14,5,0,5,1,2,0,0,0,2,2,1,2,0,0,2,2,2,2,1,0,0,1,0,0
422,No,No,789589968ed90e82a832dbc60e958c76b787be7e,No,No,default,none,Function,vcpu_unpause_by_systemcontroller(struct vcpu *),xen/common/domain.c,5,14,0,4,19,5,14,2,10,0,0,0,3,2,8,9,1,0,8,3,3,3,3,2,2,2,2,0
422,No,No,789589968ed90e82a832dbc60e958c76b787be7e,No,No,default,none,Function,vcpu_update_evtchn_irq(struct vcpu *),xen/arch/arm/domain.c,1,5,0,4,6,1,5,2,2,0,0,0,2,1,2,2,1,0,1,1,1,1,1,0,0,0,0,0
422,No,No,789589968ed90e82a832dbc60e958c76b787be7e,No,No,default,Static,Static Function,vcpu_urgent_count_update(struct vcpu *),xen/common/schedule.c,1,23,0,10,24,1,23,1,12,0,0,0,8,5,5,9,0,0,9,5,5,7,1,2,0,2,0,0
422,No,No,789589968ed90e82a832dbc60e958c76b787be7e,No,No,default,none,Function,vcpu_wake(struct vcpu *),xen/common/schedule.c,4,19,0,16,23,4,19,3,10,0,0,0,10,5,8,12,2,0,10,6,6,6,1,1,0,2,0,0
422,No,No,789589968ed90e82a832dbc60e958c76b787be7e,No,No,default,none,Function,vcpu_yield(),xen/common/schedule.c,3,11,0,6,14,3,11,3,8,0,0,0,9,1,8,8,2,0,6,2,2,2,1,0,0,0,0,0
422,No,No,789589968ed90e82a832dbc60e958c76b787be7e,No,No,default,Static,Static Function,vcpuid_to_vaffinity(unsigned int),xen/include/asm-arm/domain.h,3,8,5,1,16,3,8,2,4,5,0,0,3,1,5,5,1,0,4,1,1,1,1,0,0,0,0,0
422,No,No,789589968ed90e82a832dbc60e958c76b787be7e,No,No,default,Static,Static Function,vector_allocation_cpumask_x2apic_cluster(int),xen/arch/x86/genapic/x2apic.c,0,4,0,1,4,0,4,1,1,0,0,0,2,1,1,1,0,0,1,1,1,1,1,0,0,0,0,0
422,No,No,789589968ed90e82a832dbc60e958c76b787be7e,No,No,default,Static,Static Function,verify_patch_size(uint32_t),xen/arch/x86/microcode_amd.c,3,28,0,3,31,3,23,2,17,0,0,5,1,5,12,17,1,0,16,5,2,5,1,10,0,1,0,0
422,No,No,789589968ed90e82a832dbc60e958c76b787be7e,No,No,default,Static,Static Function,vesa_init(),xen/include/asm-x86/setup.h,0,1,0,0,1,0,1,1,0,0,0,0,0,1,0,0,0,0,0,1,1,1,1,0,0,0,0,0
422,No,No,789589968ed90e82a832dbc60e958c76b787be7e,No,No,default,Static,Static Function,vesa_mtrr_init(),xen/include/asm-x86/setup.h,0,1,0,0,1,0,1,1,0,0,0,0,0,1,0,0,0,0,0,1,1,1,1,0,0,0,0,0
422,No,No,789589968ed90e82a832dbc60e958c76b787be7e,No,No,default,Static,Static Function,vga_noop_puts(const char *),xen/drivers/video/vga.c,0,1,0,0,1,0,1,1,0,0,0,0,0,1,0,0,0,0,0,1,1,1,1,0,0,0,0,0
422,No,No,789589968ed90e82a832dbc60e958c76b787be7e,No,No,default,Static,Static Function,vga_text_puts(const char *),xen/drivers/video/vga.c,2,23,0,6,25,2,23,2,11,0,0,0,5,7,8,12,1,0,11,5,5,6,1,0,0,3,0,0
422,No,No,789589968ed90e82a832dbc60e958c76b787be7e,No,No,default,none,Function,"vgic_connect_hw_irq(struct domain *,struct vcpu *,unsigned int,struct irq_desc *,bool)",xen/arch/arm/gic-vgic.c,5,28,7,7,40,5,28,7,19,7,0,0,10,8,14,18,5,0,13,6,6,9,1,3,0,2,0,0
422,No,No,789589968ed90e82a832dbc60e958c76b787be7e,No,No,default,none,Function,"vgic_get_hw_irq_desc(struct domain *,struct vcpu *,unsigned int)",xen/arch/arm/gic-vgic.c,4,12,0,6,16,4,12,3,7,0,0,0,4,8,7,10,1,0,9,5,5,6,1,1,0,2,0,0
422,No,No,789589968ed90e82a832dbc60e958c76b787be7e,No,No,default,none,Function,vgic_sync_from_lrs(struct vcpu *),xen/arch/arm/gic-vgic.c,5,16,3,7,24,5,16,4,11,3,0,0,7,3,9,11,3,0,8,3,3,3,1,1,0,1,0,0
422,No,No,789589968ed90e82a832dbc60e958c76b787be7e,No,No,default,none,Function,vgic_sync_to_lrs(),xen/arch/arm/gic-vgic.c,2,7,0,4,9,2,7,1,4,0,0,0,8,4,4,6,0,0,6,4,4,5,1,0,0,2,0,0
422,No,No,789589968ed90e82a832dbc60e958c76b787be7e,No,No,default,none,Function,vgic_vcpu_pending_irq(struct vcpu *),xen/arch/arm/gic-vgic.c,6,28,5,7,39,6,28,7,17,5,0,0,11,16,17,21,6,0,15,6,6,6,4,3,3,2,3,0
422,No,No,789589968ed90e82a832dbc60e958c76b787be7e,No,No,default,none,Function,vioapic_deinit(struct domain *),xen/arch/x86/hvm/vioapic.c,1,9,0,4,10,1,9,1,4,0,0,0,4,3,4,6,0,0,6,4,4,4,1,1,0,3,0,0
422,No,No,789589968ed90e82a832dbc60e958c76b787be7e,No,No,default,Static,Static Function,"vioapic_deliver(struct hvm_vioapic *,unsigned int)",xen/arch/x86/hvm/vioapic.c,6,76,2,19,84,6,72,10,49,2,0,4,14,26,29,42,9,0,33,19,17,22,1,9,0,4,0,0
422,No,No,789589968ed90e82a832dbc60e958c76b787be7e,No,No,default,Static,Static Function,"vioapic_free(const struct domain *,unsigned int)",xen/arch/x86/hvm/vioapic.c,1,7,0,7,8,1,7,2,3,0,0,0,2,2,5,6,1,0,5,2,2,2,1,0,0,1,0,0
422,No,No,789589968ed90e82a832dbc60e958c76b787be7e,No,No,default,none,Function,"vioapic_get_mask(const struct domain *,unsigned int)",xen/arch/x86/hvm/vioapic.c,2,8,0,5,10,2,8,3,4,0,0,0,2,2,4,5,2,0,3,2,2,2,1,1,0,1,0,0
422,No,No,789589968ed90e82a832dbc60e958c76b787be7e,No,No,default,none,Function,"vioapic_get_trigger_mode(const struct domain *,unsigned int)",xen/arch/x86/hvm/vioapic.c,2,8,0,5,10,2,8,3,4,0,0,0,2,2,4,5,2,0,3,2,2,2,1,1,0,1,0,0
422,No,No,789589968ed90e82a832dbc60e958c76b787be7e,No,No,default,none,Function,"vioapic_get_vector(const struct domain *,unsigned int)",xen/arch/x86/hvm/vioapic.c,2,8,0,5,10,2,8,3,4,0,0,0,2,2,4,5,2,0,3,2,2,2,1,1,0,1,0,0
422,No,No,789589968ed90e82a832dbc60e958c76b787be7e,No,No,default,Static,Static Function,"vioapic_hwdom_map_gsi(unsigned int,unsigned int,unsigned int)",xen/arch/x86/hvm/vioapic.c,5,39,1,7,45,5,39,8,29,1,0,0,12,10,20,25,3,0,22,7,7,7,4,3,3,2,3,0
422,No,No,789589968ed90e82a832dbc60e958c76b787be7e,No,No,default,none,Function,vioapic_init(struct domain *),xen/arch/x86/hvm/vioapic.c,10,42,5,10,57,10,42,3,28,5,0,0,22,11,24,31,2,0,29,11,11,12,5,6,6,3,5,0
422,No,No,789589968ed90e82a832dbc60e958c76b787be7e,No,No,default,none,Function,"vioapic_irq_positive_edge(struct domain *,unsigned int)",xen/arch/x86/hvm/vioapic.c,5,26,0,11,31,5,26,4,15,0,0,0,8,17,15,21,3,0,18,9,9,9,3,3,2,2,2,0
422,No,No,789589968ed90e82a832dbc60e958c76b787be7e,No,No,default,Static,Static Function,"vioapic_range(struct vcpu *,unsigned long)",xen/arch/x86/hvm/vioapic.c,0,4,0,3,4,0,4,1,1,0,0,0,2,1,1,1,0,0,1,1,1,1,1,0,0,0,0,0
422,No,No,789589968ed90e82a832dbc60e958c76b787be7e,No,No,default,Static,Static Function,"vioapic_read(struct vcpu *,unsigned long,unsigned int,unsigned long *)",xen/arch/x86/hvm/vioapic.c,6,24,0,4,30,6,24,5,15,0,0,0,7,6,14,18,2,0,16,5,4,5,1,3,0,2,0,0
422,No,No,789589968ed90e82a832dbc60e958c76b787be7e,No,No,default,Static,Static Function,vioapic_read_indirect(const struct hvm_vioapic *),xen/arch/x86/hvm/vioapic.c,6,35,4,9,45,6,35,6,25,4,0,0,2,4,13,18,3,0,15,6,4,6,4,4,4,2,4,0
422,No,No,789589968ed90e82a832dbc60e958c76b787be7e,No,No,default,none,Function,vioapic_reset(struct domain *),xen/arch/x86/hvm/vioapic.c,4,32,0,11,36,4,32,5,19,0,0,0,13,9,22,28,4,0,24,9,9,10,1,2,0,4,0,0
422,No,No,789589968ed90e82a832dbc60e958c76b787be7e,No,No,default,none,Function,"vioapic_update_EOI(struct domain *,u8)",xen/arch/x86/hvm/vioapic.c,8,34,0,16,42,8,34,6,20,0,0,0,11,20,21,27,5,0,22,8,8,10,4,1,1,3,1,0
422,No,No,789589968ed90e82a832dbc60e958c76b787be7e,No,No,default,Static,Static Function,"vioapic_write(struct vcpu *,unsigned long,unsigned int,unsigned long)",xen/arch/x86/hvm/vioapic.c,6,25,0,4,31,6,20,4,12,0,3,2,6,6,10,14,1,0,13,5,4,5,1,3,0,2,0,0
422,No,No,789589968ed90e82a832dbc60e958c76b787be7e,No,No,default,Static,Static Function,"vioapic_write_indirect(struct hvm_vioapic *,uint32_t)",xen/arch/x86/hvm/vioapic.c,6,29,6,7,41,6,29,4,19,6,0,0,5,5,10,15,1,0,14,6,4,6,5,7,7,2,7,0
422,No,No,789589968ed90e82a832dbc60e958c76b787be7e,No,No,default,Static,Static Function,"vioapic_write_redirent(struct hvm_vioapic *,unsigned int,int,uint32_t)",xen/arch/x86/hvm/vioapic.c,8,53,8,18,69,8,53,10,35,8,0,0,13,48,24,31,6,0,25,8,8,13,1,3,0,2,0,0
422,No,No,789589968ed90e82a832dbc60e958c76b787be7e,No,No,default,none,Function,viridian_apic_assist_clear(struct vcpu *),xen/arch/x86/hvm/viridian/synic.c,2,8,0,8,10,2,8,2,5,0,0,0,7,2,4,5,1,0,4,2,2,2,1,1,0,1,0,0
422,No,No,789589968ed90e82a832dbc60e958c76b787be7e,No,No,default,none,Function,viridian_apic_assist_completed(struct vcpu *),xen/arch/x86/hvm/viridian/synic.c,3,13,1,11,17,3,13,2,8,1,0,0,6,3,5,7,1,0,6,3,3,4,3,2,2,1,2,0
422,No,No,789589968ed90e82a832dbc60e958c76b787be7e,No,No,default,none,Function,viridian_apic_assist_set(struct vcpu *),xen/arch/x86/hvm/viridian/synic.c,3,10,5,9,18,3,10,2,7,5,0,0,9,3,7,9,1,0,8,4,4,4,1,1,0,2,0,0
422,No,No,789589968ed90e82a832dbc60e958c76b787be7e,No,No,default,none,Function,viridian_domain_deinit(struct domain *),xen/arch/x86/hvm/viridian/viridian.c,1,6,0,3,7,1,6,2,2,0,0,0,1,2,4,5,1,0,4,3,3,3,1,0,0,1,0,0
422,No,No,789589968ed90e82a832dbc60e958c76b787be7e,No,No,default,none,Function,"viridian_dump_guest_page(const struct vcpu *,const char *,const struct viridian_page *)",xen/arch/x86/hvm/viridian/viridian.c,1,8,0,8,9,1,8,2,4,0,0,0,1,2,2,3,0,0,3,2,2,2,1,1,0,1,0,0
422,No,No,789589968ed90e82a832dbc60e958c76b787be7e,No,No,default,none,Function,viridian_hypercall(struct cpu_user_regs *),xen/arch/x86/hvm/viridian/viridian.c,19,107,29,22,155,19,107,34,66,29,0,0,21,882,67,85,28,0,57,17,13,18,11,21,21,3,20,0
422,No,No,789589968ed90e82a832dbc60e958c76b787be7e,No,No,default,Static,Static Function,"viridian_load_domain_ctxt(struct domain *,hvm_domain_context_t *)",xen/arch/x86/hvm/viridian/viridian.c,4,11,0,4,15,4,11,3,6,0,0,0,10,2,6,7,1,0,6,2,2,2,1,1,0,1,0,0
422,No,No,789589968ed90e82a832dbc60e958c76b787be7e,No,No,default,Static,Static Function,"viridian_load_vcpu_ctxt(struct domain *,hvm_domain_context_t *)",xen/arch/x86/hvm/viridian/viridian.c,5,19,0,6,24,5,19,5,11,0,0,0,6,4,9,12,3,0,9,4,4,5,4,3,3,1,3,0
422,No,No,789589968ed90e82a832dbc60e958c76b787be7e,No,No,default,none,Function,"viridian_map_guest_page(struct vcpu *,struct viridian_page *)",xen/arch/x86/hvm/viridian/viridian.c,6,27,0,9,33,6,27,4,18,0,0,0,12,9,14,18,3,0,15,6,6,6,5,7,7,1,7,0
422,No,No,789589968ed90e82a832dbc60e958c76b787be7e,No,No,default,Static,Static Function,"viridian_save_domain_ctxt(struct vcpu *,hvm_domain_context_t *)",xen/arch/x86/hvm/viridian/viridian.c,3,13,0,9,16,3,13,7,9,0,0,0,4,2,5,6,2,0,4,2,2,2,1,1,0,1,0,0
422,No,No,789589968ed90e82a832dbc60e958c76b787be7e,No,No,default,Static,Static Function,"viridian_save_vcpu_ctxt(struct vcpu *,hvm_domain_context_t *)",xen/arch/x86/hvm/viridian/viridian.c,3,8,0,4,11,3,8,2,5,0,0,0,4,2,4,5,1,0,4,2,2,2,1,1,0,1,0,0
422,No,No,789589968ed90e82a832dbc60e958c76b787be7e,No,No,default,none,Function,"viridian_synic_load_vcpu_ctxt(struct vcpu *,const struct hvm_viridian_vcpu_context *)",xen/arch/x86/hvm/viridian/synic.c,1,8,0,12,9,1,8,2,4,0,0,0,9,2,3,4,0,0,4,2,2,2,1,0,0,1,0,0
422,No,No,789589968ed90e82a832dbc60e958c76b787be7e,No,No,default,none,Function,"viridian_synic_rdmsr(const struct vcpu *,uint32_t,uint64_t *)",xen/arch/x86/hvm/viridian/synic.c,5,25,0,9,30,5,25,3,18,0,0,0,5,5,12,17,2,0,15,5,2,5,5,13,13,1,13,0
422,No,No,789589968ed90e82a832dbc60e958c76b787be7e,No,No,default,none,Function,"viridian_synic_save_vcpu_ctxt(const struct vcpu *,struct hvm_viridian_vcpu_context *)",xen/arch/x86/hvm/viridian/synic.c,0,6,0,9,6,0,6,2,2,0,0,0,3,1,2,2,0,0,2,1,1,1,1,0,0,0,0,0
422,No,No,789589968ed90e82a832dbc60e958c76b787be7e,No,No,default,none,Function,"viridian_synic_wrmsr(struct vcpu *,uint32_t,uint64_t)",xen/arch/x86/hvm/viridian/synic.c,5,29,1,12,35,5,29,1,24,1,0,0,15,6,15,21,0,0,21,6,3,6,5,14,14,2,14,0
422,No,No,789589968ed90e82a832dbc60e958c76b787be7e,No,No,default,none,Function,viridian_unmap_guest_page(struct viridian_page *),xen/arch/x86/hvm/viridian/viridian.c,4,10,0,3,14,4,10,2,6,0,0,0,6,2,6,7,1,0,6,2,2,2,1,1,0,1,0,0
422,No,No,789589968ed90e82a832dbc60e958c76b787be7e,No,No,default,none,Function,viridian_vcpu_deinit(struct vcpu *),xen/arch/x86/hvm/viridian/viridian.c,0,4,0,2,4,0,4,1,1,0,0,0,1,1,1,1,0,0,1,1,1,1,1,0,0,0,0,0
422,No,No,789589968ed90e82a832dbc60e958c76b787be7e,No,No,default,Static,Static Function,virq_is_global(unsigned int),xen/common/event_channel.c,2,15,0,7,17,2,15,1,10,0,0,0,4,4,5,12,0,0,12,8,4,8,1,3,0,2,0,0
422,No,No,789589968ed90e82a832dbc60e958c76b787be7e,No,No,default,Static,Static Function,virt_to_page(const void *),xen/include/asm-arm/mm.h,2,10,0,4,12,2,10,4,6,0,0,0,4,1,7,7,2,0,5,1,1,1,1,0,0,0,0,0
422,No,No,789589968ed90e82a832dbc60e958c76b787be7e,No,No,default,none,Function,virt_to_xen_l1e(unsigned long),xen/arch/x86/mm.c,4,28,0,2,32,4,28,4,20,0,0,0,15,36,15,23,3,0,20,10,10,10,4,3,3,2,3,0
422,No,No,789589968ed90e82a832dbc60e958c76b787be7e,No,No,default,Static,Static Function,virt_to_xen_l2e(unsigned long),xen/arch/x86/mm.c,4,28,0,3,32,4,28,4,20,0,0,0,15,36,15,23,3,0,20,10,10,10,4,3,3,2,3,0
422,No,No,789589968ed90e82a832dbc60e958c76b787be7e,No,No,default,Static,Static Function,virt_to_xen_l3e(unsigned long),xen/arch/x86/mm.c,4,27,0,4,31,4,27,5,19,0,0,0,14,18,14,20,4,0,16,7,7,7,3,2,2,2,2,0
422,No,No,789589968ed90e82a832dbc60e958c76b787be7e,No,No,default,none,Function,virtual_vmcs_enter(const struct vcpu *),xen/arch/x86/hvm/vmx/vmcs.c,0,4,0,11,4,0,4,1,1,0,0,0,1,1,1,1,0,0,1,1,1,1,1,0,0,0,0,0
422,No,No,789589968ed90e82a832dbc60e958c76b787be7e,No,No,default,none,Function,virtual_vmcs_exit(const struct vcpu *),xen/arch/x86/hvm/vmx/vmcs.c,1,7,0,11,8,1,7,2,4,0,0,0,3,2,3,4,1,0,3,2,2,2,1,0,0,1,0,0
422,No,No,789589968ed90e82a832dbc60e958c76b787be7e,No,No,default,none,Function,"virtual_vmcs_vmread(const struct vcpu *,u32)",xen/arch/x86/hvm/vmx/vmcs.c,2,8,0,3,10,2,8,2,4,0,0,0,4,1,5,5,1,0,4,1,1,1,1,0,0,0,0,0
422,No,No,789589968ed90e82a832dbc60e958c76b787be7e,No,No,default,none,Function,"virtual_vmcs_vmread_safe(const struct vcpu *,u32,u64 *)",xen/arch/x86/hvm/vmx/vmcs.c,2,9,0,4,11,2,9,3,4,0,0,0,4,1,5,5,1,0,4,1,1,1,1,0,0,0,0,0
422,No,No,789589968ed90e82a832dbc60e958c76b787be7e,No,No,default,none,Function,"virtual_vmcs_vmwrite(const struct vcpu *,u32,u64)",xen/arch/x86/hvm/vmx/vmcs.c,0,6,0,4,6,0,6,1,3,0,0,0,3,1,3,3,0,0,3,1,1,1,1,0,0,0,0,0
422,No,No,789589968ed90e82a832dbc60e958c76b787be7e,No,No,default,none,Function,"virtual_vmcs_vmwrite_safe(const struct vcpu *,u32,u64)",xen/arch/x86/hvm/vmx/vmcs.c,2,9,0,4,11,2,9,3,4,0,0,0,4,1,5,5,1,0,4,1,1,1,1,0,0,0,0,0
422,No,No,789589968ed90e82a832dbc60e958c76b787be7e,No,No,default,Static,Static Function,virtual_vmentry(struct cpu_user_regs *),xen/arch/x86/hvm/vmx/vvmx.c,13,41,13,11,67,13,41,6,33,13,0,0,29,48,25,31,5,0,26,7,7,10,1,2,0,2,0,0
422,No,No,789589968ed90e82a832dbc60e958c76b787be7e,No,No,default,Static,Static Function,virtual_vmexit(struct cpu_user_regs *),xen/arch/x86/hvm/vmx/vvmx.c,14,36,3,10,53,14,36,4,32,3,0,0,29,16,27,31,3,0,28,5,5,7,1,1,0,1,0,0
422,No,No,789589968ed90e82a832dbc60e958c76b787be7e,No,No,default,none,Function,vlapic_EOI_set(struct vlapic *),xen/arch/x86/hvm/vlapic.c,7,21,14,8,42,7,21,4,14,14,0,0,7,9,11,15,3,0,12,5,5,5,3,3,3,1,3,0
422,No,No,789589968ed90e82a832dbc60e958c76b787be7e,No,No,default,Static,Static Function,"vlapic_accept_irq(struct vcpu *,uint32_t)",xen/arch/x86/hvm/vlapic.c,6,39,1,8,45,6,39,4,32,1,0,0,12,11,20,32,3,0,29,13,7,13,6,14,14,3,14,0
422,No,No,789589968ed90e82a832dbc60e958c76b787be7e,No,No,default,none,Function,vlapic_accept_pic_intr(struct vcpu *),xen/arch/x86/hvm/vlapic.c,2,10,0,5,12,2,10,1,7,0,0,0,6,2,3,4,0,0,4,3,3,5,1,1,0,1,0,0
422,No,No,789589968ed90e82a832dbc60e958c76b787be7e,No,No,default,none,Function,"vlapic_ack_pending_irq(struct vcpu *,int,bool_t)",xen/arch/x86/hvm/vlapic.c,4,20,6,8,30,4,20,3,13,6,0,0,8,5,9,12,2,0,10,4,4,7,1,2,0,1,0,0
422,No,No,789589968ed90e82a832dbc60e958c76b787be7e,No,No,default,none,Function,vlapic_adjust_i8259_target(struct domain *),xen/arch/x86/hvm/vlapic.c,4,15,0,9,19,4,15,2,10,0,0,0,7,7,9,13,1,0,12,7,7,7,5,5,5,2,5,0
422,No,No,789589968ed90e82a832dbc60e958c76b787be7e,No,No,default,none,Function,"vlapic_apicv_write(struct vcpu *,unsigned int)",xen/arch/x86/hvm/vlapic.c,4,14,0,3,18,4,14,3,9,0,0,0,5,3,7,9,2,0,7,3,3,3,3,2,2,2,2,0
422,No,No,789589968ed90e82a832dbc60e958c76b787be7e,No,No,default,Static,Static Function,"vlapic_clear_irr(int,struct vlapic *)",xen/arch/x86/hvm/vlapic.c,0,4,0,5,4,0,4,1,1,0,0,0,1,1,1,1,0,0,1,1,1,1,1,0,0,0,0,0
422,No,No,789589968ed90e82a832dbc60e958c76b787be7e,No,No,default,none,Function,vlapic_destroy(struct vcpu *),xen/arch/x86/hvm/vlapic.c,2,11,0,7,13,2,11,2,8,0,0,0,7,2,7,8,1,0,7,2,2,2,1,1,0,1,0,0
422,No,No,789589968ed90e82a832dbc60e958c76b787be7e,No,No,default,Static,Static Function,vlapic_do_init(struct vlapic *),xen/arch/x86/hvm/vlapic.c,7,28,4,5,39,7,28,2,22,4,0,0,9,9,23,27,1,0,26,5,5,5,1,1,0,1,0,0
422,No,No,789589968ed90e82a832dbc60e958c76b787be7e,No,No,default,Static,Static Function,"vlapic_error(struct vlapic *,unsigned int)",xen/arch/x86/hvm/vlapic.c,2,15,0,5,17,2,15,4,8,0,0,0,5,3,8,10,3,0,7,3,3,3,1,0,0,2,0,0
422,No,No,789589968ed90e82a832dbc60e958c76b787be7e,No,No,default,Static,Static Function,vlapic_find_highest_irr(struct vlapic *),xen/arch/x86/hvm/vlapic.c,1,6,0,5,7,1,6,1,3,0,0,0,4,2,2,3,0,0,3,2,2,2,1,0,0,1,0,0
422,No,No,789589968ed90e82a832dbc60e958c76b787be7e,No,No,default,Static,Static Function,vlapic_find_highest_isr(const struct vlapic *),xen/arch/x86/hvm/vlapic.c,0,4,0,8,4,0,4,1,1,0,0,0,2,1,1,1,0,0,1,1,1,1,1,0,0,0,0,0
422,No,No,789589968ed90e82a832dbc60e958c76b787be7e,No,No,default,Static,Static Function,vlapic_find_highest_vector(const void *),xen/arch/x86/hvm/vlapic.c,2,8,1,3,11,2,8,3,5,1,0,0,2,2,4,5,2,0,3,2,2,3,1,0,0,1,0,0
422,No,No,789589968ed90e82a832dbc60e958c76b787be7e,No,No,default,Static,Static Function,vlapic_get_ppr(const struct vlapic *),xen/arch/x86/hvm/vlapic.c,4,16,0,4,20,4,16,3,11,0,0,0,4,2,9,10,2,0,8,3,3,3,1,1,0,1,0,0
422,No,No,789589968ed90e82a832dbc60e958c76b787be7e,No,No,default,Static,Static Function,"vlapic_get_reg(const struct vlapic *,uint32_t)",xen/include/asm-x86/hvm/vlapic.h,0,5,0,4,5,0,5,2,1,0,0,0,1,1,1,1,0,0,1,1,1,1,1,0,0,0,0,0
422,No,No,789589968ed90e82a832dbc60e958c76b787be7e,No,No,default,Static,Static Function,vlapic_get_tmcct(const struct vlapic *),xen/arch/x86/hvm/vlapic.c,4,20,1,5,25,4,20,4,14,1,0,0,5,5,8,11,3,0,8,4,4,5,1,0,0,2,0,0
422,No,No,789589968ed90e82a832dbc60e958c76b787be7e,No,No,default,none,Function,"vlapic_handle_EOI(struct vlapic *,u8)",xen/arch/x86/hvm/vlapic.c,2,7,0,6,9,2,7,2,4,0,0,0,4,2,3,4,1,0,3,2,2,2,1,0,0,1,0,0
422,No,No,789589968ed90e82a832dbc60e958c76b787be7e,No,No,default,none,Function,vlapic_has_pending_irq(struct vcpu *),xen/arch/x86/hvm/vlapic.c,7,23,10,3,40,7,23,3,17,10,0,0,9,7,11,16,2,0,14,6,6,8,5,4,4,1,4,0
422,No,No,789589968ed90e82a832dbc60e958c76b787be7e,No,No,default,none,Function,vlapic_init(struct vcpu *),xen/arch/x86/hvm/vlapic.c,9,40,0,9,49,9,40,2,27,0,0,0,18,12,17,23,1,0,22,7,7,7,6,5,5,2,5,0
422,No,No,789589968ed90e82a832dbc60e958c76b787be7e,No,No,default,Static,Static Function,vlapic_init_sipi_action(unsigned long),xen/arch/x86/hvm/vlapic.c,3,19,0,7,22,3,19,7,13,0,0,0,6,4,12,15,6,0,9,5,5,5,1,1,0,2,0,0
422,No,No,789589968ed90e82a832dbc60e958c76b787be7e,No,No,default,Static,Static Function,"vlapic_init_sipi_one(struct vcpu *,uint32_t)",xen/arch/x86/hvm/vlapic.c,5,33,3,7,41,5,33,4,24,3,0,0,14,10,20,26,3,0,23,7,6,7,5,9,9,3,9,0
422,No,No,789589968ed90e82a832dbc60e958c76b787be7e,No,No,default,none,Function,"vlapic_ipi(struct vlapic *,uint32_t,uint32_t)",xen/arch/x86/hvm/vlapic.c,7,54,2,9,62,7,54,9,38,2,0,0,20,37,26,39,6,0,33,14,11,14,6,12,11,3,11,0
422,No,No,789589968ed90e82a832dbc60e958c76b787be7e,No,No,default,none,Function,"vlapic_lowest_prio(struct domain *,const struct vlapic *,int,uint32_t,bool_t)",xen/arch/x86/hvm/vlapic.c,4,26,0,12,30,4,26,7,18,0,0,0,9,5,12,15,4,0,11,6,6,9,1,1,0,2,0,0
422,No,No,789589968ed90e82a832dbc60e958c76b787be7e,No,No,default,none,Function,"vlapic_match_dest(const struct vlapic *,const struct vlapic *,int,uint32_t,bool_t)",xen/arch/x86/hvm/vlapic.c,6,26,0,9,32,6,26,3,19,0,0,0,6,6,9,15,0,0,15,6,3,7,6,15,15,2,15,0
422,No,No,789589968ed90e82a832dbc60e958c76b787be7e,No,No,default,Static,Static Function,"vlapic_match_logical_addr(const struct vlapic *,uint32_t)",xen/arch/x86/hvm/vlapic.c,4,28,0,3,32,4,28,4,22,0,0,0,6,6,12,18,2,0,16,6,5,8,1,4,0,2,0,0
422,No,No,789589968ed90e82a832dbc60e958c76b787be7e,No,No,default,Static,Static Function,"vlapic_mmio_read(struct vcpu *,unsigned long,unsigned int,unsigned long *)",xen/arch/x86/hvm/vlapic.c,4,21,7,3,32,4,21,6,13,7,0,0,6,5,13,18,4,0,14,5,3,6,1,3,0,2,0,0
422,No,No,789589968ed90e82a832dbc60e958c76b787be7e,No,No,default,Static,Static Function,"vlapic_mmio_write(struct vcpu *,unsigned long,unsigned int,unsigned long)",xen/arch/x86/hvm/vlapic.c,8,33,7,4,48,8,33,6,23,7,0,0,7,10,13,19,4,0,15,6,5,7,1,1,0,3,0,0
422,No,No,789589968ed90e82a832dbc60e958c76b787be7e,No,No,default,Static,Static Function,"vlapic_pt_cb(struct vcpu *,void *)",xen/arch/x86/hvm/vlapic.c,0,5,0,1,5,0,5,1,2,0,0,0,3,1,2,2,0,0,2,1,1,1,1,0,0,0,0,0
422,No,No,789589968ed90e82a832dbc60e958c76b787be7e,No,No,default,Static,Static Function,"vlapic_range(struct vcpu *,unsigned long)",xen/arch/x86/hvm/vlapic.c,1,8,0,2,9,1,8,3,5,0,0,0,5,1,3,3,2,0,1,1,1,3,1,0,0,0,0,0
422,No,No,789589968ed90e82a832dbc60e958c76b787be7e,No,No,default,Static,Static Function,"vlapic_read_aligned(const struct vlapic *,unsigned int)",xen/arch/x86/hvm/vlapic.c,3,19,3,5,23,3,19,2,13,3,0,0,4,6,6,12,0,0,12,6,4,8,6,13,13,2,13,0
422,No,No,789589968ed90e82a832dbc60e958c76b787be7e,No,No,default,none,Function,"vlapic_reg_write(struct vcpu *,unsigned int,uint32_t)",xen/arch/x86/hvm/vlapic.c,21,96,8,13,118,21,96,5,77,8,0,0,19,62,50,75,4,0,71,25,10,27,14,66,65,3,65,0
422,No,No,789589968ed90e82a832dbc60e958c76b787be7e,No,No,default,none,Function,vlapic_reset(struct vlapic *),xen/arch/x86/hvm/vlapic.c,3,11,0,5,14,3,11,2,8,0,0,0,7,3,6,8,1,0,7,3,3,3,1,1,0,1,0,0
422,No,No,789589968ed90e82a832dbc60e958c76b787be7e,No,No,default,none,Function,"vlapic_set_irq(struct vlapic *,uint8_t,uint8_t)",xen/arch/x86/hvm/vlapic.c,4,19,0,11,23,4,19,2,14,0,0,0,9,13,8,13,1,0,12,6,6,6,1,3,0,1,0,0
422,No,No,789589968ed90e82a832dbc60e958c76b787be7e,No,No,default,none,Function,vlapic_set_ppr(struct vlapic *),xen/arch/x86/hvm/vlapic.c,1,6,0,2,7,1,6,2,3,0,0,0,3,1,3,3,1,0,2,1,1,1,1,0,0,0,0,0
422,No,No,789589968ed90e82a832dbc60e958c76b787be7e,No,No,default,Static,Static Function,"vlapic_set_reg(struct vlapic *,uint32_t,uint32_t)",xen/include/asm-x86/hvm/vlapic.h,0,5,0,3,5,0,5,2,1,0,0,0,2,1,1,1,0,0,1,1,1,1,1,0,0,0,0,0
422,No,No,789589968ed90e82a832dbc60e958c76b787be7e,No,No,default,Static,Static Function,"vlapic_set_tdcr(struct vlapic *,unsigned int)",xen/arch/x86/hvm/vlapic.c,2,9,2,6,13,2,9,1,6,2,0,0,5,1,5,5,0,0,5,1,1,1,1,0,0,0,0,0
422,No,No,789589968ed90e82a832dbc60e958c76b787be7e,No,No,default,none,Function,vlapic_tdt_msr_get(struct vlapic *),xen/arch/x86/hvm/vlapic.c,1,6,0,4,7,1,6,1,3,0,0,0,2,2,2,3,0,0,3,2,2,2,1,1,0,1,0,0
422,No,No,789589968ed90e82a832dbc60e958c76b787be7e,No,No,default,none,Function,"vlapic_tdt_msr_set(struct vlapic *,uint64_t)",xen/arch/x86/hvm/vlapic.c,8,49,4,10,61,8,49,4,35,4,0,0,16,5,21,25,3,0,22,5,5,5,3,4,2,2,2,0
422,No,No,789589968ed90e82a832dbc60e958c76b787be7e,No,No,default,Static,Static Function,"vlapic_tdt_pt_cb(struct vcpu *,void *)",xen/arch/x86/hvm/vlapic.c,0,5,0,1,5,0,5,1,2,0,0,0,5,1,2,2,0,0,2,1,1,1,1,0,0,0,0,0
422,No,No,789589968ed90e82a832dbc60e958c76b787be7e,No,No,default,Static,Static Function,"vlapic_test_and_set_irr(int,struct vlapic *)",xen/arch/x86/hvm/vlapic.c,0,4,0,5,4,0,4,1,1,0,0,0,2,1,1,1,0,0,1,1,1,1,1,0,0,0,0,0
422,No,No,789589968ed90e82a832dbc60e958c76b787be7e,No,No,default,none,Function,"vlapic_test_irq(const struct vlapic *,uint8_t)",xen/arch/x86/hvm/vlapic.c,2,9,0,5,11,2,9,1,6,0,0,0,5,3,3,5,0,0,5,3,3,4,3,2,2,1,2,0
422,No,No,789589968ed90e82a832dbc60e958c76b787be7e,No,No,default,Static,Static Function,"vlapic_update_timer(struct vlapic *,uint32_t,bool,uint32_t)",xen/arch/x86/hvm/vlapic.c,9,52,7,11,68,9,52,6,39,7,0,0,10,30,19,26,3,0,23,11,11,14,1,2,0,2,0,0
422,No,No,789589968ed90e82a832dbc60e958c76b787be7e,No,No,default,none,Function,vm_event_cleanup_domain(struct domain *),xen/arch/x86/vm_event.c,2,10,0,5,12,2,10,2,4,0,0,0,6,2,6,7,1,0,6,3,3,3,1,0,0,1,0,0
422,No,No,789589968ed90e82a832dbc60e958c76b787be7e,No,No,default,Static,Static Function,vm_event_cleanup_domain(struct domain *),xen/include/asm-arm/vm_event.h,0,4,0,2,4,0,4,1,1,0,0,0,1,1,1,1,0,0,1,1,1,1,1,0,0,0,0,0
422,No,No,789589968ed90e82a832dbc60e958c76b787be7e,No,No,default,none,Function,"vm_event_emulate_check(struct vcpu *,vm_event_response_t *)",xen/arch/x86/vm_event.c,5,33,4,9,42,5,33,1,22,4,0,0,7,9,13,22,0,1,21,9,7,9,1,7,0,3,0,0
422,No,No,789589968ed90e82a832dbc60e958c76b787be7e,No,No,default,Static,Static Function,"vm_event_emulate_check(struct vcpu *,vm_event_response_t *)",xen/include/asm-arm/vm_event.h,0,4,1,0,5,0,4,2,0,1,0,0,0,1,0,0,0,0,0,1,1,1,1,0,0,0,0,0
422,No,No,789589968ed90e82a832dbc60e958c76b787be7e,No,No,default,none,Function,vm_event_fill_regs(vm_event_request_t *),xen/arch/x86/vm_event.c,10,47,1,1,58,0,3,1,0,0,53,2,0,1,0,0,0,0,0,1,1,1,1,0,0,0,0,0
422,No,No,789589968ed90e82a832dbc60e958c76b787be7e,No,No,default,none,Function,vm_event_init_domain(struct domain *),xen/arch/x86/vm_event.c,4,13,0,5,17,4,13,2,7,0,0,0,4,5,7,10,1,0,9,5,5,5,4,4,4,2,4,0
422,No,No,789589968ed90e82a832dbc60e958c76b787be7e,No,No,default,Static,Static Function,vm_event_init_domain(struct domain *),xen/include/asm-arm/vm_event.h,0,4,1,0,5,0,4,1,1,1,0,0,1,1,1,1,0,0,1,1,1,1,1,0,0,0,0,0
422,No,No,789589968ed90e82a832dbc60e958c76b787be7e,No,No,default,none,Function,vm_event_monitor_next_interrupt(struct vcpu *),xen/arch/x86/vm_event.c,0,4,0,0,4,0,4,1,1,0,0,0,4,1,1,1,0,0,1,1,1,1,1,0,0,0,0,0
422,No,No,789589968ed90e82a832dbc60e958c76b787be7e,No,No,default,none,Function,"vm_event_register_write_resume(struct vcpu *,vm_event_response_t *)",xen/arch/x86/vm_event.c,4,31,1,11,36,4,31,2,21,1,0,0,7,8,13,22,1,0,21,8,5,8,3,6,2,3,2,0
422,No,No,789589968ed90e82a832dbc60e958c76b787be7e,No,No,default,Static,Static Function,"vm_event_register_write_resume(struct vcpu *,vm_event_response_t *)",xen/include/asm-arm/vm_event.h,0,4,1,0,5,0,4,2,0,1,0,0,0,1,0,0,0,0,0,1,1,1,1,0,0,0,0,0
422,No,No,789589968ed90e82a832dbc60e958c76b787be7e,No,No,default,none,Function,"vm_event_set_registers(struct vcpu *,vm_event_response_t *)",xen/arch/x86/vm_event.c,1,6,0,7,7,1,6,1,3,0,0,0,6,1,3,3,0,0,3,1,1,1,1,0,0,0,0,0
422,No,No,789589968ed90e82a832dbc60e958c76b787be7e,No,No,default,none,Function,"vm_event_sync_event(struct vcpu *,bool)",xen/arch/x86/vm_event.c,0,4,0,4,4,0,4,1,1,0,0,0,3,1,1,1,0,0,1,1,1,1,1,0,0,0,0,0
422,No,No,789589968ed90e82a832dbc60e958c76b787be7e,No,No,default,Static,Static Function,"vm_event_sync_event(struct vcpu *,bool)",xen/include/asm-arm/vm_event.h,0,4,1,0,5,0,4,2,0,1,0,0,0,1,0,0,0,0,0,1,1,1,1,0,0,0,0,0
422,No,No,789589968ed90e82a832dbc60e958c76b787be7e,No,No,default,none,Function,"vm_event_toggle_singlestep(struct domain *,struct vcpu *,vm_event_response_t *)",xen/arch/x86/vm_event.c,3,10,0,5,13,3,10,2,6,0,0,0,4,3,4,6,0,0,6,3,3,3,3,2,2,1,2,0
422,No,No,789589968ed90e82a832dbc60e958c76b787be7e,No,No,default,Static,Static Function,"vm_event_toggle_singlestep(struct domain *,struct vcpu *,vm_event_response_t *)",xen/include/asm-arm/vm_event.h,0,4,1,0,5,0,4,2,0,1,0,0,0,1,0,0,0,0,0,1,1,1,1,0,0,0,0,0
422,No,No,789589968ed90e82a832dbc60e958c76b787be7e,No,No,default,none,Function,vmaskmov(),xen/arch/x86/x86_emulate/x86_emulate.c,0,2,0,0,2,0,2,2,1,0,0,0,2,2,2,3,0,0,3,2,2,2,1,1,0,1,0,0
422,No,No,789589968ed90e82a832dbc60e958c76b787be7e,No,No,default,Static,Static Function,vmcs_dump(unsigned char),xen/arch/x86/hvm/vmx/vmcs.c,5,20,0,7,25,5,20,3,11,0,0,0,6,5,14,17,2,0,15,5,5,5,3,1,1,2,1,0
422,No,No,789589968ed90e82a832dbc60e958c76b787be7e,No,No,default,none,Function,vmcs_dump_vcpu(struct vcpu *),xen/arch/x86/hvm/vmx/vmcs.c,8,137,6,14,151,8,137,36,128,6,0,0,11,12288,179,193,43,0,150,16,16,19,1,1,0,1,0,0
422,No,No,789589968ed90e82a832dbc60e958c76b787be7e,No,No,default,Static,Static Function,"vmfail(struct cpu_user_regs *,enum vmx_insn_errno)",xen/arch/x86/hvm/vmx/vvmx.c,1,9,0,9,10,1,9,1,6,0,0,0,3,3,3,5,0,0,5,3,3,4,1,2,0,1,0,0
422,No,No,789589968ed90e82a832dbc60e958c76b787be7e,No,No,default,Static,Static Function,vmfail_invalid(struct cpu_user_regs *),xen/arch/x86/hvm/vmx/vvmx.c,2,7,0,8,9,2,7,3,4,0,0,0,4,1,4,4,2,0,2,1,1,1,1,0,0,0,0,0
422,No,No,789589968ed90e82a832dbc60e958c76b787be7e,No,No,default,Static,Static Function,"vmfail_valid(struct cpu_user_regs *,enum vmx_insn_errno)",xen/arch/x86/hvm/vmx/vvmx.c,2,8,0,6,10,2,8,3,5,0,0,0,5,1,5,5,2,0,3,1,1,1,1,0,0,0,0,0
422,No,No,789589968ed90e82a832dbc60e958c76b787be7e,No,No,default,Static,Static Function,vmr(unsigned long),xen/arch/x86/hvm/vmx/vmcs.c,1,5,0,4,6,1,5,2,1,0,0,0,2,1,2,2,1,0,1,2,2,2,1,0,0,0,0,0
422,No,No,789589968ed90e82a832dbc60e958c76b787be7e,No,No,default,Static,Static Function,"vmread_safe(unsigned long,unsigned long *)",xen/include/asm-x86/hvm/vmx/vmx.h,3,19,0,2,22,3,19,4,6,0,0,0,3,3,6,8,2,1,5,3,3,3,1,1,0,1,0,0
422,No,No,789589968ed90e82a832dbc60e958c76b787be7e,No,No,default,Static,Static Function,vmsucceed(struct cpu_user_regs *),xen/arch/x86/hvm/vmx/vvmx.c,0,4,0,9,4,0,4,1,1,0,0,0,1,1,1,1,0,0,1,1,1,1,1,0,0,0,0,0
422,No,No,789589968ed90e82a832dbc60e958c76b787be7e,No,No,default,Static,Static Function,"vmwrite_safe(unsigned long,unsigned long)",xen/include/asm-x86/hvm/vmx/vmx.h,3,19,0,2,22,3,19,4,6,0,0,0,3,3,6,8,2,1,5,3,3,3,1,1,0,1,0,0
422,No,No,789589968ed90e82a832dbc60e958c76b787be7e,No,No,default,none,Function,"vmx_add_msr(struct vcpu *,uint32_t,uint64_t,enum vmx_msr_list_type)",xen/arch/x86/hvm/vmx/vmcs.c,22,85,4,15,111,22,85,7,64,4,0,0,17,674,51,68,5,0,63,16,10,18,11,17,16,2,16,0
422,No,No,789589968ed90e82a832dbc60e958c76b787be7e,No,No,default,Static,Static Function,vmx_alloc_vlapic_mapping(struct domain *),xen/arch/x86/hvm/vmx/vmx.c,3,17,0,3,20,3,17,3,12,0,0,0,14,3,10,12,2,0,10,3,3,3,3,2,2,1,2,0
422,No,No,789589968ed90e82a832dbc60e958c76b787be7e,No,No,default,Static,Static Function,vmx_alloc_vmcs(),xen/arch/x86/hvm/vmx/vmcs.c,3,15,0,3,18,3,15,3,8,0,0,0,8,2,9,10,2,0,8,2,2,2,1,1,0,1,0,0
422,No,No,789589968ed90e82a832dbc60e958c76b787be7e,No,No,default,none,Function,"vmx_clear_eoi_exit_bitmap(struct vcpu *,u8)",xen/arch/x86/hvm/vmx/vmcs.c,0,6,0,8,6,0,6,1,3,0,0,0,2,2,1,2,0,0,2,2,2,2,1,0,0,1,0,0
422,No,No,789589968ed90e82a832dbc60e958c76b787be7e,No,No,default,none,Function,"vmx_clear_msr_intercept(struct vcpu *,unsigned int,enum vmx_msr_intercept_type)",xen/arch/x86/hvm/vmx/vmcs.c,3,27,1,18,31,3,27,4,19,1,0,0,4,12,11,20,2,0,18,11,11,12,3,4,2,3,2,0
422,No,No,789589968ed90e82a832dbc60e958c76b787be7e,No,No,default,Static,Static Function,vmx_clear_vmcs(struct vcpu *),xen/arch/x86/hvm/vmx/vmcs.c,1,6,0,9,7,1,6,2,3,0,0,0,2,2,2,3,1,0,2,2,2,2,1,0,0,1,0,0
422,No,No,789589968ed90e82a832dbc60e958c76b787be7e,No,No,default,none,Function,vmx_cpu_dead(unsigned int),xen/arch/x86/hvm/vmx/vmcs.c,0,7,0,1,7,0,7,1,4,0,0,0,4,1,4,4,0,0,4,1,1,1,1,0,0,0,0,0
422,No,No,789589968ed90e82a832dbc60e958c76b787be7e,No,No,default,none,Function,vmx_cpu_down(),xen/arch/x86/hvm/vmx/vmcs.c,5,15,0,4,20,5,15,3,11,0,0,0,10,5,10,13,2,0,11,5,5,5,1,1,0,2,0,0
422,No,No,789589968ed90e82a832dbc60e958c76b787be7e,No,No,default,none,Function,vmx_cpu_up(),xen/arch/x86/hvm/vmx/vmcs.c,0,4,0,0,4,0,4,1,1,0,0,0,2,1,1,1,0,0,1,1,1,1,1,0,0,0,0,0
422,No,No,789589968ed90e82a832dbc60e958c76b787be7e,No,No,default,none,Function,vmx_cpu_up_prepare(unsigned int),xen/arch/x86/hvm/vmx/vmcs.c,3,13,4,2,20,3,13,1,10,4,0,0,6,6,7,10,0,0,10,4,4,4,3,2,2,1,2,0
422,No,No,789589968ed90e82a832dbc60e958c76b787be7e,No,No,default,Static,Static Function,vmx_cpuid_policy_changed(struct vcpu *),xen/arch/x86/hvm/vmx/vmx.c,5,24,6,10,35,5,24,2,21,6,0,0,9,16,12,16,1,0,15,5,5,7,1,4,0,1,0,0
422,No,No,789589968ed90e82a832dbc60e958c76b787be7e,No,No,default,Static,Static Function,vmx_cr_access(cr_access_qual_t),xen/arch/x86/hvm/vmx/vmx.c,10,37,6,9,53,10,37,6,27,6,0,0,12,6,19,25,5,0,20,6,3,6,1,12,0,2,0,0
422,No,No,789589968ed90e82a832dbc60e958c76b787be7e,No,No,default,none,Function,vmx_create_vmcs(struct vcpu *),xen/arch/x86/hvm/vmx/vmcs.c,4,17,0,7,21,4,17,3,11,0,0,0,9,3,10,12,2,0,10,3,3,3,3,2,2,1,2,0
422,No,No,789589968ed90e82a832dbc60e958c76b787be7e,No,No,default,Static,Static Function,vmx_ctxt_switch_from(struct vcpu *),xen/arch/x86/hvm/vmx/vmx.c,3,16,12,9,31,3,16,1,11,12,0,0,8,9,7,11,0,0,11,5,5,5,1,1,0,1,0,0
422,No,No,789589968ed90e82a832dbc60e958c76b787be7e,No,No,default,Static,Static Function,vmx_ctxt_switch_to(struct vcpu *),xen/arch/x86/hvm/vmx/vmx.c,1,7,0,6,8,1,7,1,4,0,0,0,3,2,3,4,0,0,4,2,2,2,1,0,0,1,0,0
422,No,No,789589968ed90e82a832dbc60e958c76b787be7e,No,No,default,none,Function,"vmx_del_msr(struct vcpu *,uint32_t,enum vmx_msr_list_type)",xen/arch/x86/hvm/vmx/vmcs.c,15,47,1,13,63,15,47,5,40,1,0,0,12,48,30,41,4,0,37,11,7,13,6,10,4,2,4,0
422,No,No,789589968ed90e82a832dbc60e958c76b787be7e,No,No,default,Static,Static Function,"vmx_deliver_posted_intr(struct vcpu *,u8)",xen/arch/x86/hvm/vmx/vmx.c,7,30,12,9,49,7,30,2,20,12,0,0,9,4,13,16,1,0,15,5,5,6,5,6,4,3,4,0
422,No,No,789589968ed90e82a832dbc60e958c76b787be7e,No,No,default,none,Function,vmx_destroy_vmcs(struct vcpu *),xen/arch/x86/hvm/vmx/vmcs.c,3,9,0,10,12,3,9,2,6,0,0,0,3,1,6,6,1,0,5,1,1,1,1,0,0,0,0,0
422,No,No,789589968ed90e82a832dbc60e958c76b787be7e,No,No,default,Static,Static Function,vmx_do_cpuid(struct cpu_user_regs *),xen/arch/x86/hvm/vmx/vmx.c,4,18,1,8,22,4,18,4,12,1,0,0,12,2,12,13,3,0,10,2,2,2,1,1,0,1,0,0
422,No,No,789589968ed90e82a832dbc60e958c76b787be7e,No,No,default,Static,Static Function,vmx_do_extint(struct cpu_user_regs *),xen/arch/x86/hvm/vmx/vmx.c,3,10,0,2,13,3,10,2,6,0,0,0,7,2,8,9,1,0,8,3,3,3,1,0,0,2,0,0
422,No,No,789589968ed90e82a832dbc60e958c76b787be7e,No,No,default,none,Function,vmx_do_resume(struct vcpu *),xen/arch/x86/hvm/vmx/vmcs.c,8,37,16,13,61,8,37,4,26,16,0,0,24,16,19,24,3,0,21,6,6,10,1,1,0,3,0,0
422,No,No,789589968ed90e82a832dbc60e958c76b787be7e,No,No,default,Static,Static Function,vmx_domain_destroy(struct domain *),xen/arch/x86/hvm/vmx/vmx.c,1,6,0,1,7,1,6,1,3,0,0,0,2,2,2,3,0,0,3,2,2,2,1,1,0,1,0,0
422,No,No,789589968ed90e82a832dbc60e958c76b787be7e,No,No,default,none,Function,vmx_domain_disable_pml(struct domain *),xen/arch/x86/hvm/vmx/vmcs.c,4,10,0,5,14,4,10,2,6,0,0,0,9,6,8,11,1,0,10,6,6,6,1,1,0,2,0,0
422,No,No,789589968ed90e82a832dbc60e958c76b787be7e,No,No,default,none,Function,vmx_domain_enable_pml(struct domain *),xen/arch/x86/hvm/vmx/vmcs.c,6,18,0,5,24,6,18,3,12,0,0,0,12,8,14,20,2,0,18,10,10,10,4,5,5,2,4,0
422,No,No,789589968ed90e82a832dbc60e958c76b787be7e,No,No,default,none,Function,vmx_domain_flush_pml_buffers(struct domain *),xen/arch/x86/hvm/vmx/vmcs.c,3,9,0,5,12,3,9,2,5,0,0,0,5,6,7,10,1,0,9,6,6,6,1,1,0,2,0,0
422,No,No,789589968ed90e82a832dbc60e958c76b787be7e,No,No,default,Static,Static Function,vmx_domain_initialise(struct domain *),xen/arch/x86/hvm/vmx/vmx.c,4,15,0,1,19,4,15,7,11,0,0,0,6,3,6,8,2,0,6,3,3,3,3,2,2,1,2,0
422,No,No,789589968ed90e82a832dbc60e958c76b787be7e,No,No,default,none,Function,vmx_domain_pml_enabled(const struct domain *),xen/arch/x86/hvm/vmx/vmcs.c,0,4,0,10,4,0,4,1,1,0,0,0,1,1,1,1,0,0,1,1,1,1,1,0,0,0,0,0
422,No,No,789589968ed90e82a832dbc60e958c76b787be7e,No,No,default,none,Function,vmx_domain_update_eptp(struct domain *),xen/arch/x86/hvm/vmx/vmcs.c,3,9,0,8,12,3,9,3,5,0,0,0,6,4,8,10,2,0,8,5,5,5,1,0,0,2,0,0
422,No,No,789589968ed90e82a832dbc60e958c76b787be7e,No,No,default,Static,Static Function,"vmx_dr_access(unsigned long,struct cpu_user_regs *)",xen/arch/x86/hvm/vmx/vmx.c,3,10,1,4,14,3,10,3,6,1,0,0,7,2,5,6,1,0,5,2,2,2,1,0,0,1,0,0
422,No,No,789589968ed90e82a832dbc60e958c76b787be7e,No,No,default,Static,Static Function,"vmx_dump_sel(char *,uint32_t)",xen/arch/x86/hvm/vmx/vmcs.c,0,10,0,3,10,0,10,3,5,0,0,0,2,1,7,7,2,0,5,1,1,1,1,0,0,0,0,0
422,No,No,789589968ed90e82a832dbc60e958c76b787be7e,No,No,default,Static,Static Function,"vmx_dump_sel2(char *,uint32_t)",xen/arch/x86/hvm/vmx/vmcs.c,0,8,0,3,8,0,8,3,3,0,0,0,2,1,5,5,2,0,3,1,1,1,1,0,0,0,0,0
422,No,No,789589968ed90e82a832dbc60e958c76b787be7e,No,No,default,Static,Static Function,"vmx_enable_intr_window(struct vcpu *,struct hvm_intack)",xen/arch/x86/hvm/vmx/intr.c,6,29,10,10,45,6,29,4,16,10,0,0,10,24,14,19,3,0,16,8,8,9,1,0,0,2,0,0
422,No,No,789589968ed90e82a832dbc60e958c76b787be7e,No,No,default,Static,Static Function,"vmx_enable_msr_interception(struct domain *,uint32_t)",xen/arch/x86/hvm/vmx/vmx.c,1,6,0,4,7,1,6,2,2,0,0,0,1,2,4,5,1,0,4,3,3,3,1,0,0,1,0,0
422,No,No,789589968ed90e82a832dbc60e958c76b787be7e,No,No,default,none,Function,vmx_enter_realmode(struct cpu_user_regs *),xen/arch/x86/hvm/vmx/vmx.c,1,6,3,2,10,1,6,2,3,3,0,0,5,1,3,3,1,0,2,1,1,1,1,0,0,0,0,0
422,No,No,789589968ed90e82a832dbc60e958c76b787be7e,No,No,default,Static,Static Function,vmx_event_pending(const struct vcpu *),xen/arch/x86/hvm/vmx/vmx.c,2,7,0,1,9,2,7,2,3,0,0,0,4,2,5,6,1,0,5,3,3,3,1,0,0,2,0,0
422,No,No,789589968ed90e82a832dbc60e958c76b787be7e,No,No,default,Static,Static Function,"vmx_failed_vmentry(unsigned int,struct cpu_user_regs *)",xen/arch/x86/hvm/vmx/vmx.c,9,41,1,10,51,9,41,7,29,1,0,0,5,5,25,30,5,0,25,6,4,6,1,7,0,2,0,0
422,No,No,789589968ed90e82a832dbc60e958c76b787be7e,No,No,default,none,Function,"vmx_find_msr(const struct vcpu *,uint32_t,enum vmx_msr_list_type)",xen/arch/x86/hvm/vmx/vmcs.c,8,32,0,14,40,8,32,6,26,0,0,0,5,16,21,27,4,0,23,8,6,10,1,7,0,2,0,0
422,No,No,789589968ed90e82a832dbc60e958c76b787be7e,No,No,default,Static,Static Function,vmx_fpu_dirty_intercept(),xen/arch/x86/hvm/vmx/vmx.c,2,10,1,5,13,2,10,2,5,1,0,0,4,2,4,5,1,0,4,2,2,2,1,0,0,1,0,0
422,No,No,789589968ed90e82a832dbc60e958c76b787be7e,No,No,default,Static,Static Function,vmx_fpu_enter(struct vcpu *),xen/arch/x86/hvm/vmx/vmx.c,0,8,0,7,8,0,8,1,5,0,0,0,8,1,5,5,0,0,5,1,1,1,1,0,0,0,0,0
422,No,No,789589968ed90e82a832dbc60e958c76b787be7e,No,No,default,Static,Static Function,vmx_fpu_leave(struct vcpu *),xen/arch/x86/hvm/vmx/vmx.c,2,17,6,9,25,2,17,1,10,6,0,0,10,16,10,14,0,0,14,7,7,7,1,0,0,2,0,0
422,No,No,789589968ed90e82a832dbc60e958c76b787be7e,No,No,default,Static,Static Function,vmx_free_vlapic_mapping(struct domain *),xen/arch/x86/hvm/vmx/vmx.c,1,6,0,6,7,1,6,2,3,0,0,0,3,2,2,3,1,0,2,2,2,2,1,0,0,1,0,0
422,No,No,789589968ed90e82a832dbc60e958c76b787be7e,No,No,default,Static,Static Function,vmx_free_vmcs(paddr_t),xen/arch/x86/hvm/vmx/vmcs.c,0,4,0,4,4,0,4,1,1,0,0,0,2,1,1,1,0,0,1,1,1,1,1,0,0,0,0,0
422,No,No,789589968ed90e82a832dbc60e958c76b787be7e,No,No,default,none,Function,vmx_get_cpl(),xen/arch/x86/hvm/vmx/vmx.c,2,6,0,3,8,2,6,2,2,0,0,0,2,1,3,3,1,0,2,1,1,1,1,0,0,0,0,0
422,No,No,789589968ed90e82a832dbc60e958c76b787be7e,No,No,default,Static,Static Function,"vmx_get_guest_bndcfgs(struct vcpu *,u64 *)",xen/arch/x86/hvm/vmx/vmx.c,2,8,0,2,10,2,8,1,5,0,0,0,6,2,6,7,0,0,7,3,3,4,1,0,0,2,0,0
422,No,No,789589968ed90e82a832dbc60e958c76b787be7e,No,No,default,Static,Static Function,"vmx_get_guest_pat(struct vcpu *,u64 *)",xen/arch/x86/hvm/vmx/vmx.c,1,10,0,7,11,1,10,1,7,0,0,0,6,2,5,6,0,0,6,2,2,3,1,1,0,1,0,0
422,No,No,789589968ed90e82a832dbc60e958c76b787be7e,No,No,default,Static,Static Function,vmx_get_interrupt_shadow(struct vcpu *),xen/arch/x86/hvm/vmx/vmx.c,2,6,0,0,8,2,6,2,2,0,0,0,2,1,3,3,1,0,2,1,1,1,1,0,0,0,0,0
422,No,No,789589968ed90e82a832dbc60e958c76b787be7e,No,No,default,Static,Static Function,"vmx_get_pending_event(struct vcpu *,struct x86_event *)",xen/arch/x86/hvm/vmx/vmx.c,4,14,0,1,18,4,14,2,10,0,0,0,8,2,10,11,1,0,10,2,2,2,1,1,0,1,0,0
422,No,No,789589968ed90e82a832dbc60e958c76b787be7e,No,No,default,Static,Static Function,"vmx_get_segment_register(struct vcpu *,enum x86_segment,struct segment_register *)",xen/arch/x86/hvm/vmx/vmx.c,7,73,20,10,100,7,73,5,56,20,0,0,15,23,39,50,3,0,47,12,8,15,7,23,21,2,21,0
422,No,No,789589968ed90e82a832dbc60e958c76b787be7e,No,No,default,Static,Static Function,vmx_get_shadow_gs_base(struct vcpu *),xen/arch/x86/hvm/vmx/vmx.c,0,4,0,5,4,0,4,1,1,0,0,0,1,1,1,1,0,0,1,1,1,1,1,0,0,0,0,0
422,No,No,789589968ed90e82a832dbc60e958c76b787be7e,No,No,default,none,Function,vmx_guest_x86_mode(struct vcpu *),xen/arch/x86/hvm/vmx/vmx.c,1,13,0,8,14,1,13,2,9,0,0,0,6,4,6,9,1,0,8,5,5,6,4,3,3,1,3,0
422,No,No,789589968ed90e82a832dbc60e958c76b787be7e,No,No,default,Static,Static Function,vmx_handle_apic_write(),xen/arch/x86/hvm/vmx/vmx.c,2,7,0,1,9,2,7,2,3,0,0,0,5,2,5,6,1,0,5,3,3,3,1,0,0,2,0,0
422,No,No,789589968ed90e82a832dbc60e958c76b787be7e,No,No,default,Static,Static Function,"vmx_handle_cd(struct vcpu *,unsigned long)",xen/arch/x86/hvm/vmx/vmx.c,3,37,20,8,49,3,37,11,26,20,0,0,12,4,13,16,2,0,14,4,4,5,1,2,0,3,0,0
422,No,No,789589968ed90e82a832dbc60e958c76b787be7e,No,No,default,Static,Static Function,vmx_handle_descriptor_access(uint32_t),xen/arch/x86/hvm/vmx/vmx.c,2,24,0,5,26,2,24,6,12,0,0,0,3,2,13,14,5,0,9,4,4,4,1,1,0,1,0,0
422,No,No,789589968ed90e82a832dbc60e958c76b787be7e,No,No,default,Static,Static Function,"vmx_handle_eoi(uint8_t,int)",xen/arch/x86/hvm/vmx/vmx.c,1,7,0,2,8,1,7,3,3,0,0,0,3,2,3,4,2,0,2,2,2,3,1,0,0,1,0,0
422,No,No,789589968ed90e82a832dbc60e958c76b787be7e,No,No,default,Static,Static Function,vmx_handle_eoi_write(),xen/arch/x86/hvm/vmx/vmx.c,2,14,5,1,20,2,14,2,8,5,0,0,6,2,7,8,1,0,7,2,2,3,1,1,0,1,0,0
422,No,No,789589968ed90e82a832dbc60e958c76b787be7e,No,No,default,Static,Static Function,vmx_handle_xrstors(),xen/arch/x86/hvm/vmx/vmx.c,0,5,0,2,5,0,5,1,2,0,0,0,2,1,4,4,0,0,4,2,2,2,1,0,0,1,0,0
422,No,No,789589968ed90e82a832dbc60e958c76b787be7e,No,No,default,Static,Static Function,vmx_handle_xsaves(),xen/arch/x86/hvm/vmx/vmx.c,0,5,0,2,5,0,5,1,2,0,0,0,2,1,4,4,0,0,4,2,2,2,1,0,0,1,0,0
422,No,No,789589968ed90e82a832dbc60e958c76b787be7e,No,No,default,Static,Static Function,vmx_idtv_reinject(unsigned long),xen/arch/x86/hvm/vmx/vmx.c,4,28,6,2,38,4,28,3,15,6,0,0,4,7,7,11,2,0,9,5,5,6,1,0,0,3,0,0
422,No,No,789589968ed90e82a832dbc60e958c76b787be7e,No,No,default,Static,Static Function,"vmx_init_hypercall_page(struct domain *,void *)",xen/arch/x86/hvm/vmx/vmx.c,3,18,5,1,22,3,18,3,11,5,0,0,1,3,13,15,2,0,13,3,3,3,3,1,1,2,1,0
422,No,No,789589968ed90e82a832dbc60e958c76b787be7e,No,No,default,Static,Static Function,vmx_init_vmcs_config(),xen/arch/x86/hvm/vmx/vmcs.c,28,238,47,19,312,28,238,12,202,47,0,0,20,49896000,89,122,11,0,111,34,34,41,7,9,8,2,8,0
422,No,No,789589968ed90e82a832dbc60e958c76b787be7e,No,No,default,Static,Static Function,vmx_inject_event(const struct x86_event *),xen/arch/x86/hvm/vmx/vmx.c,8,70,2,14,80,8,70,5,53,2,0,0,22,476,28,43,4,0,39,16,14,20,7,11,9,3,9,0
422,No,No,789589968ed90e82a832dbc60e958c76b787be7e,No,No,default,none,Function,"vmx_inject_extint(int,uint8_t)",xen/arch/x86/hvm/vmx/vmx.c,1,18,0,4,19,1,18,3,12,0,0,0,4,3,6,8,2,0,6,3,3,3,3,2,2,2,2,0
422,No,No,789589968ed90e82a832dbc60e958c76b787be7e,No,No,default,none,Function,vmx_inject_nmi(),xen/arch/x86/hvm/vmx/vmx.c,1,18,0,1,19,1,18,3,12,0,0,0,4,3,6,8,2,0,6,3,3,3,3,2,2,2,2,0
422,No,No,789589968ed90e82a832dbc60e958c76b787be7e,No,No,default,Static,Static Function,vmx_install_vlapic_mapping(struct vcpu *),xen/arch/x86/hvm/vmx/vmx.c,4,14,0,8,18,4,14,2,10,0,0,0,7,3,11,13,1,0,12,4,4,4,1,1,0,2,0,0
422,No,No,789589968ed90e82a832dbc60e958c76b787be7e,No,No,default,none,Function,vmx_intr_assist(),xen/arch/x86/hvm/vmx/intr.c,20,148,21,14,188,20,146,13,97,21,0,2,30,14042,73,100,12,2,86,32,32,45,12,25,22,5,22,0
422,No,No,789589968ed90e82a832dbc60e958c76b787be7e,No,No,default,Static,Static Function,"vmx_invlpg(struct vcpu *,unsigned long)",xen/arch/x86/hvm/vmx/vmx.c,0,5,0,2,5,0,5,1,2,0,0,0,1,2,1,2,0,0,2,2,2,2,1,0,0,1,0,0
422,No,No,789589968ed90e82a832dbc60e958c76b787be7e,No,No,default,Static,Static Function,vmx_invlpg_intercept(unsigned long),xen/arch/x86/hvm/vmx/vmx.c,0,5,1,2,5,0,5,1,2,1,0,0,3,1,2,2,0,0,2,1,1,1,1,0,0,0,0,0
422,No,No,789589968ed90e82a832dbc60e958c76b787be7e,No,No,default,Static,Static Function,vmx_is_singlestep_supported(),xen/arch/x86/hvm/vmx/vmx.c,0,4,0,0,4,0,4,1,1,0,0,0,1,1,1,1,0,0,1,1,1,1,1,0,0,0,0,0
422,No,No,789589968ed90e82a832dbc60e958c76b787be7e,No,No,default,Static,Static Function,"vmx_load_cpu_state(struct vcpu *,struct hvm_hw_cpu *)",xen/arch/x86/hvm/vmx/vmx.c,0,8,0,7,8,0,8,1,5,0,0,0,9,1,5,5,0,0,5,1,1,1,1,0,0,0,0,0
422,No,No,789589968ed90e82a832dbc60e958c76b787be7e,No,No,default,Static,Static Function,"vmx_load_msr(struct vcpu *,struct hvm_msr *)",xen/arch/x86/hvm/vmx/vmx.c,4,33,0,6,37,4,33,3,25,0,0,0,12,13,16,24,2,0,22,8,7,12,3,7,3,3,2,0
422,No,No,789589968ed90e82a832dbc60e958c76b787be7e,No,No,default,Static,Static Function,vmx_load_pdptrs(struct vcpu *),xen/arch/x86/hvm/vmx/vmx.c,11,33,9,7,53,11,33,6,23,9,0,0,12,5,24,27,5,0,22,5,5,7,4,5,5,1,5,0
422,No,No,789589968ed90e82a832dbc60e958c76b787be7e,No,No,default,Static,Static Function,vmx_load_vmcs(struct vcpu *),xen/arch/x86/hvm/vmx/vmcs.c,5,14,0,11,19,5,14,2,8,0,0,0,13,4,9,11,1,0,10,4,4,4,1,0,0,2,0,0
422,No,No,789589968ed90e82a832dbc60e958c76b787be7e,No,No,default,Static,Static Function,"vmx_load_vmcs_ctxt(struct vcpu *,struct hvm_hw_cpu *)",xen/arch/x86/hvm/vmx/vmx.c,2,11,0,3,13,2,11,1,6,0,0,0,5,2,7,8,0,0,8,3,3,3,1,1,0,2,0,0
422,No,No,789589968ed90e82a832dbc60e958c76b787be7e,No,No,default,none,Function,"vmx_msr_is_intercepted(struct vmx_msr_bitmap *,unsigned int,bool)",xen/arch/x86/hvm/vmx/vmcs.c,0,12,1,8,13,0,12,2,8,1,0,0,2,3,3,5,0,0,5,5,5,6,3,2,2,1,2,0
422,No,No,789589968ed90e82a832dbc60e958c76b787be7e,No,No,default,Static,Static Function,"vmx_msr_read_intercept(unsigned int,uint64_t *)",xen/arch/x86/hvm/vmx/vmx.c,17,84,3,10,104,17,84,2,75,3,0,0,16,37,43,72,1,0,71,29,10,29,22,188,188,2,188,0
422,No,No,789589968ed90e82a832dbc60e958c76b787be7e,No,No,default,Static,Static Function,"vmx_msr_write_intercept(unsigned int,uint64_t)",xen/arch/x86/hvm/vmx/vmx.c,31,126,20,15,177,31,126,7,106,20,0,0,30,206,67,109,6,1,102,44,26,46,28,244,244,6,242,0
422,No,No,789589968ed90e82a832dbc60e958c76b787be7e,No,No,default,none,Function,vmx_pi_desc_fixup(unsigned int),xen/arch/x86/hvm/vmx/vmx.c,11,37,21,10,69,11,37,6,26,21,0,0,20,4,23,26,5,0,21,6,6,6,1,2,0,3,0,0
422,No,No,789589968ed90e82a832dbc60e958c76b787be7e,No,No,default,Static,Static Function,vmx_pi_do_resume(struct vcpu *),xen/arch/x86/hvm/vmx/vmx.c,1,5,0,3,6,1,5,1,2,0,0,0,4,2,3,4,0,0,4,3,3,3,1,0,0,2,0,0
422,No,No,789589968ed90e82a832dbc60e958c76b787be7e,No,No,default,none,Function,vmx_pi_hooks_assign(struct domain *),xen/arch/x86/hvm/vmx/vmx.c,6,16,13,14,35,6,16,4,10,13,0,0,11,5,11,14,3,0,11,7,7,8,1,1,0,2,0,0
422,No,No,789589968ed90e82a832dbc60e958c76b787be7e,No,No,default,Static,Static Function,vmx_pi_hooks_assign(struct domain *),xen/include/asm-x86/hvm/vmx/vmx.h,0,1,0,0,1,0,1,1,0,0,0,0,0,1,0,0,0,0,0,1,1,1,1,0,0,0,0,0
422,No,No,789589968ed90e82a832dbc60e958c76b787be7e,No,No,default,none,Function,vmx_pi_hooks_deassign(struct domain *),xen/arch/x86/hvm/vmx/vmx.c,6,14,20,9,40,6,14,2,10,20,0,0,12,9,13,17,1,0,16,8,8,9,1,1,0,2,0,1
422,No,No,789589968ed90e82a832dbc60e958c76b787be7e,No,No,default,Static,Static Function,vmx_pi_hooks_deassign(struct domain *),xen/include/asm-x86/hvm/vmx/vmx.h,0,1,0,0,1,0,1,1,0,0,0,0,0,1,0,0,0,0,0,1,1,1,1,0,0,0,0,0
422,No,No,789589968ed90e82a832dbc60e958c76b787be7e,No,No,default,none,Function,vmx_pi_per_cpu_init(unsigned int),xen/arch/x86/hvm/vmx/vmx.c,0,5,0,4,5,0,5,1,2,0,0,0,3,1,2,2,0,0,2,1,1,1,1,0,0,0,0,0
422,No,No,789589968ed90e82a832dbc60e958c76b787be7e,No,No,default,Static,Static Function,vmx_pi_switch_from(struct vcpu *),xen/arch/x86/hvm/vmx/vmx.c,2,7,0,7,9,2,7,2,4,0,0,0,2,2,3,4,1,0,3,2,2,2,1,1,0,1,0,0
422,No,No,789589968ed90e82a832dbc60e958c76b787be7e,No,No,default,Static,Static Function,vmx_pi_switch_to(struct vcpu *),xen/arch/x86/hvm/vmx/vmx.c,2,8,0,8,10,2,8,3,5,0,0,0,3,1,4,4,2,0,2,2,2,2,1,0,0,0,0,0
422,No,No,789589968ed90e82a832dbc60e958c76b787be7e,No,No,default,Static,Static Function,vmx_pi_unblock_vcpu(struct vcpu *),xen/arch/x86/hvm/vmx/vmx.c,7,19,11,12,37,7,19,4,12,11,0,0,13,4,13,16,3,0,13,5,5,5,1,1,0,3,0,0
422,No,No,789589968ed90e82a832dbc60e958c76b787be7e,No,No,default,Static,Static Function,"vmx_process_isr(int,struct vcpu *)",xen/arch/x86/hvm/vmx/vmx.c,5,14,13,8,32,5,14,3,10,13,0,0,9,6,11,14,2,0,12,4,4,5,1,0,0,2,0,0
422,No,No,789589968ed90e82a832dbc60e958c76b787be7e,No,No,default,Static,Static Function,vmx_propagate_intr(unsigned long),xen/arch/x86/hvm/vmx/vmx.c,3,23,0,3,26,3,23,6,15,0,0,0,4,4,9,11,2,0,9,3,3,3,1,2,0,1,0,0
422,No,No,789589968ed90e82a832dbc60e958c76b787be7e,No,No,default,Static,Static Function,"vmx_restore_cr0_cr3(struct vcpu *,unsigned long,unsigned long)",xen/arch/x86/hvm/vmx/vmx.c,5,25,0,8,30,5,25,3,15,0,0,0,13,6,9,13,1,0,12,6,6,6,4,3,3,3,3,0
422,No,No,789589968ed90e82a832dbc60e958c76b787be7e,No,No,default,Static,Static Function,vmx_restore_dr(struct vcpu *),xen/arch/x86/hvm/vmx/vmx.c,0,5,1,4,6,0,5,1,2,1,0,0,2,2,1,2,0,0,2,2,2,2,1,0,0,1,0,0
422,No,No,789589968ed90e82a832dbc60e958c76b787be7e,No,No,default,Static,Static Function,vmx_restore_guest_msrs(struct vcpu *),xen/arch/x86/hvm/vmx/vmx.c,1,9,0,11,10,1,9,1,6,0,0,0,3,2,5,6,0,0,6,2,2,2,1,0,0,1,0,0
422,No,No,789589968ed90e82a832dbc60e958c76b787be7e,No,No,default,Static,Static Function,vmx_restore_host_msrs(),xen/arch/x86/hvm/vmx/vmx.c,0,6,1,2,7,0,6,1,3,1,0,0,2,1,3,3,0,0,3,1,1,1,1,0,0,0,0,0
422,No,No,789589968ed90e82a832dbc60e958c76b787be7e,No,No,default,Static,Static Function,"vmx_save_cpu_state(struct vcpu *,struct hvm_hw_cpu *)",xen/arch/x86/hvm/vmx/vmx.c,0,8,0,10,8,0,8,1,5,0,0,0,6,1,5,5,0,0,5,1,1,1,1,0,0,0,0,0
422,No,No,789589968ed90e82a832dbc60e958c76b787be7e,No,No,default,Static,Static Function,vmx_save_dr(struct vcpu *),xen/arch/x86/hvm/vmx/vmx.c,2,14,2,7,18,2,14,1,11,2,0,0,10,2,10,11,0,0,11,2,2,2,1,1,0,1,0,0
422,No,No,789589968ed90e82a832dbc60e958c76b787be7e,No,No,default,Static,Static Function,vmx_save_guest_msrs(struct vcpu *),xen/arch/x86/hvm/vmx/vmx.c,0,4,4,1,8,0,4,1,1,4,0,0,6,1,1,1,0,0,1,1,1,1,1,0,0,0,0,1
422,No,No,789589968ed90e82a832dbc60e958c76b787be7e,No,No,default,Static,Static Function,"vmx_save_msr(struct vcpu *,struct hvm_msr *)",xen/arch/x86/hvm/vmx/vmx.c,3,17,0,8,20,3,17,1,10,0,0,0,8,9,6,10,0,0,10,5,5,7,1,0,0,2,0,0
422,No,No,789589968ed90e82a832dbc60e958c76b787be7e,No,No,default,Static,Static Function,"vmx_save_vmcs_ctxt(struct vcpu *,struct hvm_hw_cpu *)",xen/arch/x86/hvm/vmx/vmx.c,0,5,0,2,5,0,5,1,2,0,0,0,2,1,2,2,0,0,2,1,1,1,1,0,0,0,0,0
422,No,No,789589968ed90e82a832dbc60e958c76b787be7e,No,No,default,Static,Static Function,"vmx_set_descriptor_access_exiting(struct vcpu *,bool)",xen/arch/x86/hvm/vmx/vmx.c,1,12,0,2,13,1,12,1,9,0,0,0,7,2,5,6,0,0,6,2,2,2,1,1,0,1,0,0
422,No,No,789589968ed90e82a832dbc60e958c76b787be7e,No,No,default,none,Function,"vmx_set_eoi_exit_bitmap(struct vcpu *,u8)",xen/arch/x86/hvm/vmx/vmcs.c,0,6,0,9,6,0,6,1,3,0,0,0,2,2,1,2,0,0,2,2,2,2,1,0,0,1,0,0
422,No,No,789589968ed90e82a832dbc60e958c76b787be7e,No,No,default,Static,Static Function,"vmx_set_guest_bndcfgs(struct vcpu *,u64)",xen/arch/x86/hvm/vmx/vmx.c,2,8,0,2,10,2,8,1,5,0,0,0,6,2,6,7,0,0,7,3,3,4,1,0,0,2,0,0
422,No,No,789589968ed90e82a832dbc60e958c76b787be7e,No,No,default,Static,Static Function,"vmx_set_guest_pat(struct vcpu *,u64)",xen/arch/x86/hvm/vmx/vmx.c,1,10,0,7,11,1,10,1,7,0,0,0,6,2,5,6,0,0,6,2,2,3,1,1,0,1,0,0
422,No,No,789589968ed90e82a832dbc60e958c76b787be7e,No,No,default,Static,Static Function,vmx_set_host_env(struct vcpu *),xen/arch/x86/hvm/vmx/vmcs.c,4,11,5,4,20,4,11,2,8,5,0,0,6,1,6,6,1,0,5,1,1,1,1,0,0,0,0,0
422,No,No,789589968ed90e82a832dbc60e958c76b787be7e,No,No,default,Static,Static Function,vmx_set_info_guest(struct vcpu *),xen/arch/x86/hvm/vmx/vmx.c,4,15,8,7,27,4,15,2,9,8,0,0,4,2,7,8,1,0,7,2,2,4,1,0,0,1,0,0
422,No,No,789589968ed90e82a832dbc60e958c76b787be7e,No,No,default,Static,Static Function,"vmx_set_interrupt_shadow(struct vcpu *,unsigned int)",xen/arch/x86/hvm/vmx/vmx.c,0,4,0,1,4,0,4,1,1,0,0,0,1,1,1,1,0,0,1,1,1,1,1,0,0,0,0,0
422,No,No,789589968ed90e82a832dbc60e958c76b787be7e,No,No,default,none,Function,"vmx_set_msr_intercept(struct vcpu *,unsigned int,enum vmx_msr_intercept_type)",xen/arch/x86/hvm/vmx/vmcs.c,2,24,1,16,27,2,24,3,16,1,0,0,3,11,9,17,1,0,16,10,10,11,1,3,0,3,0,0
422,No,No,789589968ed90e82a832dbc60e958c76b787be7e,No,No,default,Static,Static Function,"vmx_set_rdtsc_exiting(struct vcpu *,bool_t)",xen/arch/x86/hvm/vmx/vmx.c,0,9,0,2,9,0,9,1,6,0,0,0,7,2,5,6,0,0,6,2,2,2,1,0,0,1,0,0
422,No,No,789589968ed90e82a832dbc60e958c76b787be7e,No,No,default,Static,Static Function,"vmx_set_segment_register(struct vcpu *,enum x86_segment,struct segment_register *)",xen/arch/x86/hvm/vmx/vmx.c,8,81,10,17,99,8,81,6,61,10,0,0,15,36,47,58,4,0,54,11,7,15,1,18,0,4,0,0
422,No,No,789589968ed90e82a832dbc60e958c76b787be7e,No,No,default,Static,Static Function,"vmx_set_tsc_offset(struct vcpu *,u64,u64)",xen/arch/x86/hvm/vmx/vmx.c,2,8,0,2,10,2,8,1,5,0,0,0,5,2,4,5,0,0,5,2,2,2,1,0,0,1,0,0
422,No,No,789589968ed90e82a832dbc60e958c76b787be7e,No,No,default,Static,Static Function,vmx_setup_tsc_scaling(struct vcpu *),xen/arch/x86/hvm/vmx/vmx.c,1,8,0,4,9,1,8,1,5,0,0,0,4,2,4,5,0,0,5,2,2,2,1,1,0,1,0,0
422,No,No,789589968ed90e82a832dbc60e958c76b787be7e,No,No,default,Static,Static Function,vmx_sync_pir_to_irr(struct vcpu *),xen/arch/x86/hvm/vmx/vmx.c,3,12,0,7,15,3,12,3,8,0,0,0,7,3,8,10,2,0,8,3,3,3,1,1,0,1,0,0
422,No,No,789589968ed90e82a832dbc60e958c76b787be7e,No,No,default,Static,Static Function,"vmx_test_pir(const struct vcpu *,uint8_t)",xen/arch/x86/hvm/vmx/vmx.c,0,4,0,6,4,0,4,1,1,0,0,0,2,1,1,1,0,0,1,1,1,1,1,0,0,0,0,0
422,No,No,789589968ed90e82a832dbc60e958c76b787be7e,No,No,default,none,Function,vmx_update_cpu_exec_control(struct vcpu *),xen/arch/x86/hvm/vmx/vmx.c,0,7,0,15,7,0,7,1,4,0,0,0,3,2,2,3,0,0,3,2,2,2,1,1,0,1,0,0
422,No,No,789589968ed90e82a832dbc60e958c76b787be7e,No,No,default,none,Function,vmx_update_debug_state(struct vcpu *),xen/arch/x86/hvm/vmx/vmx.c,1,10,0,5,11,1,10,1,7,0,0,0,7,2,5,6,0,0,6,2,2,2,1,1,0,1,0,0
422,No,No,789589968ed90e82a832dbc60e958c76b787be7e,No,No,default,Static,Static Function,"vmx_update_eoi_exit_bitmap(struct vcpu *,u8,u8)",xen/arch/x86/hvm/vmx/vmx.c,0,7,0,3,7,0,7,1,4,0,0,0,2,2,2,3,0,0,3,2,2,2,1,1,0,1,0,0
422,No,No,789589968ed90e82a832dbc60e958c76b787be7e,No,No,default,none,Function,vmx_update_exception_bitmap(struct vcpu *),xen/arch/x86/hvm/vmx/vmx.c,1,9,0,14,10,1,9,3,6,0,0,0,4,2,3,4,1,0,3,3,3,3,1,1,0,1,0,0
422,No,No,789589968ed90e82a832dbc60e958c76b787be7e,No,No,default,Static,Static Function,"vmx_update_guest_cr(struct vcpu *,unsigned int,unsigned int)",xen/arch/x86/hvm/vmx/vmx.c,33,131,38,23,202,33,131,10,100,38,0,0,27,475240,58,91,7,0,84,35,32,38,5,10,6,5,6,0
422,No,No,789589968ed90e82a832dbc60e958c76b787be7e,No,No,default,Static,Static Function,vmx_update_guest_efer(struct vcpu *),xen/arch/x86/hvm/vmx/vmx.c,10,41,31,6,82,10,41,3,28,31,0,0,12,72,17,24,1,0,23,8,8,8,1,3,0,2,0,0
422,No,No,789589968ed90e82a832dbc60e958c76b787be7e,No,No,default,Static,Static Function,vmx_update_host_cr3(struct vcpu *),xen/arch/x86/hvm/vmx/vmx.c,0,6,0,3,6,0,6,1,3,0,0,0,3,1,3,3,0,0,3,1,1,1,1,0,0,0,0,0
422,No,No,789589968ed90e82a832dbc60e958c76b787be7e,No,No,default,none,Function,vmx_update_secondary_exec_control(struct vcpu *),xen/arch/x86/hvm/vmx/vmx.c,0,9,0,11,9,0,9,1,6,0,0,0,3,2,2,3,0,0,3,2,2,2,1,1,0,1,0,0
422,No,No,789589968ed90e82a832dbc60e958c76b787be7e,No,No,default,Static,Static Function,vmx_vcpu_block(struct vcpu *),xen/arch/x86/hvm/vmx/vmx.c,7,21,5,12,33,7,21,7,14,5,0,0,10,8,17,20,5,0,15,8,8,8,1,0,0,2,0,0
422,No,No,789589968ed90e82a832dbc60e958c76b787be7e,No,No,default,Static,Static Function,vmx_vcpu_destroy(struct vcpu *),xen/arch/x86/hvm/vmx/vmx.c,0,6,7,1,13,0,6,1,3,7,0,0,3,1,3,3,0,0,3,1,1,1,1,0,0,0,0,1
422,No,No,789589968ed90e82a832dbc60e958c76b787be7e,No,No,default,none,Function,vmx_vcpu_disable_pml(struct vcpu *),xen/arch/x86/hvm/vmx/vmcs.c,5,13,1,12,19,5,13,1,10,1,0,0,11,2,8,9,0,0,9,2,2,2,1,1,0,1,0,0
422,No,No,789589968ed90e82a832dbc60e958c76b787be7e,No,No,default,Static,Static Function,vmx_vcpu_emulate_ve(struct vcpu *),xen/arch/x86/hvm/vmx/vmx.c,7,27,0,7,34,7,27,4,22,0,0,0,14,4,19,22,3,0,19,4,4,5,3,3,2,1,2,0
422,No,No,789589968ed90e82a832dbc60e958c76b787be7e,No,No,default,Static,Static Function,vmx_vcpu_emulate_vmfunc(const struct cpu_user_regs *),xen/arch/x86/hvm/vmx/vmx.c,2,10,0,4,12,2,10,3,7,0,0,0,3,2,4,5,2,0,3,2,2,5,1,0,0,1,0,0
422,No,No,789589968ed90e82a832dbc60e958c76b787be7e,No,No,default,none,Function,vmx_vcpu_enable_pml(struct vcpu *),xen/arch/x86/hvm/vmx/vmcs.c,7,16,0,11,23,7,16,1,13,0,0,0,13,3,10,12,0,0,12,3,3,3,3,2,2,1,2,0
422,No,No,789589968ed90e82a832dbc60e958c76b787be7e,No,No,default,none,Function,vmx_vcpu_flush_pml_buffer(struct vcpu *),xen/arch/x86/hvm/vmx/vmcs.c,12,26,16,10,54,12,26,4,18,16,0,0,13,32,20,25,3,1,21,8,8,10,1,2,0,2,0,0
422,No,No,789589968ed90e82a832dbc60e958c76b787be7e,No,No,default,Static,Static Function,vmx_vcpu_initialise(struct vcpu *),xen/arch/x86/hvm/vmx/vmx.c,7,25,13,8,45,7,25,2,15,13,0,0,11,4,11,14,1,0,13,4,4,4,4,3,3,2,3,0
422,No,No,789589968ed90e82a832dbc60e958c76b787be7e,No,No,default,none,Function,vmx_vcpu_pml_enabled(const struct vcpu *),xen/arch/x86/hvm/vmx/vmcs.c,0,5,0,9,5,0,5,1,2,0,0,0,1,1,1,1,0,0,1,1,1,1,1,0,0,0,0,0
422,No,No,789589968ed90e82a832dbc60e958c76b787be7e,No,No,default,Static,Static Function,vmx_vcpu_update_eptp(struct vcpu *),xen/arch/x86/hvm/vmx/vmx.c,6,18,0,9,24,6,18,4,14,0,0,0,10,8,11,14,3,0,11,4,4,4,1,0,0,1,0,0
422,No,No,789589968ed90e82a832dbc60e958c76b787be7e,No,No,default,Static,Static Function,"vmx_vcpu_update_eptp(struct vcpu *,u64)",xen/arch/x86/hvm/vmx/vmcs.c,0,6,0,3,6,0,6,1,3,0,0,0,3,1,3,3,0,0,3,1,1,1,1,0,0,0,0,0
422,No,No,789589968ed90e82a832dbc60e958c76b787be7e,No,No,default,Static,Static Function,vmx_vcpu_update_vmfunc_ve(struct vcpu *),xen/arch/x86/hvm/vmx/vmx.c,8,34,4,7,46,8,34,5,23,4,0,0,16,9,17,22,4,0,18,6,6,7,1,3,0,3,0,0
422,No,No,789589968ed90e82a832dbc60e958c76b787be7e,No,No,default,none,Function,vmx_vlapic_msr_changed(struct vcpu *),xen/arch/x86/hvm/vmx/vmx.c,5,50,0,8,55,5,50,4,37,0,0,0,13,25,23,31,3,0,28,9,9,14,1,2,0,4,0,0
422,No,No,789589968ed90e82a832dbc60e958c76b787be7e,No,No,default,none,Function,vmx_vmcs_enter(struct vcpu *),xen/arch/x86/hvm/vmx/vmcs.c,1,5,0,38,6,1,5,2,2,0,0,0,3,2,3,4,1,0,3,3,3,3,1,0,0,2,0,0
422,No,No,789589968ed90e82a832dbc60e958c76b787be7e,No,No,default,none,Function,vmx_vmcs_exit(struct vcpu *),xen/arch/x86/hvm/vmx/vmcs.c,5,18,1,45,24,5,18,2,12,1,0,0,11,13,12,17,1,0,16,8,8,8,1,1,0,2,0,0
422,No,No,789589968ed90e82a832dbc60e958c76b787be7e,No,No,default,none,Function,vmx_vmcs_reload(struct vcpu *),xen/arch/x86/hvm/vmx/vmcs.c,1,7,5,8,13,1,7,1,4,5,0,0,5,4,4,6,0,0,6,4,4,5,1,1,0,2,0,0
422,No,No,789589968ed90e82a832dbc60e958c76b787be7e,No,No,default,Static,Static Function,"vmx_vmcs_restore(struct vcpu *,struct hvm_hw_cpu *)",xen/arch/x86/hvm/vmx/vmx.c,11,50,0,19,61,11,50,2,36,0,0,0,14,8,25,30,1,0,29,6,6,10,5,6,5,2,5,0
422,No,No,789589968ed90e82a832dbc60e958c76b787be7e,No,No,default,Static,Static Function,"vmx_vmcs_save(struct vcpu *,struct hvm_hw_cpu *)",xen/arch/x86/hvm/vmx/vmx.c,4,18,0,6,22,4,18,2,12,0,0,0,7,2,10,11,1,0,10,2,2,3,1,0,0,1,0,0
422,No,No,789589968ed90e82a832dbc60e958c76b787be7e,No,No,default,none,Function,"vmx_vmcs_switch(paddr_t,paddr_t)",xen/arch/x86/hvm/vmx/vmcs.c,4,18,0,10,22,4,18,2,13,0,0,0,9,4,11,13,1,0,12,3,3,3,1,0,0,1,0,0
422,No,No,789589968ed90e82a832dbc60e958c76b787be7e,No,No,default,none,Function,vmx_vmcs_try_enter(struct vcpu *),xen/arch/x86/hvm/vmx/vmcs.c,8,23,4,10,35,8,23,2,15,4,0,0,11,7,16,21,1,0,20,9,9,9,1,2,0,3,0,0
422,No,No,789589968ed90e82a832dbc60e958c76b787be7e,No,No,default,none,Function,vmx_vmenter_helper(const struct cpu_user_regs *),xen/arch/x86/hvm/vmx/vmx.c,12,59,4,20,74,12,59,7,42,4,0,0,22,513,29,41,6,0,35,13,13,16,1,5,0,3,0,0
422,No,No,789589968ed90e82a832dbc60e958c76b787be7e,No,No,default,none,Function,vmx_vmentry_failure(),xen/arch/x86/hvm/vmx/vmcs.c,3,12,0,1,15,3,12,3,8,0,0,0,4,2,8,9,2,0,7,3,3,4,1,0,0,1,0,0
422,No,No,789589968ed90e82a832dbc60e958c76b787be7e,No,No,default,none,Function,vmx_vmexit_handler(struct cpu_user_regs *),xen/arch/x86/hvm/vmx/vmx.c,74,489,83,35,629,74,489,26,407,83,0,0,101,17300118,245,383,22,0,361,144,72,155,64,1062,1049,4,1049,0
422,No,No,789589968ed90e82a832dbc60e958c76b787be7e,No,No,default,Static,Static Function,vmx_vmfunc_intercept(struct cpu_user_regs *),xen/arch/x86/hvm/vmx/vmx.c,0,5,7,1,12,0,5,1,2,7,0,0,2,1,2,2,0,0,2,1,1,1,1,0,0,0,0,1
422,No,No,789589968ed90e82a832dbc60e958c76b787be7e,No,No,default,Static,Static Function,vmx_wbinvd_intercept(),xen/arch/x86/hvm/vmx/vmx.c,1,9,0,3,10,1,9,1,6,0,0,0,3,3,3,5,0,0,5,3,3,4,1,2,0,1,0,0
422,No,No,789589968ed90e82a832dbc60e958c76b787be7e,No,No,default,Static,Static Function,vpci_add_handlers(struct pci_dev *),xen/include/xen/vpci.h,0,4,0,0,4,0,4,1,1,0,0,0,1,1,1,1,0,0,1,1,1,1,1,0,0,0,0,0
422,No,No,789589968ed90e82a832dbc60e958c76b787be7e,No,No,default,Static,Static Function,vpci_dump_msi(),xen/include/xen/vpci.h,0,1,0,1,1,0,1,1,0,0,0,0,1,1,0,0,0,0,0,1,1,1,1,0,0,0,0,0
422,No,No,789589968ed90e82a832dbc60e958c76b787be7e,No,No,default,none,Function,vpci_make_msix_hole(const struct pci_dev *),xen/drivers/vpci/msix.c,5,40,2,9,47,5,40,8,27,2,0,0,10,7,19,27,6,1,20,8,6,8,7,11,11,4,11,0
422,No,No,789589968ed90e82a832dbc60e958c76b787be7e,No,No,default,none,Function,vpci_process_pending(struct vcpu *),xen/drivers/vpci/header.c,4,23,8,9,35,4,23,6,18,8,0,0,10,4,10,13,2,0,11,5,5,6,3,2,2,2,2,0
422,No,No,789589968ed90e82a832dbc60e958c76b787be7e,No,No,default,Static,Static Function,vpci_process_pending(struct vcpu *),xen/include/xen/vpci.h,0,5,0,1,5,0,5,1,2,0,0,0,2,1,2,2,0,0,2,1,1,1,1,0,0,0,0,0
422,No,No,789589968ed90e82a832dbc60e958c76b787be7e,No,No,default,Static,Static Function,"vpci_read(pci_sbdf_t,unsigned int,unsigned int)",xen/include/xen/vpci.h,0,6,0,0,6,0,6,2,2,0,0,0,2,1,2,2,0,0,2,1,1,1,1,0,0,0,0,0
422,No,No,789589968ed90e82a832dbc60e958c76b787be7e,No,No,default,Static,Static Function,"vpci_write(pci_sbdf_t,unsigned int,unsigned int,uint32_t)",xen/include/xen/vpci.h,0,5,0,0,5,0,5,2,1,0,0,0,2,1,1,1,0,0,1,1,1,1,1,0,0,0,0,0
422,No,No,789589968ed90e82a832dbc60e958c76b787be7e,No,No,default,Static,Static Function,vpid_sync_all(),xen/include/asm-x86/hvm/vmx/vmx.h,0,4,0,0,4,0,4,1,1,0,0,0,1,1,1,1,0,0,1,1,1,1,1,0,0,0,0,0
422,No,No,789589968ed90e82a832dbc60e958c76b787be7e,No,No,default,Static,Static Function,"vpid_sync_vcpu_gva(struct vcpu *,unsigned long)",xen/include/asm-x86/hvm/vmx/vmx.h,4,11,8,6,23,4,11,2,7,8,0,0,2,4,5,7,1,0,6,3,3,3,1,1,0,1,0,0
422,No,No,789589968ed90e82a832dbc60e958c76b787be7e,No,No,default,Static,Static Function,vpmu_arch_destroy(struct vcpu *),xen/arch/x86/cpu/vpmu.c,4,17,11,7,32,4,17,2,12,11,0,0,7,7,5,9,1,0,8,5,5,7,1,1,0,2,0,0
422,No,No,789589968ed90e82a832dbc60e958c76b787be7e,No,No,default,Static,Static Function,vpmu_arch_initialise(struct vcpu *),xen/arch/x86/cpu/vpmu.c,9,35,0,7,44,9,35,8,27,0,0,0,11,7,20,26,3,0,23,6,5,7,4,6,6,2,6,0
422,No,No,789589968ed90e82a832dbc60e958c76b787be7e,No,No,default,Static,Static Function,vpmu_clear_last(void *),xen/arch/x86/cpu/vpmu.c,0,5,0,1,5,0,5,1,2,0,0,0,1,2,1,2,0,0,2,2,2,2,1,0,0,1,0,0
422,No,No,789589968ed90e82a832dbc60e958c76b787be7e,No,No,default,none,Function,vpmu_destroy(struct vcpu *),xen/arch/x86/cpu/vpmu.c,1,5,0,3,6,1,5,1,2,0,0,0,2,1,2,2,0,0,2,1,1,1,1,0,0,0,0,0
422,No,No,789589968ed90e82a832dbc60e958c76b787be7e,No,No,default,none,Function,vpmu_do_interrupt(struct cpu_user_regs *),xen/arch/x86/cpu/vpmu.c,24,119,15,26,158,20,98,9,76,13,23,4,30,233,56,72,8,0,64,17,17,20,7,16,9,4,9,0
422,No,No,789589968ed90e82a832dbc60e958c76b787be7e,No,No,default,none,Function,"vpmu_do_msr(unsigned int,uint64_t *,uint64_t,bool_t)",xen/arch/x86/cpu/vpmu.c,7,34,9,11,50,7,34,6,25,9,0,0,11,24,17,23,4,0,19,7,7,14,5,9,9,1,9,0
422,No,No,789589968ed90e82a832dbc60e958c76b787be7e,No,No,default,none,Function,vpmu_dump(struct vcpu *),xen/arch/x86/cpu/vpmu.c,1,6,0,4,7,1,6,2,3,0,0,0,2,2,2,3,1,0,2,2,2,3,1,0,0,1,0,0
422,No,No,789589968ed90e82a832dbc60e958c76b787be7e,No,No,default,none,Function,vpmu_initialise(struct vcpu *),xen/arch/x86/cpu/vpmu.c,1,6,4,3,11,1,6,1,3,4,0,0,4,2,2,3,0,0,3,2,2,3,1,0,0,1,0,0
422,No,No,789589968ed90e82a832dbc60e958c76b787be7e,No,No,default,none,Function,"vpmu_load(struct vcpu *,bool_t)",xen/arch/x86/cpu/vpmu.c,12,43,12,8,67,12,43,5,29,12,0,0,15,25,20,27,4,0,23,8,8,12,5,4,4,2,4,0
422,No,No,789589968ed90e82a832dbc60e958c76b787be7e,No,No,default,none,Function,vpmu_lvtpc_update(uint32_t),xen/arch/x86/cpu/vpmu.c,4,12,1,7,17,4,12,3,8,1,0,0,6,3,6,8,2,0,6,3,3,5,1,1,0,1,0,0
422,No,No,789589968ed90e82a832dbc60e958c76b787be7e,No,No,default,none,Function,vpmu_save(struct vcpu *),xen/arch/x86/cpu/vpmu.c,4,13,0,2,17,4,13,3,10,0,0,0,8,4,7,10,2,0,8,4,4,4,1,1,0,2,0,0
422,No,No,789589968ed90e82a832dbc60e958c76b787be7e,No,No,default,Static,Static Function,vpmu_save_force(void *),xen/arch/x86/cpu/vpmu.c,5,12,0,4,17,5,12,3,9,0,0,0,7,3,7,9,2,0,7,3,3,3,1,1,0,1,0,0
422,No,No,789589968ed90e82a832dbc60e958c76b787be7e,No,No,default,Static,Static Function,"vprintk_common(const char *,const char *,va_list)",xen/drivers/char/console.c,6,44,1,7,51,6,44,8,26,1,0,0,12,49,24,32,6,0,26,9,9,9,1,0,0,3,0,0
422,No,No,789589968ed90e82a832dbc60e958c76b787be7e,No,No,default,Static,Static Function,"vreg_emulate_ADFSR(struct cpu_user_regs *,uint32_t *,bool)",xen/arch/arm/vcpreg.c,0,1,0,2,1,0,1,1,1,0,0,0,5,1,6,6,2,0,4,1,1,1,1,0,0,0,0,0
422,No,No,789589968ed90e82a832dbc60e958c76b787be7e,No,No,default,Static,Static Function,"vreg_emulate_AFSR0_EL1(struct cpu_user_regs *,uint64_t *,bool)",xen/arch/arm/arm64/vsysreg.c,0,1,0,2,1,0,1,1,1,0,0,0,5,1,6,6,2,0,4,1,1,1,1,0,0,0,0,0
422,No,No,789589968ed90e82a832dbc60e958c76b787be7e,No,No,default,Static,Static Function,"vreg_emulate_AFSR1_EL1(struct cpu_user_regs *,uint64_t *,bool)",xen/arch/arm/arm64/vsysreg.c,0,1,0,2,1,0,1,1,1,0,0,0,5,1,6,6,2,0,4,1,1,1,1,0,0,0,0,0
422,No,No,789589968ed90e82a832dbc60e958c76b787be7e,No,No,default,Static,Static Function,"vreg_emulate_AIFSR(struct cpu_user_regs *,uint32_t *,bool)",xen/arch/arm/vcpreg.c,0,1,0,2,1,0,1,1,1,0,0,0,5,1,6,6,2,0,4,1,1,1,1,0,0,0,0,0
422,No,No,789589968ed90e82a832dbc60e958c76b787be7e,No,No,default,Static,Static Function,"vreg_emulate_AMAIR0(struct cpu_user_regs *,uint32_t *,bool)",xen/arch/arm/vcpreg.c,0,1,0,3,1,0,1,1,1,0,0,0,2,1,1,1,0,0,1,1,1,1,1,0,0,0,0,0
422,No,No,789589968ed90e82a832dbc60e958c76b787be7e,No,No,default,Static,Static Function,"vreg_emulate_AMAIR1(struct cpu_user_regs *,uint32_t *,bool)",xen/arch/arm/vcpreg.c,0,1,0,3,1,0,1,1,1,0,0,0,2,1,1,1,0,0,1,1,1,1,1,0,0,0,0,0
422,No,No,789589968ed90e82a832dbc60e958c76b787be7e,No,No,default,Static,Static Function,"vreg_emulate_AMAIR_EL1(struct cpu_user_regs *,uint32_t *,bool,bool)",xen/arch/arm/vcpreg.c,0,1,0,5,1,0,1,1,1,0,0,0,7,2,11,12,3,0,9,2,2,2,1,1,0,1,0,0
422,No,No,789589968ed90e82a832dbc60e958c76b787be7e,No,No,default,Static,Static Function,"vreg_emulate_AMAIR_EL1(struct cpu_user_regs *,uint64_t *,bool)",xen/arch/arm/arm64/vsysreg.c,0,1,0,2,1,0,1,1,1,0,0,0,5,1,6,6,2,0,4,1,1,1,1,0,0,0,0,0
422,No,No,789589968ed90e82a832dbc60e958c76b787be7e,No,No,default,Static,Static Function,"vreg_emulate_CONTEXTIDR(struct cpu_user_regs *,uint32_t *,bool)",xen/arch/arm/vcpreg.c,0,1,0,2,1,0,1,1,1,0,0,0,5,1,6,6,2,0,4,1,1,1,1,0,0,0,0,0
422,No,No,789589968ed90e82a832dbc60e958c76b787be7e,No,No,default,Static,Static Function,"vreg_emulate_CONTEXTIDR_EL1(struct cpu_user_regs *,uint64_t *,bool)",xen/arch/arm/arm64/vsysreg.c,0,1,0,2,1,0,1,1,1,0,0,0,5,1,6,6,2,0,4,1,1,1,1,0,0,0,0,0
422,No,No,789589968ed90e82a832dbc60e958c76b787be7e,No,No,default,Static,Static Function,"vreg_emulate_DACR(struct cpu_user_regs *,uint32_t *,bool)",xen/arch/arm/vcpreg.c,0,1,0,2,1,0,1,1,1,0,0,0,5,1,6,6,2,0,4,1,1,1,1,0,0,0,0,0
422,No,No,789589968ed90e82a832dbc60e958c76b787be7e,No,No,default,Static,Static Function,"vreg_emulate_DFAR(struct cpu_user_regs *,uint32_t *,bool)",xen/arch/arm/vcpreg.c,0,1,0,3,1,0,1,1,1,0,0,0,2,1,1,1,0,0,1,1,1,1,1,0,0,0,0,0
422,No,No,789589968ed90e82a832dbc60e958c76b787be7e,No,No,default,Static,Static Function,"vreg_emulate_DFSR(struct cpu_user_regs *,uint32_t *,bool)",xen/arch/arm/vcpreg.c,0,1,0,2,1,0,1,1,1,0,0,0,5,1,6,6,2,0,4,1,1,1,1,0,0,0,0,0
422,No,No,789589968ed90e82a832dbc60e958c76b787be7e,No,No,default,Static,Static Function,"vreg_emulate_ESR_EL1(struct cpu_user_regs *,uint64_t *,bool)",xen/arch/arm/arm64/vsysreg.c,0,1,0,2,1,0,1,1,1,0,0,0,5,1,6,6,2,0,4,1,1,1,1,0,0,0,0,0
422,No,No,789589968ed90e82a832dbc60e958c76b787be7e,No,No,default,Static,Static Function,"vreg_emulate_FAR_EL1(struct cpu_user_regs *,uint32_t *,bool,bool)",xen/arch/arm/vcpreg.c,0,1,0,5,1,0,1,1,1,0,0,0,7,2,11,12,3,0,9,2,2,2,1,1,0,1,0,0
422,No,No,789589968ed90e82a832dbc60e958c76b787be7e,No,No,default,Static,Static Function,"vreg_emulate_FAR_EL1(struct cpu_user_regs *,uint64_t *,bool)",xen/arch/arm/arm64/vsysreg.c,0,1,0,2,1,0,1,1,1,0,0,0,5,1,6,6,2,0,4,1,1,1,1,0,0,0,0,0
422,No,No,789589968ed90e82a832dbc60e958c76b787be7e,No,No,default,Static,Static Function,"vreg_emulate_IFAR(struct cpu_user_regs *,uint32_t *,bool)",xen/arch/arm/vcpreg.c,0,1,0,3,1,0,1,1,1,0,0,0,2,1,1,1,0,0,1,1,1,1,1,0,0,0,0,0
422,No,No,789589968ed90e82a832dbc60e958c76b787be7e,No,No,default,Static,Static Function,"vreg_emulate_IFSR(struct cpu_user_regs *,uint32_t *,bool)",xen/arch/arm/vcpreg.c,0,1,0,2,1,0,1,1,1,0,0,0,5,1,6,6,2,0,4,1,1,1,1,0,0,0,0,0
422,No,No,789589968ed90e82a832dbc60e958c76b787be7e,No,No,default,Static,Static Function,"vreg_emulate_MAIR0(struct cpu_user_regs *,uint32_t *,bool)",xen/arch/arm/vcpreg.c,0,1,0,3,1,0,1,1,1,0,0,0,2,1,1,1,0,0,1,1,1,1,1,0,0,0,0,0
422,No,No,789589968ed90e82a832dbc60e958c76b787be7e,No,No,default,Static,Static Function,"vreg_emulate_MAIR1(struct cpu_user_regs *,uint32_t *,bool)",xen/arch/arm/vcpreg.c,0,1,0,3,1,0,1,1,1,0,0,0,2,1,1,1,0,0,1,1,1,1,1,0,0,0,0,0
422,No,No,789589968ed90e82a832dbc60e958c76b787be7e,No,No,default,Static,Static Function,"vreg_emulate_MAIR_EL1(struct cpu_user_regs *,uint32_t *,bool,bool)",xen/arch/arm/vcpreg.c,0,1,0,5,1,0,1,1,1,0,0,0,7,2,11,12,3,0,9,2,2,2,1,1,0,1,0,0
422,No,No,789589968ed90e82a832dbc60e958c76b787be7e,No,No,default,Static,Static Function,"vreg_emulate_MAIR_EL1(struct cpu_user_regs *,uint64_t *,bool)",xen/arch/arm/arm64/vsysreg.c,0,1,0,2,1,0,1,1,1,0,0,0,5,1,6,6,2,0,4,1,1,1,1,0,0,0,0,0
422,No,No,789589968ed90e82a832dbc60e958c76b787be7e,No,No,default,Static,Static Function,"vreg_emulate_SCTLR(struct cpu_user_regs *,uint32_t *,bool)",xen/arch/arm/vcpreg.c,0,1,0,2,1,0,1,1,1,0,0,0,5,1,6,6,2,0,4,1,1,1,1,0,0,0,0,0
422,No,No,789589968ed90e82a832dbc60e958c76b787be7e,No,No,default,Static,Static Function,"vreg_emulate_SCTLR_EL1(struct cpu_user_regs *,uint64_t *,bool)",xen/arch/arm/arm64/vsysreg.c,0,1,0,2,1,0,1,1,1,0,0,0,5,1,6,6,2,0,4,1,1,1,1,0,0,0,0,0
422,No,No,789589968ed90e82a832dbc60e958c76b787be7e,No,No,default,Static,Static Function,"vreg_emulate_TCR_EL1(struct cpu_user_regs *,uint32_t *,bool,bool)",xen/arch/arm/vcpreg.c,0,1,0,5,1,0,1,1,1,0,0,0,7,2,11,12,3,0,9,2,2,2,1,1,0,1,0,0
422,No,No,789589968ed90e82a832dbc60e958c76b787be7e,No,No,default,Static,Static Function,"vreg_emulate_TCR_EL1(struct cpu_user_regs *,uint64_t *,bool)",xen/arch/arm/arm64/vsysreg.c,0,1,0,2,1,0,1,1,1,0,0,0,5,1,6,6,2,0,4,1,1,1,1,0,0,0,0,0
422,No,No,789589968ed90e82a832dbc60e958c76b787be7e,No,No,default,Static,Static Function,"vreg_emulate_TTBCR(struct cpu_user_regs *,uint32_t *,bool)",xen/arch/arm/vcpreg.c,0,1,0,3,1,0,1,1,1,0,0,0,2,1,1,1,0,0,1,1,1,1,1,0,0,0,0,0
422,No,No,789589968ed90e82a832dbc60e958c76b787be7e,No,No,default,Static,Static Function,"vreg_emulate_TTBCR2(struct cpu_user_regs *,uint32_t *,bool)",xen/arch/arm/vcpreg.c,0,1,0,3,1,0,1,1,1,0,0,0,2,1,1,1,0,0,1,1,1,1,1,0,0,0,0,0
422,No,No,789589968ed90e82a832dbc60e958c76b787be7e,No,No,default,Static,Static Function,"vreg_emulate_TTBR0(struct cpu_user_regs *,uint64_t *,bool)",xen/arch/arm/vcpreg.c,0,1,0,2,1,0,1,1,1,0,0,0,5,1,6,6,2,0,4,1,1,1,1,0,0,0,0,0
422,No,No,789589968ed90e82a832dbc60e958c76b787be7e,No,No,default,Static,Static Function,"vreg_emulate_TTBR0_32(struct cpu_user_regs *,uint32_t *,bool)",xen/arch/arm/vcpreg.c,0,1,0,2,1,0,1,1,1,0,0,0,5,1,6,6,2,0,4,1,1,1,1,0,0,0,0,0
422,No,No,789589968ed90e82a832dbc60e958c76b787be7e,No,No,default,Static,Static Function,"vreg_emulate_TTBR0_EL1(struct cpu_user_regs *,uint64_t *,bool)",xen/arch/arm/arm64/vsysreg.c,0,1,0,2,1,0,1,1,1,0,0,0,5,1,6,6,2,0,4,1,1,1,1,0,0,0,0,0
422,No,No,789589968ed90e82a832dbc60e958c76b787be7e,No,No,default,Static,Static Function,"vreg_emulate_TTBR1(struct cpu_user_regs *,uint64_t *,bool)",xen/arch/arm/vcpreg.c,0,1,0,2,1,0,1,1,1,0,0,0,5,1,6,6,2,0,4,1,1,1,1,0,0,0,0,0
422,No,No,789589968ed90e82a832dbc60e958c76b787be7e,No,No,default,Static,Static Function,"vreg_emulate_TTBR1_32(struct cpu_user_regs *,uint32_t *,bool)",xen/arch/arm/vcpreg.c,0,1,0,2,1,0,1,1,1,0,0,0,5,1,6,6,2,0,4,1,1,1,1,0,0,0,0,0
422,No,No,789589968ed90e82a832dbc60e958c76b787be7e,No,No,default,Static,Static Function,"vreg_emulate_TTBR1_EL1(struct cpu_user_regs *,uint64_t *,bool)",xen/arch/arm/arm64/vsysreg.c,0,1,0,2,1,0,1,1,1,0,0,0,5,1,6,6,2,0,4,1,1,1,1,0,0,0,0,0
422,No,No,789589968ed90e82a832dbc60e958c76b787be7e,No,No,default,Static,Static Function,vsmccc_handle_call(struct cpu_user_regs *),xen/arch/arm/vsmc.c,6,53,15,7,74,6,49,4,36,15,2,2,12,28,21,33,3,0,30,11,7,13,5,16,9,2,9,0
422,No,No,789589968ed90e82a832dbc60e958c76b787be7e,No,No,default,Static,Static Function,vtd_crash_shutdown(),xen/drivers/passthrough/vtd/iommu.c,3,17,0,3,20,3,17,3,11,0,0,0,6,3,8,10,2,0,8,3,3,3,1,1,0,1,0,0
422,No,No,789589968ed90e82a832dbc60e958c76b787be7e,No,No,default,Static,Static Function,vtd_dump_p2m_table(struct domain *),xen/drivers/passthrough/vtd/iommu.c,2,9,0,5,11,2,9,2,5,0,0,0,3,2,5,6,1,0,5,2,2,2,1,1,0,1,0,0
422,No,No,789589968ed90e82a832dbc60e958c76b787be7e,No,No,default,Static,Static Function,"vtd_dump_p2m_table_level(paddr_t,int,paddr_t,int)",xen/drivers/passthrough/vtd/iommu.c,6,35,0,6,41,6,35,6,23,0,0,0,4,11,18,24,4,0,20,7,7,7,5,4,4,2,3,0
422,No,No,789589968ed90e82a832dbc60e958c76b787be7e,No,No,default,Static,Static Function,vtd_resume(),xen/drivers/passthrough/vtd/iommu.c,5,27,0,8,32,5,27,5,19,0,0,0,7,3,15,17,4,0,13,3,3,4,1,1,0,1,0,0
422,No,No,789589968ed90e82a832dbc60e958c76b787be7e,No,No,default,Static,Static Function,vtd_suspend(),xen/drivers/passthrough/vtd/iommu.c,9,35,5,8,49,9,35,5,25,5,0,0,9,6,18,22,4,0,18,5,5,6,4,2,2,1,2,0
422,No,No,789589968ed90e82a832dbc60e958c76b787be7e,No,No,default,Static,Static Function,vtlb_flush(struct vcpu *),xen/arch/x86/mm/shadow/private.h,0,6,0,5,6,0,6,2,3,0,0,0,4,1,3,3,0,0,3,1,1,1,1,0,0,0,0,0
422,No,No,789589968ed90e82a832dbc60e958c76b787be7e,No,No,default,Static,Static Function,vtlb_hash(unsigned long),xen/arch/x86/mm/shadow/private.h,0,4,0,3,4,0,4,1,1,0,0,0,1,1,1,1,0,0,1,1,1,1,1,0,0,0,0,0
422,No,No,789589968ed90e82a832dbc60e958c76b787be7e,No,No,default,Static,Static Function,"vtlb_insert(struct vcpu *,unsigned long,unsigned long,uint32_t)",xen/arch/x86/mm/shadow/private.h,0,9,0,8,9,0,9,4,5,0,0,0,7,1,4,4,1,0,3,1,1,1,1,0,0,0,0,0
422,No,No,789589968ed90e82a832dbc60e958c76b787be7e,No,No,default,Static,Static Function,"vtlb_lookup(struct vcpu *,unsigned long,uint32_t)",xen/arch/x86/mm/shadow/private.h,1,16,1,10,18,1,16,5,10,1,0,0,6,2,7,8,3,0,5,2,2,4,1,0,0,1,0,0
422,No,No,789589968ed90e82a832dbc60e958c76b787be7e,No,No,default,Static,Static Function,"vvmcs_launched(struct list_head *,unsigned long)",xen/arch/x86/hvm/vmx/vvmx.c,2,17,0,6,19,2,17,5,8,0,0,0,3,2,7,8,3,0,5,2,2,2,1,0,0,1,0,0
422,No,No,789589968ed90e82a832dbc60e958c76b787be7e,No,No,default,Static,Static Function,"vvmcs_offset(u32,u32,u32)",xen/arch/x86/hvm/vmx/vvmx.c,3,8,1,5,11,3,8,2,4,1,0,0,1,2,4,5,1,0,4,2,2,2,1,0,0,1,0,0
422,No,No,789589968ed90e82a832dbc60e958c76b787be7e,No,No,default,Static,Static Function,"vvmcs_to_shadow(const struct vcpu *,unsigned int)",xen/arch/x86/hvm/vmx/vvmx.c,0,4,0,3,4,0,4,1,1,0,0,0,2,1,1,1,0,0,1,1,1,1,1,0,0,0,0,0
422,No,No,789589968ed90e82a832dbc60e958c76b787be7e,No,No,default,Static,Static Function,"vvmcs_to_shadow_bulk(struct vcpu *,unsigned int,const u16 *)",xen/arch/x86/hvm/vmx/vvmx.c,6,25,0,5,31,6,25,4,17,0,0,0,7,16,17,22,2,0,20,6,6,7,3,4,4,1,4,0
422,No,No,789589968ed90e82a832dbc60e958c76b787be7e,No,No,default,none,Function,wait(),xen/common/schedule.c,0,4,0,0,4,0,4,1,1,0,0,0,1,1,1,1,0,0,1,1,1,1,1,0,0,0,0,0
422,No,No,789589968ed90e82a832dbc60e958c76b787be7e,No,No,default,Static,Static Function,wait_tick_pvh(),xen/arch/x86/apic.c,2,10,1,0,13,2,10,3,6,1,0,0,2,1,6,6,2,0,4,2,2,2,1,0,0,1,0,0
422,No,No,789589968ed90e82a832dbc60e958c76b787be7e,No,No,default,Static,Static Function,"wakeup_secondary_cpu(int,unsigned long)",xen/arch/x86/smpboot.c,18,69,21,3,108,18,69,3,55,21,0,0,10,108,46,54,2,0,52,12,12,16,3,3,3,3,2,0
422,No,No,789589968ed90e82a832dbc60e958c76b787be7e,No,No,default,none,Function,watchdog_domain_destroy(struct domain *),xen/common/schedule.c,1,6,0,5,7,1,6,2,2,0,0,0,1,2,4,5,1,0,4,2,2,2,1,0,0,1,0,0
422,No,No,789589968ed90e82a832dbc60e958c76b787be7e,No,No,default,none,Function,watchdog_domain_init(struct domain *),xen/common/schedule.c,3,8,0,5,11,3,8,2,4,0,0,0,4,2,6,7,1,0,6,2,2,2,1,0,0,1,0,0
422,No,No,789589968ed90e82a832dbc60e958c76b787be7e,No,No,default,Static,Static Function,"wildcard_pending_list_insert(domid_t,struct pending_ent *)",xen/common/argo.c,3,15,0,8,18,3,15,3,9,0,0,0,9,9,8,12,1,0,11,6,6,6,1,1,0,2,0,0
422,No,No,789589968ed90e82a832dbc60e958c76b787be7e,No,No,default,Static,Static Function,"wildcard_pending_list_remove(domid_t,struct pending_ent *)",xen/common/argo.c,3,15,0,9,18,3,15,3,9,0,0,0,9,9,8,12,1,0,11,6,6,6,1,1,0,2,0,0
422,No,No,789589968ed90e82a832dbc60e958c76b787be7e,No,No,default,Static,Static Function,wildcard_rings_pending_remove(struct domain *),xen/common/argo.c,2,14,7,7,23,2,14,3,7,7,0,0,8,4,7,9,1,0,8,4,4,4,1,0,0,2,0,0
422,No,No,789589968ed90e82a832dbc60e958c76b787be7e,No,No,default,Static,Static Function,wrfsbase(unsigned long),xen/include/asm-x86/msr.h,0,11,0,1,11,0,7,1,3,0,1,3,1,2,2,3,0,1,2,2,2,2,1,1,0,1,0,0
422,No,No,789589968ed90e82a832dbc60e958c76b787be7e,No,No,default,Static,Static Function,wrgsbase(unsigned long),xen/include/asm-x86/msr.h,0,11,0,2,11,0,7,1,3,0,1,3,1,2,2,3,0,1,2,2,2,2,1,1,0,1,0,0
422,No,No,789589968ed90e82a832dbc60e958c76b787be7e,No,No,default,Static,Static Function,wrgsshadow(unsigned long),xen/include/asm-x86/msr.h,0,18,0,1,18,0,12,1,6,0,3,3,2,2,2,3,0,0,3,2,2,2,1,1,0,1,0,0
422,No,No,789589968ed90e82a832dbc60e958c76b787be7e,No,No,default,Static,Static Function,"write(enum x86_segment,unsigned long,void *,unsigned int,struct x86_emulate_ctxt *)",tools/tests/x86_emulator/test_x86_emulator.c,1,14,0,4,15,1,14,6,6,0,0,0,4,4,4,6,0,0,6,3,3,3,1,1,0,1,0,0
422,No,No,789589968ed90e82a832dbc60e958c76b787be7e,No,No,default,Static,Static Function,"write(enum x86_segment,unsigned long,void *,unsigned int,struct x86_emulate_ctxt *)",tools/tests/x86_emulator/evex-disp8.c,0,7,0,3,7,0,7,2,3,0,0,0,2,2,2,3,0,0,3,2,2,2,1,1,0,1,0,0
422,No,No,789589968ed90e82a832dbc60e958c76b787be7e,No,No,default,none,Function,write_32bit_pse_identmap(uint32_t *),xen/arch/x86/mm.c,1,7,0,2,8,1,7,2,3,0,0,0,1,2,4,5,1,0,4,2,2,2,1,0,0,1,0,0
422,No,No,789589968ed90e82a832dbc60e958c76b787be7e,No,No,default,Static,Static Function,"write_cr(unsigned int,unsigned long,struct x86_emulate_ctxt *)",xen/arch/x86/pv/emul-priv-op.c,7,49,5,4,56,7,49,7,34,5,0,0,17,11,25,35,5,0,30,10,6,10,9,31,31,2,31,0
422,No,No,789589968ed90e82a832dbc60e958c76b787be7e,No,No,default,Static,Static Function,write_efer(uint64_t),xen/include/asm-x86/msr.h,0,5,0,1,5,0,5,1,2,0,0,0,2,1,2,2,0,0,2,1,1,1,1,0,0,0,0,0
422,No,No,789589968ed90e82a832dbc60e958c76b787be7e,No,No,default,Static,Static Function,"write_io(unsigned int,unsigned int,unsigned long,struct x86_emulate_ctxt *)",xen/arch/x86/pv/emul-priv-op.c,7,22,1,7,30,7,22,7,16,1,0,0,10,4,12,15,4,0,11,4,4,5,3,2,2,2,2,0
422,No,No,789589968ed90e82a832dbc60e958c76b787be7e,No,No,default,Static,Static Function,"write_msi_msg(struct msi_desc *,struct msi_msg *)",xen/arch/x86/msi.c,7,57,0,22,64,7,57,10,43,0,0,0,14,29,29,39,9,0,30,12,11,12,7,12,11,3,11,0
422,No,No,789589968ed90e82a832dbc60e958c76b787be7e,No,No,default,Static,Static Function,"write_msr(unsigned int,uint64_t,struct x86_emulate_ctxt *)",xen/arch/x86/pv/emul-priv-op.c,18,160,1,10,179,18,160,8,144,1,0,0,25,89,61,128,6,0,122,68,37,92,47,559,559,4,559,0
422,No,No,789589968ed90e82a832dbc60e958c76b787be7e,No,No,default,Static,Static Function,"write_psr_msrs(unsigned int,unsigned int,const uint32_t [],unsigned int,enum psr_feat_type)",xen/arch/x86/psr.c,4,24,0,8,28,4,24,11,17,0,0,0,8,4,8,11,3,0,8,4,4,4,4,4,4,2,4,0
422,No,No,789589968ed90e82a832dbc60e958c76b787be7e,No,No,default,none,Function,write_ptbase(struct vcpu *),xen/arch/x86/mm.c,3,24,2,11,29,3,24,3,16,2,0,0,14,6,13,16,2,0,14,6,6,9,1,1,0,2,0,0
422,No,No,789589968ed90e82a832dbc60e958c76b787be7e,No,No,default,Static,Static Function,write_start_info(struct domain *),xen/arch/x86/pv/shim.c,3,25,0,11,28,3,25,5,21,0,0,0,22,6,16,19,3,0,16,6,6,6,1,1,0,1,0,0
422,No,No,789589968ed90e82a832dbc60e958c76b787be7e,No,No,default,Static,Static Function,"writeb_gicd(uint8_t,unsigned int)",xen/arch/arm/gic-v2.c,0,4,0,6,4,0,4,1,1,0,0,0,2,1,1,1,0,0,1,1,1,1,1,0,0,0,0,0
422,No,No,789589968ed90e82a832dbc60e958c76b787be7e,No,No,default,Static,Static Function,"writel_gicc(uint32_t,unsigned int)",xen/arch/arm/gic-v2.c,0,4,0,8,4,0,4,1,1,0,0,0,2,1,1,1,0,0,1,1,1,1,1,0,0,0,0,0
422,No,No,789589968ed90e82a832dbc60e958c76b787be7e,No,No,default,Static,Static Function,"writel_gicd(uint32_t,unsigned int)",xen/arch/arm/gic-v2.c,0,4,0,8,4,0,4,1,1,0,0,0,2,1,1,1,0,0,1,1,1,1,1,0,0,0,0,0
422,No,No,789589968ed90e82a832dbc60e958c76b787be7e,No,No,default,Static,Static Function,"writel_gich(uint32_t,unsigned int)",xen/arch/arm/gic-v2.c,0,4,0,11,4,0,4,1,1,0,0,0,2,1,1,1,0,0,1,1,1,1,1,0,0,0,0,0
422,No,No,789589968ed90e82a832dbc60e958c76b787be7e,No,No,default,Static,Static Function,"wrmsr_safe(unsigned int,uint64_t)",xen/include/asm-x86/msr.h,1,16,0,2,17,1,16,3,3,0,0,0,1,1,6,6,2,1,3,1,1,1,1,0,0,0,0,0
422,No,No,789589968ed90e82a832dbc60e958c76b787be7e,No,No,default,Static,Static Function,wrmsr_tsc_aux(uint32_t),xen/include/asm-x86/msr.h,1,9,0,1,10,1,9,2,3,0,0,0,1,2,3,4,1,1,2,2,2,2,1,0,0,1,0,0
422,No,No,789589968ed90e82a832dbc60e958c76b787be7e,No,No,default,Static,Static Function,"wrmsrl(unsigned int,__u64)",xen/include/asm-x86/msr.h,0,7,0,6,7,0,7,2,2,0,0,0,0,1,4,4,1,1,2,1,1,1,1,0,0,0,0,0
422,No,No,789589968ed90e82a832dbc60e958c76b787be7e,No,No,default,none,Function,x2apic_ap_setup(),xen/arch/x86/apic.c,0,5,0,2,5,0,5,1,2,0,0,0,1,2,1,2,0,0,2,2,2,2,1,0,0,1,0,0
422,No,No,789589968ed90e82a832dbc60e958c76b787be7e,No,No,default,Static,Static Function,x2apic_cluster(unsigned int),xen/arch/x86/genapic/x2apic.c,0,4,0,2,4,0,4,1,1,0,0,0,2,1,1,1,0,0,1,1,1,1,1,0,0,0,0,0
422,No,No,789589968ed90e82a832dbc60e958c76b787be7e,No,No,default,Static,Static Function,"x86_decode(struct x86_emulate_state *,struct x86_emulate_ctxt *,const struct x86_emulate_ops *)",xen/arch/x86/x86_emulate/x86_emulate.c,55,558,80,76,666,55,555,36,453,80,0,3,52,999999999,519,729,33,7,689,204,140,227,141,687,674,6,673,0
422,No,No,789589968ed90e82a832dbc60e958c76b787be7e,No,No,default,Static,Static Function,"x86_decode_0f38(struct x86_emulate_state *,struct x86_emulate_ctxt *,const struct x86_emulate_ops *)",xen/arch/x86/x86_emulate/x86_emulate.c,5,43,14,6,49,5,43,5,34,14,0,0,5,10,13,33,0,0,33,21,6,21,6,10,10,2,10,0
422,No,No,789589968ed90e82a832dbc60e958c76b787be7e,No,No,default,Static,Static Function,"x86_decode_0f3a(struct x86_emulate_state *,struct x86_emulate_ctxt *,const struct x86_emulate_ops *)",xen/arch/x86/x86_emulate/x86_emulate.c,5,32,7,8,37,5,32,5,23,7,0,0,5,10,10,20,0,0,20,10,4,10,1,6,0,2,0,0
422,No,No,789589968ed90e82a832dbc60e958c76b787be7e,No,No,default,Static,Static Function,"x86_decode_onebyte(struct x86_emulate_state *,struct x86_emulate_ctxt *,const struct x86_emulate_ops *)",xen/arch/x86/x86_emulate/x86_emulate.c,9,73,37,15,84,9,73,11,61,37,0,0,16,53,69,121,6,0,115,51,17,52,22,111,111,3,111,0
422,No,No,789589968ed90e82a832dbc60e958c76b787be7e,No,No,default,Static,Static Function,"x86_decode_twobyte(struct x86_emulate_state *,struct x86_emulate_ctxt *,const struct x86_emulate_ops *)",xen/arch/x86/x86_emulate/x86_emulate.c,14,113,37,16,144,14,113,8,91,37,0,0,17,98,71,122,3,1,118,50,18,53,23,176,173,3,173,0
422,No,No,789589968ed90e82a832dbc60e958c76b787be7e,No,No,default,Static,Static Function,"x86_emul_hw_exception(unsigned int,int,struct x86_emulate_ctxt *)",xen/arch/x86/x86_emulate/x86_emulate.h,2,9,0,14,11,2,9,2,5,0,0,0,9,2,7,8,0,1,7,3,3,3,1,1,0,1,0,0
422,No,No,789589968ed90e82a832dbc60e958c76b787be7e,No,No,default,Static,Static Function,"x86_emul_pagefault(int,unsigned long,struct x86_emulate_ctxt *)",xen/arch/x86/x86_emulate/x86_emulate.h,2,10,1,4,12,2,10,2,6,1,0,0,10,2,8,9,0,1,8,3,3,3,1,1,0,1,0,0
422,No,No,789589968ed90e82a832dbc60e958c76b787be7e,No,No,default,Static,Static Function,x86_emul_reset_event(struct x86_emulate_ctxt *),xen/arch/x86/x86_emulate/x86_emulate.h,0,5,0,1,5,0,5,2,2,0,0,0,4,1,2,2,0,0,2,1,1,1,1,0,0,0,0,0
422,No,No,789589968ed90e82a832dbc60e958c76b787be7e,No,No,default,none,Function,"x86_emul_rmw(void *,unsigned int,uint32_t *,struct x86_emulate_state *,struct x86_emulate_ctxt *)",xen/arch/x86/x86_emulate/x86_emulate.c,15,147,4,20,166,15,89,30,59,4,9,50,3,326,332,500,38,103,359,176,99,176,30,459,353,5,353,0
422,No,No,789589968ed90e82a832dbc60e958c76b787be7e,No,No,default,none,Function,"x86_emulate(struct x86_emulate_ctxt *,const struct x86_emulate_ops *)",xen/arch/x86/x86_emulate/x86_emulate.c,106,1143,223,76,1310,106,1121,118,951,223,5,17,82,999999999,1512,2207,251,112,1844,852,617,965,265,9408,9165,7,9159,0
422,No,No,789589968ed90e82a832dbc60e958c76b787be7e,No,No,default,none,Function,"x86_emulate_wrapper(struct x86_emulate_ctxt *,const struct x86_emulate_ops *)",xen/arch/x86/x86_emulate/x86_emulate.c,7,20,11,11,38,7,20,5,12,11,0,0,6,54,18,25,2,4,19,12,12,12,1,4,0,2,0,0
422,No,No,789589968ed90e82a832dbc60e958c76b787be7e,No,No,default,none,Function,x86_match_cpu(const struct x86_cpu_id []),xen/arch/x86/cpu/common.c,1,17,0,8,18,1,17,3,12,0,0,0,2,17,10,15,2,0,13,6,6,6,6,5,5,2,5,0
422,No,No,789589968ed90e82a832dbc60e958c76b787be7e,No,No,default,none,Function,"x86emul_unhandleable_rw(enum x86_segment,unsigned long,void *,unsigned int,struct x86_emulate_ctxt *)",xen/arch/x86/x86_emulate/x86_emulate.c,0,9,0,0,9,0,9,6,1,0,0,0,1,1,1,1,0,0,1,1,1,1,1,0,0,0,0,0
422,No,No,789589968ed90e82a832dbc60e958c76b787be7e,No,No,default,Static,Static Function,"xatp_permission_check(struct domain *,unsigned int)",xen/common/memory.c,1,7,4,5,12,1,7,1,4,4,0,0,2,2,2,3,0,0,3,2,2,4,1,1,0,1,0,0
422,No,No,789589968ed90e82a832dbc60e958c76b787be7e,No,No,default,none,Function,"xc_altp2m_change_gfn(xc_interface *,uint32_t,uint16_t,xen_pfn_t,xen_pfn_t)",tools/libxc/xc_altp2m.c,4,20,0,8,24,4,20,8,14,0,0,0,13,2,30,31,7,0,24,5,5,5,1,1,0,1,0,0
422,No,No,789589968ed90e82a832dbc60e958c76b787be7e,No,No,default,none,Function,"xc_altp2m_create_view(xc_interface *,uint32_t,xenmem_access_t,uint16_t *)",tools/libxc/xc_altp2m.c,5,20,0,8,25,5,20,7,15,0,0,0,12,3,30,32,7,0,25,6,6,6,1,1,0,1,0,0
422,No,No,789589968ed90e82a832dbc60e958c76b787be7e,No,No,default,none,Function,"xc_altp2m_destroy_view(xc_interface *,uint32_t,uint16_t)",tools/libxc/xc_altp2m.c,4,17,0,6,21,4,17,7,12,0,0,0,10,2,28,29,7,0,22,5,5,5,1,1,0,1,0,0
422,No,No,789589968ed90e82a832dbc60e958c76b787be7e,No,No,default,none,Function,"xc_altp2m_get_domain_state(xc_interface *,uint32_t,bool *)",tools/libxc/xc_altp2m.c,5,17,0,8,22,5,17,6,13,0,0,0,9,3,28,30,7,0,23,6,6,6,1,1,0,1,0,0
422,No,No,789589968ed90e82a832dbc60e958c76b787be7e,No,No,default,none,Function,"xc_altp2m_get_mem_access(xc_interface *,uint32_t,uint16_t,xen_pfn_t,xenmem_access_t *)",tools/libxc/xc_altp2m.c,5,21,0,10,26,5,21,8,15,0,0,0,13,3,30,32,7,0,25,6,6,6,1,1,0,1,0,0
422,No,No,789589968ed90e82a832dbc60e958c76b787be7e,No,No,default,none,Function,"xc_altp2m_get_suppress_ve(xc_interface *,uint32_t,uint16_t,xen_pfn_t,bool *)",tools/libxc/xc_altp2m.c,5,20,0,9,25,5,20,7,15,0,0,0,13,3,30,32,7,0,25,6,6,6,1,1,0,1,0,0
422,No,No,789589968ed90e82a832dbc60e958c76b787be7e,No,No,default,none,Function,"xc_altp2m_set_domain_state(xc_interface *,uint32_t,bool)",tools/libxc/xc_altp2m.c,4,16,0,6,20,4,16,6,12,0,0,0,11,2,28,29,7,0,22,5,5,5,1,1,0,1,0,0
422,No,No,789589968ed90e82a832dbc60e958c76b787be7e,No,No,default,none,Function,"xc_altp2m_set_mem_access(xc_interface *,uint32_t,uint16_t,xen_pfn_t,xenmem_access_t)",tools/libxc/xc_altp2m.c,4,20,0,8,24,4,20,8,14,0,0,0,13,2,30,31,7,0,24,5,5,5,1,1,0,1,0,0
422,No,No,789589968ed90e82a832dbc60e958c76b787be7e,No,No,default,none,Function,"xc_altp2m_set_mem_access_multi(xc_interface *,uint32_t,uint16_t,uint8_t *,uint64_t *,uint32_t)",tools/libxc/xc_altp2m.c,8,33,0,13,41,8,33,19,25,0,0,0,20,6,76,80,18,0,62,19,19,20,3,2,2,3,2,0
422,No,No,789589968ed90e82a832dbc60e958c76b787be7e,No,No,default,none,Function,"xc_altp2m_set_suppress_ve(xc_interface *,uint32_t,uint16_t,xen_pfn_t,bool)",tools/libxc/xc_altp2m.c,4,19,0,8,23,4,19,7,14,0,0,0,12,2,30,31,7,0,24,5,5,5,1,1,0,1,0,0
422,No,No,789589968ed90e82a832dbc60e958c76b787be7e,No,No,default,none,Function,"xc_altp2m_set_vcpu_disable_notify(xc_interface *,uint32_t,uint32_t)",tools/libxc/xc_altp2m.c,4,17,0,6,21,4,17,7,12,0,0,0,11,2,28,29,7,0,22,5,5,5,1,1,0,1,0,0
422,No,No,789589968ed90e82a832dbc60e958c76b787be7e,No,No,default,none,Function,"xc_altp2m_set_vcpu_enable_notify(xc_interface *,uint32_t,uint32_t,xen_pfn_t)",tools/libxc/xc_altp2m.c,4,18,0,7,22,4,18,7,13,0,0,0,12,2,29,30,7,0,23,5,5,5,1,1,0,1,0,0
422,No,No,789589968ed90e82a832dbc60e958c76b787be7e,No,No,default,none,Function,"xc_altp2m_switch_to_view(xc_interface *,uint32_t,uint16_t)",tools/libxc/xc_altp2m.c,4,17,0,6,21,4,17,7,12,0,0,0,10,2,28,29,7,0,22,5,5,5,1,1,0,1,0,0
422,No,No,789589968ed90e82a832dbc60e958c76b787be7e,No,No,default,Static,Static Function,"xc_clear_domain_page(xc_interface *,uint32_t,unsigned long)",tools/libxc/include/xenctrl.h,0,5,0,3,5,0,5,2,1,0,0,0,2,1,1,1,0,0,1,1,1,1,1,0,0,0,0,0
422,No,No,789589968ed90e82a832dbc60e958c76b787be7e,No,No,default,none,Function,"xc_cpuid_apply_policy(xc_interface *,uint32_t,uint32_t *,unsigned int)",tools/libxc/xc_cpuid_x86.c,12,60,4,6,75,12,60,8,44,4,0,0,7,724,34,47,5,3,39,17,17,25,10,16,16,3,14,0
422,No,No,789589968ed90e82a832dbc60e958c76b787be7e,No,No,default,Static,Static Function,"xc_cpuid_do_domctl(xc_interface *,uint32_t,const unsigned int *,const unsigned int *)",tools/libxc/xc_cpuid_x86.c,2,16,0,6,18,2,16,4,10,0,0,0,12,1,11,11,1,0,10,1,1,1,1,0,0,0,0,0
422,No,No,789589968ed90e82a832dbc60e958c76b787be7e,No,No,default,Static,Static Function,"xc_cpuid_hvm_policy(const struct cpuid_domain_info *,const unsigned int *,unsigned int *)",tools/libxc/xc_cpuid_x86.c,11,75,24,6,96,11,75,2,65,24,0,0,3,26,34,59,0,0,59,25,6,25,1,48,0,2,0,0
422,No,No,789589968ed90e82a832dbc60e958c76b787be7e,No,No,default,Static,Static Function,"xc_cpuid_policy(const struct cpuid_domain_info *,const unsigned int *,unsigned int *)",tools/libxc/xc_cpuid_x86.c,1,13,5,6,19,1,13,2,7,5,0,0,3,3,4,6,0,0,6,3,3,3,1,2,0,1,0,0
422,No,No,789589968ed90e82a832dbc60e958c76b787be7e,No,No,default,Static,Static Function,"xc_cpuid_pv_policy(const struct cpuid_domain_info *,const unsigned int *,unsigned int *)",tools/libxc/xc_cpuid_x86.c,14,75,13,6,95,14,75,6,59,13,0,0,1,15,34,54,3,0,51,21,9,21,1,30,0,2,0,0
422,No,No,789589968ed90e82a832dbc60e958c76b787be7e,No,No,default,none,Function,"xc_cpuid_set(xc_interface *,uint32_t,const unsigned int *,const char **,char **)",tools/libxc/xc_cpuid_x86.c,14,62,1,6,76,14,62,8,43,1,0,0,12,1064,37,50,5,0,45,14,14,14,8,16,16,3,13,0
422,No,No,789589968ed90e82a832dbc60e958c76b787be7e,No,No,default,none,Function,"xc_get_cpu_featureset(xc_interface *,uint32_t,uint32_t *,uint32_t *)",tools/libxc/xc_cpuid_x86.c,6,20,0,13,26,6,20,10,14,0,0,0,13,5,30,33,7,0,26,9,9,9,1,1,0,3,0,0
422,No,No,789589968ed90e82a832dbc60e958c76b787be7e,No,No,default,none,Function,xc_get_cpu_featureset_size(),tools/libxc/xc_cpuid_x86.c,0,4,0,3,4,0,4,1,1,0,0,0,1,1,1,1,0,0,1,1,1,1,1,0,0,0,0,0
422,No,No,789589968ed90e82a832dbc60e958c76b787be7e,No,No,default,none,Function,"xc_get_cpu_levelling_caps(xc_interface *,uint32_t *)",tools/libxc/xc_cpuid_x86.c,3,10,0,4,13,3,10,3,5,0,0,0,4,2,6,7,2,0,5,2,2,2,1,0,0,1,0,0
422,No,No,789589968ed90e82a832dbc60e958c76b787be7e,No,No,default,none,Function,"xc_get_cpu_policy_size(xc_interface *,uint32_t *,uint32_t *)",tools/libxc/xc_cpuid_x86.c,4,14,0,6,18,4,14,4,7,0,0,0,5,2,7,8,2,0,6,2,2,2,1,0,0,1,0,0
422,No,No,789589968ed90e82a832dbc60e958c76b787be7e,No,No,default,none,Function,"xc_get_domain_cpu_policy(xc_interface *,uint32_t,uint32_t *,xen_cpuid_leaf_t *,uint32_t *,xen_msr_entry_t *)",tools/libxc/xc_cpuid_x86.c,6,31,0,15,37,6,31,17,22,0,0,0,17,9,53,57,12,0,45,15,15,16,1,1,0,3,0,0
422,No,No,789589968ed90e82a832dbc60e958c76b787be7e,No,No,default,none,Function,xc_get_static_cpu_featuremask(enum xc_static_cpu_featuremask),tools/libxc/xc_cpuid_x86.c,8,33,0,2,41,8,33,8,27,0,0,0,3,7,14,21,1,0,20,7,2,7,1,21,0,1,0,0
422,No,No,789589968ed90e82a832dbc60e958c76b787be7e,No,No,default,none,Function,"xc_get_system_cpu_policy(xc_interface *,uint32_t,uint32_t *,xen_cpuid_leaf_t *,uint32_t *,xen_msr_entry_t *)",tools/libxc/xc_cpuid_x86.c,6,31,0,15,37,6,31,17,23,0,0,0,17,9,53,57,12,0,45,15,15,16,1,1,0,3,0,0
422,No,No,789589968ed90e82a832dbc60e958c76b787be7e,No,No,default,Static,Static Function,xcr0_mask(uint64_t),tools/tests/x86_emulator/x86-emulate.h,0,4,0,18,4,0,4,1,1,0,0,0,2,1,1,1,0,0,1,1,1,2,1,0,0,0,0,0
422,No,No,789589968ed90e82a832dbc60e958c76b787be7e,No,No,default,Static,Static Function,xen_evtchn_upcall(struct cpu_user_regs *),xen/arch/x86/guest/xen.c,6,25,0,4,31,6,25,6,17,0,0,0,9,5,14,18,5,0,13,5,5,6,1,1,0,3,0,0
422,No,No,789589968ed90e82a832dbc60e958c76b787be7e,No,No,default,Static,Static Function,"xenmem_access_to_p2m_access(struct p2m_domain *,xenmem_access_t,p2m_access_t *)",xen/arch/x86/mm/mem_access.c,2,32,0,5,34,2,30,16,23,0,0,2,6,3,14,17,2,0,15,3,2,3,3,5,5,1,5,0
422,No,No,789589968ed90e82a832dbc60e958c76b787be7e,No,No,default,none,Function,"xenmem_add_to_physmap(struct domain *,struct xen_add_to_physmap *,unsigned int)",xen/common/memory.c,13,49,1,8,63,13,49,6,37,1,0,0,15,104,24,34,4,0,30,11,11,14,6,7,7,2,6,0
422,No,No,789589968ed90e82a832dbc60e958c76b787be7e,No,No,default,Static,Static Function,"xenmem_add_to_physmap_batch(struct domain *,struct xen_add_to_physmap_batch *,unsigned int)",xen/common/memory.c,7,30,1,10,38,7,30,6,20,1,0,0,11,7,10,16,3,0,13,7,7,11,7,11,11,2,11,0
422,No,No,789589968ed90e82a832dbc60e958c76b787be7e,No,No,default,none,Function,"xenmem_add_to_physmap_one(struct domain *,unsigned int,union xen_add_to_physmap_batch_extra,unsigned long,gfn_t)",xen/arch/arm/mm.c,17,77,6,8,100,17,77,12,51,6,0,0,14,16,39,53,6,0,47,15,12,16,13,57,57,2,57,0
422,No,No,789589968ed90e82a832dbc60e958c76b787be7e,No,No,default,none,Function,"xenmem_add_to_physmap_one(struct domain *,unsigned int,union xen_add_to_physmap_batch_extra,unsigned long,gfn_t)",xen/arch/x86/mm.c,11,80,9,7,99,11,80,13,56,9,0,0,25,4612,39,59,7,0,52,21,18,22,11,28,27,2,27,0
422,No,No,789589968ed90e82a832dbc60e958c76b787be7e,No,No,default,Static,Static Function,xgetbv(uint32_t),tools/tests/x86_emulator/x86-emulate.h,2,6,0,3,8,2,6,2,1,0,0,0,1,1,3,3,1,1,1,1,1,1,1,0,0,0,0,0
422,No,No,789589968ed90e82a832dbc60e958c76b787be7e,No,No,default,none,Function,xl_child_pid(xlchildnum),tools/xl/xl.c,0,5,0,3,5,0,5,2,2,0,0,0,1,1,2,2,1,0,1,1,1,1,1,0,0,0,0,0
422,No,No,789589968ed90e82a832dbc60e958c76b787be7e,No,No,default,none,Function,xl_ctx_alloc(),tools/xl/xl.c,1,10,0,8,11,1,10,1,7,0,0,0,5,2,6,7,0,0,7,2,2,2,1,0,0,1,0,0
422,No,No,789589968ed90e82a832dbc60e958c76b787be7e,No,No,default,Static,Static Function,xl_ctx_free(),tools/xl/xl.c,0,18,0,6,18,0,18,1,12,0,0,0,7,8,9,12,0,0,12,4,4,4,1,0,0,1,0,0
422,No,No,789589968ed90e82a832dbc60e958c76b787be7e,No,No,default,none,Function,"xl_fork(xlchildnum,const char *)",tools/xl/xl.c,4,17,1,4,22,4,17,3,12,1,0,0,10,12,14,18,2,1,15,6,6,6,1,1,0,2,0,0
422,No,No,789589968ed90e82a832dbc60e958c76b787be7e,No,No,default,Static,Static Function,"xl_reaped_callback(pid_t,int,void *)",tools/xl/xl.c,0,14,0,4,14,0,14,3,8,0,0,0,5,6,11,14,2,1,11,5,5,5,3,4,4,2,3,0
422,No,No,789589968ed90e82a832dbc60e958c76b787be7e,No,No,default,none,Function,"xl_report_child_exitstatus(xentoollog_level,xlchildnum,pid_t,int)",tools/xl/xl.c,0,6,0,8,6,0,6,2,2,0,0,0,1,1,1,1,0,0,1,1,1,1,1,0,0,0,0,0
422,No,No,789589968ed90e82a832dbc60e958c76b787be7e,No,No,default,none,Function,"xl_waitpid(xlchildnum,int *,int)",tools/xl/xl.c,0,20,0,8,20,0,20,3,14,0,0,0,6,16,17,23,2,5,16,9,9,10,4,4,3,3,2,0
422,No,No,789589968ed90e82a832dbc60e958c76b787be7e,No,No,default,none,Function,xop_09_rm_rv(),xen/arch/x86/x86_emulate/x86_emulate.c,4,18,2,13,22,4,18,4,15,2,0,0,13,4,26,28,2,2,24,5,5,5,1,2,0,1,0,0
422,No,No,789589968ed90e82a832dbc60e958c76b787be7e,No,No,default,Static,Static Function,xs_bool(char *),tools/xenstore/xs.c,0,7,0,12,7,0,7,1,4,0,0,0,2,2,3,4,0,0,4,2,2,2,1,1,0,1,0,0
422,No,No,789589968ed90e82a832dbc60e958c76b787be7e,No,No,default,none,Function,xs_check_watch(struct xs_handle *),tools/xenstore/xs.c,0,8,0,1,8,0,8,3,3,0,0,0,4,3,7,9,2,1,6,4,4,4,1,1,0,2,0,0
422,No,No,789589968ed90e82a832dbc60e958c76b787be7e,No,No,default,none,Function,xs_close(struct xs_handle *),tools/xenstore/xs.c,0,5,0,3,5,0,5,1,2,0,0,0,1,2,1,2,0,0,2,2,2,2,1,0,0,1,0,0
422,No,No,789589968ed90e82a832dbc60e958c76b787be7e,No,No,default,none,Function,"xs_control_command(struct xs_handle *,const char *,void *,unsigned int)",tools/xenstore/xs.c,2,11,0,5,13,2,11,3,6,0,0,0,6,1,6,6,1,0,5,1,1,1,1,0,0,0,0,0
422,No,No,789589968ed90e82a832dbc60e958c76b787be7e,No,No,default,none,Function,xs_daemon_close(struct xs_handle *),tools/xenstore/xs.c,4,17,0,6,21,4,11,1,8,0,4,2,2,1,8,8,0,0,8,1,1,1,1,0,0,0,0,0
422,No,No,789589968ed90e82a832dbc60e958c76b787be7e,No,No,default,none,Function,xs_daemon_destroy_postfork(struct xs_handle *),tools/xenstore/xs.c,0,5,0,1,5,0,5,1,2,0,0,0,2,1,2,2,0,0,2,1,1,1,1,0,0,0,0,0
422,No,No,789589968ed90e82a832dbc60e958c76b787be7e,No,No,default,none,Function,xs_daemon_open(),tools/xenstore/xs.c,0,4,0,3,4,0,4,1,1,0,0,0,2,1,1,1,0,0,1,1,1,1,1,0,0,0,0,0
422,No,No,789589968ed90e82a832dbc60e958c76b787be7e,No,No,default,none,Function,xs_daemon_open_readonly(),tools/xenstore/xs.c,0,4,0,0,4,0,4,1,1,0,0,0,2,1,1,1,0,0,1,1,1,1,1,0,0,0,0,0
422,No,No,789589968ed90e82a832dbc60e958c76b787be7e,No,No,default,none,Function,"xs_debug_command(struct xs_handle *,const char *,void *,unsigned int)",tools/xenstore/xs.c,0,5,0,4,5,0,5,2,1,0,0,0,2,1,1,1,0,0,1,1,1,1,1,0,0,0,0,0
422,No,No,789589968ed90e82a832dbc60e958c76b787be7e,No,No,default,none,Function,"xs_directory(struct xs_handle *,xs_transaction_t,const char *,unsigned int *)",tools/xenstore/xs.c,2,13,0,4,15,2,13,4,6,0,0,0,5,3,6,8,2,0,6,3,3,3,3,3,3,2,3,0
422,No,No,789589968ed90e82a832dbc60e958c76b787be7e,No,No,default,Static,Static Function,"xs_directory_common(char *,unsigned int,unsigned int *)",tools/xenstore/xs.c,3,17,2,5,22,3,17,3,11,2,0,0,7,3,12,14,1,0,13,3,3,3,1,1,0,1,0,0
422,No,No,789589968ed90e82a832dbc60e958c76b787be7e,No,No,default,Static,Static Function,"xs_directory_part(struct xs_handle *,xs_transaction_t,const char *,unsigned int *)",tools/xenstore/xs.c,8,43,1,5,52,8,43,6,33,1,0,0,14,16,29,36,4,2,30,8,8,9,6,9,9,3,9,0
422,No,No,789589968ed90e82a832dbc60e958c76b787be7e,No,No,default,none,Function,xs_domain_open(),tools/xenstore/xs.c,0,4,0,2,4,0,4,1,1,0,0,0,2,1,1,1,0,0,1,1,1,1,1,0,0,0,0,0
422,No,No,789589968ed90e82a832dbc60e958c76b787be7e,No,No,default,none,Function,xs_fileno(struct xs_handle *),tools/xenstore/xs.c,4,12,1,4,17,4,12,2,8,1,0,0,4,4,5,8,1,0,7,4,4,5,1,0,0,3,0,0
422,No,No,789589968ed90e82a832dbc60e958c76b787be7e,No,No,default,none,Function,"xs_get_domain_path(struct xs_handle *,unsigned int)",tools/xenstore/xs.c,2,6,0,3,8,2,6,2,2,0,0,0,3,1,3,3,1,0,2,1,1,1,1,0,0,0,0,0
422,No,No,789589968ed90e82a832dbc60e958c76b787be7e,No,No,default,none,Function,"xs_get_permissions(struct xs_handle *,xs_transaction_t,const char *,unsigned int *)",tools/xenstore/xs.c,5,23,2,4,30,5,23,7,13,2,0,0,8,4,13,16,3,0,13,4,4,4,3,2,2,1,2,0
422,No,No,789589968ed90e82a832dbc60e958c76b787be7e,No,No,default,none,Function,"xs_introduce_domain(struct xs_handle *,unsigned int,unsigned long,unsigned int)",tools/xenstore/xs.c,3,20,0,5,23,3,20,7,11,0,0,0,8,1,14,14,4,0,10,1,1,1,1,0,0,0,0,0
422,No,No,789589968ed90e82a832dbc60e958c76b787be7e,No,No,default,none,Function,"xs_is_domain_introduced(struct xs_handle *,unsigned int)",tools/xenstore/xs.c,1,7,0,2,8,1,7,3,4,0,0,0,4,1,4,4,2,0,2,1,1,1,1,0,0,0,0,0
422,No,No,789589968ed90e82a832dbc60e958c76b787be7e,No,No,default,Static,Static Function,xs_maybe_clear_watch_pipe(struct xs_handle *),tools/xenstore/xs.c,1,7,0,5,8,1,7,2,3,0,0,0,2,3,2,4,1,0,3,3,3,4,1,0,0,2,0,0
422,No,No,789589968ed90e82a832dbc60e958c76b787be7e,No,No,default,none,Function,"xs_mkdir(struct xs_handle *,xs_transaction_t,const char *)",tools/xenstore/xs.c,0,5,0,6,5,0,5,2,1,0,0,0,3,1,1,1,0,0,1,1,1,1,1,0,0,0,0,0
422,No,No,789589968ed90e82a832dbc60e958c76b787be7e,No,No,default,none,Function,xs_open(unsigned long),tools/xenstore/xs.c,4,13,0,6,17,4,13,2,10,0,0,0,6,8,6,9,1,0,8,4,4,6,1,1,0,1,0,0
422,No,No,789589968ed90e82a832dbc60e958c76b787be7e,No,No,default,none,Function,"xs_path_is_subpath(const char *,const char *)",tools/xenstore/xs.c,4,12,0,3,16,4,12,3,9,0,0,0,3,4,6,9,2,0,7,4,4,5,4,3,3,1,3,0
422,No,No,789589968ed90e82a832dbc60e958c76b787be7e,No,No,default,none,Function,"xs_read(struct xs_handle *,xs_transaction_t,const char *,unsigned int *)",tools/xenstore/xs.c,0,5,0,14,5,0,5,2,1,0,0,0,2,1,1,1,0,0,1,1,1,1,1,0,0,0,0,0
422,No,No,789589968ed90e82a832dbc60e958c76b787be7e,No,No,default,none,Function,"xs_read_watch(struct xs_handle *,unsigned int *)",tools/xenstore/xs.c,0,4,0,3,4,0,4,1,1,0,0,0,2,1,1,1,0,0,1,1,1,1,1,0,0,0,0,0
422,No,No,789589968ed90e82a832dbc60e958c76b787be7e,No,No,default,none,Function,"xs_release_domain(struct xs_handle *,unsigned int)",tools/xenstore/xs.c,0,4,0,3,4,0,4,1,1,0,0,0,3,1,1,1,0,0,1,1,1,1,1,0,0,0,0,0
422,No,No,789589968ed90e82a832dbc60e958c76b787be7e,No,No,default,none,Function,"xs_resume_domain(struct xs_handle *,unsigned int)",tools/xenstore/xs.c,0,4,0,3,4,0,4,1,1,0,0,0,3,1,1,1,0,0,1,1,1,1,1,0,0,0,0,0
422,No,No,789589968ed90e82a832dbc60e958c76b787be7e,No,No,default,none,Function,"xs_rm(struct xs_handle *,xs_transaction_t,const char *)",tools/xenstore/xs.c,0,5,0,6,5,0,5,2,1,0,0,0,3,1,1,1,0,0,1,1,1,1,1,0,0,0,0,0
422,No,No,789589968ed90e82a832dbc60e958c76b787be7e,No,No,default,none,Function,"xs_set_permissions(struct xs_handle *,xs_transaction_t,const char *,struct xs_permissions *,unsigned int)",tools/xenstore/xs.c,6,30,0,10,36,6,30,8,18,0,0,0,10,20,21,27,3,0,24,7,7,7,5,10,10,2,10,0
422,No,No,789589968ed90e82a832dbc60e958c76b787be7e,No,No,default,none,Function,"xs_set_target(struct xs_handle *,unsigned int,unsigned int)",tools/xenstore/xs.c,3,15,0,4,18,3,15,5,8,0,0,0,8,1,10,10,3,0,7,1,1,1,1,0,0,0,0,0
422,No,No,789589968ed90e82a832dbc60e958c76b787be7e,No,No,default,Static,Static Function,"xs_single(struct xs_handle *,xs_transaction_t,enum xsd_sockmsg_type,const char *,unsigned int *)",tools/xenstore/xs.c,1,10,0,14,11,1,10,5,3,0,0,0,5,1,4,4,1,0,3,1,1,1,1,0,0,0,0,0
422,No,No,789589968ed90e82a832dbc60e958c76b787be7e,No,No,default,none,Function,xs_suspend_evtchn_port(int),tools/xenstore/xs.c,5,22,0,2,27,5,22,6,12,0,0,0,7,3,15,17,5,0,12,3,3,4,1,2,0,1,0,0
422,No,No,789589968ed90e82a832dbc60e958c76b787be7e,No,No,default,Static,Static Function,"xs_talkv(struct xs_handle *,xs_transaction_t,enum xsd_sockmsg_type,const struct iovec *,unsigned int,unsigned int *)",tools/xenstore/xs.c,11,58,1,21,70,11,58,10,42,1,0,0,17,74,42,50,5,0,45,9,9,9,8,18,18,2,18,0
422,No,No,789589968ed90e82a832dbc60e958c76b787be7e,No,No,default,none,Function,"xs_transaction_end(struct xs_handle *,xs_transaction_t,bool)",tools/xenstore/xs.c,2,10,0,12,12,2,10,3,5,0,0,0,4,2,4,5,1,0,4,2,2,2,1,1,0,1,0,0
422,No,No,789589968ed90e82a832dbc60e958c76b787be7e,No,No,default,none,Function,xs_transaction_start(struct xs_handle *),tools/xenstore/xs.c,3,11,0,10,14,3,11,3,6,0,0,0,4,2,7,8,2,0,6,2,2,2,1,1,0,1,0,0
422,No,No,789589968ed90e82a832dbc60e958c76b787be7e,No,No,default,none,Function,"xs_unwatch(struct xs_handle *,const char *,const char *)",tools/xenstore/xs.c,14,47,2,13,62,14,47,7,32,2,0,0,17,23,40,49,6,1,42,11,11,14,3,4,2,4,2,0
422,No,No,789589968ed90e82a832dbc60e958c76b787be7e,No,No,default,none,Function,"xs_watch(struct xs_handle *,const char *,const char *)",tools/xenstore/xs.c,7,55,1,4,63,3,10,2,6,0,48,10,7,1,6,6,1,0,5,1,1,1,1,0,0,0,0,0
422,No,No,789589968ed90e82a832dbc60e958c76b787be7e,No,No,default,none,Function,"xs_write(struct xs_handle *,xs_transaction_t,const char *,const void *,unsigned int)",tools/xenstore/xs.c,2,11,0,12,13,2,11,3,6,0,0,0,7,1,6,6,1,0,5,1,1,1,1,0,0,0,0,0
422,No,No,789589968ed90e82a832dbc60e958c76b787be7e,No,No,default,Static,Static Function,"xsm_add_to_physmap(xsm_default_t,struct domain *,struct domain *)",xen/include/xsm/dummy.h,0,5,0,4,5,0,5,1,2,0,0,0,3,2,3,4,0,0,4,3,3,3,1,0,0,2,0,0
422,No,No,789589968ed90e82a832dbc60e958c76b787be7e,No,No,default,Static,Static Function,xsm_alloc_security_domain(struct domain *),xen/include/xsm/dummy.h,0,4,0,1,4,0,4,1,1,0,0,0,1,1,1,1,0,0,1,1,1,1,1,0,0,0,0,0
422,No,No,789589968ed90e82a832dbc60e958c76b787be7e,No,No,default,Static,Static Function,xsm_alloc_security_evtchn(struct evtchn *),xen/include/xsm/dummy.h,0,4,0,1,4,0,4,1,1,0,0,0,1,1,1,1,0,0,1,1,1,1,1,0,0,0,0,0
422,No,No,789589968ed90e82a832dbc60e958c76b787be7e,No,No,default,Static,Static Function,"xsm_bind_pt_irq(xsm_default_t,struct domain *,struct xen_domctl_bind_pt_irq *)",xen/include/xsm/dummy.h,0,5,0,5,5,0,5,1,2,0,0,0,3,2,3,4,0,0,4,3,3,3,1,0,0,2,0,0
422,No,No,789589968ed90e82a832dbc60e958c76b787be7e,No,No,default,Static,Static Function,"xsm_claim_pages(xsm_default_t,struct domain *)",xen/include/xsm/dummy.h,0,5,0,4,5,0,5,1,2,0,0,0,3,2,3,4,0,0,4,3,3,3,1,0,0,2,0,0
422,No,No,789589968ed90e82a832dbc60e958c76b787be7e,No,No,default,Static,Static Function,"xsm_console_io(xsm_default_t,struct domain *,int)",xen/include/xsm/dummy.h,0,11,0,4,11,0,7,1,4,0,2,2,3,4,4,6,0,0,6,4,4,4,1,1,0,2,0,0
422,No,No,789589968ed90e82a832dbc60e958c76b787be7e,No,No,default,Static,Static Function,"xsm_default_action(xsm_default_t,struct domain *,struct domain *)",xen/include/xsm/dummy.h,0,26,2,69,28,0,26,2,19,2,0,0,2,13,9,20,0,0,20,12,8,13,8,14,14,3,14,0
422,No,No,789589968ed90e82a832dbc60e958c76b787be7e,No,No,default,Static,Static Function,xsm_do_xsm_op(__guest_handle_xsm_op_t),xen/include/xsm/dummy.h,0,4,0,0,4,0,4,1,1,0,0,0,1,1,1,1,0,0,1,1,1,1,1,0,0,0,0,0
422,No,No,789589968ed90e82a832dbc60e958c76b787be7e,No,No,default,Static,Static Function,"xsm_domain_create(xsm_default_t,struct domain *,u32)",xen/include/xsm/dummy.h,0,5,0,4,5,0,5,1,2,0,0,0,3,2,3,4,0,0,4,3,3,3,1,0,0,2,0,0
422,No,No,789589968ed90e82a832dbc60e958c76b787be7e,No,No,default,Static,Static Function,"xsm_domain_resource_map(xsm_default_t,struct domain *)",xen/include/xsm/dummy.h,0,5,0,4,5,0,5,1,2,0,0,0,3,2,3,4,0,0,4,3,3,3,1,0,0,2,0,0
422,No,No,789589968ed90e82a832dbc60e958c76b787be7e,No,No,default,Static,Static Function,"xsm_domctl(xsm_default_t,struct domain *,int)",xen/include/xsm/dummy.h,0,16,0,4,16,0,16,1,11,0,0,0,3,6,5,12,0,0,12,8,4,8,1,3,0,2,0,0
422,No,No,789589968ed90e82a832dbc60e958c76b787be7e,No,No,default,Static,Static Function,"xsm_domctl_scheduler_op(xsm_default_t,struct domain *,int)",xen/include/xsm/dummy.h,0,5,0,4,5,0,5,1,2,0,0,0,3,2,3,4,0,0,4,3,3,3,1,0,0,2,0,0
422,No,No,789589968ed90e82a832dbc60e958c76b787be7e,No,No,default,Static,Static Function,xsm_evtchn_close_post(struct evtchn *),xen/include/xsm/dummy.h,0,4,0,1,4,0,4,1,1,0,0,0,1,1,1,1,0,0,1,1,1,1,1,0,0,0,0,0
422,No,No,789589968ed90e82a832dbc60e958c76b787be7e,No,No,default,Static,Static Function,"xsm_evtchn_interdomain(xsm_default_t,struct domain *,struct evtchn *,struct domain *,struct evtchn *)",xen/include/xsm/dummy.h,0,6,0,4,6,0,6,2,2,0,0,0,3,2,3,4,0,0,4,3,3,3,1,0,0,2,0,0
422,No,No,789589968ed90e82a832dbc60e958c76b787be7e,No,No,default,Static,Static Function,"xsm_evtchn_reset(xsm_default_t,struct domain *,struct domain *)",xen/include/xsm/dummy.h,0,5,0,4,5,0,5,1,2,0,0,0,3,2,3,4,0,0,4,3,3,3,1,0,0,2,0,0
422,No,No,789589968ed90e82a832dbc60e958c76b787be7e,No,No,default,Static,Static Function,"xsm_evtchn_send(xsm_default_t,struct domain *,struct evtchn *)",xen/include/xsm/dummy.h,0,5,0,3,5,0,5,1,2,0,0,0,3,2,3,4,0,0,4,3,3,3,1,0,0,2,0,0
422,No,No,789589968ed90e82a832dbc60e958c76b787be7e,No,No,default,Static,Static Function,"xsm_evtchn_status(xsm_default_t,struct domain *,struct evtchn *)",xen/include/xsm/dummy.h,0,5,0,4,5,0,5,1,2,0,0,0,3,2,3,4,0,0,4,3,3,3,1,0,0,2,0,0
422,No,No,789589968ed90e82a832dbc60e958c76b787be7e,No,No,default,Static,Static Function,"xsm_evtchn_unbound(xsm_default_t,struct domain *,struct evtchn *,domid_t)",xen/include/xsm/dummy.h,0,6,0,5,6,0,6,2,2,0,0,0,3,2,3,4,0,0,4,3,3,3,1,0,0,2,0,0
422,No,No,789589968ed90e82a832dbc60e958c76b787be7e,No,No,default,Static,Static Function,xsm_free_security_domain(struct domain *),xen/include/xsm/dummy.h,0,4,0,1,4,0,4,1,1,0,0,0,1,1,1,1,0,0,1,1,1,1,1,0,0,0,0,0
422,No,No,789589968ed90e82a832dbc60e958c76b787be7e,No,No,default,Static,Static Function,xsm_free_security_evtchn(struct evtchn *),xen/include/xsm/dummy.h,0,4,0,2,4,0,4,1,1,0,0,0,1,1,1,1,0,0,1,1,1,1,1,0,0,0,0,0
422,No,No,789589968ed90e82a832dbc60e958c76b787be7e,No,No,default,Static,Static Function,"xsm_get_pod_target(xsm_default_t,struct domain *)",xen/include/xsm/dummy.h,0,5,0,3,5,0,5,1,2,0,0,0,3,2,3,4,0,0,4,3,3,3,1,0,0,2,0,0
422,No,No,789589968ed90e82a832dbc60e958c76b787be7e,No,No,default,Static,Static Function,"xsm_get_vnumainfo(xsm_default_t,struct domain *)",xen/include/xsm/dummy.h,0,5,0,4,5,0,5,1,2,0,0,0,3,2,3,4,0,0,4,3,3,3,1,0,0,2,0,0
422,No,No,789589968ed90e82a832dbc60e958c76b787be7e,No,No,default,Static,Static Function,"xsm_getdomaininfo(xsm_default_t,struct domain *)",xen/include/xsm/dummy.h,0,5,0,3,5,0,5,1,2,0,0,0,3,2,3,4,0,0,4,3,3,3,1,0,0,2,0,0
422,No,No,789589968ed90e82a832dbc60e958c76b787be7e,No,No,default,Static,Static Function,"xsm_grant_copy(xsm_default_t,struct domain *,struct domain *)",xen/include/xsm/dummy.h,0,5,0,4,5,0,5,1,2,0,0,0,3,2,3,4,0,0,4,3,3,3,1,0,0,2,0,0
422,No,No,789589968ed90e82a832dbc60e958c76b787be7e,No,No,default,Static,Static Function,"xsm_grant_mapref(xsm_default_t,struct domain *,struct domain *,uint32_t)",xen/include/xsm/dummy.h,0,6,0,4,6,0,6,2,2,0,0,0,3,2,3,4,0,0,4,3,3,3,1,0,0,2,0,0
422,No,No,789589968ed90e82a832dbc60e958c76b787be7e,No,No,default,Static,Static Function,"xsm_grant_query_size(xsm_default_t,struct domain *,struct domain *)",xen/include/xsm/dummy.h,0,5,0,5,5,0,5,1,2,0,0,0,3,2,3,4,0,0,4,3,3,3,1,0,0,2,0,0
422,No,No,789589968ed90e82a832dbc60e958c76b787be7e,No,No,default,Static,Static Function,"xsm_grant_setup(xsm_default_t,struct domain *,struct domain *)",xen/include/xsm/dummy.h,0,5,0,5,5,0,5,1,2,0,0,0,3,2,3,4,0,0,4,3,3,3,1,0,0,2,0,0
422,No,No,789589968ed90e82a832dbc60e958c76b787be7e,No,No,default,Static,Static Function,"xsm_grant_transfer(xsm_default_t,struct domain *,struct domain *)",xen/include/xsm/dummy.h,0,5,0,4,5,0,5,1,2,0,0,0,3,2,3,4,0,0,4,3,3,3,1,0,0,2,0,0
422,No,No,789589968ed90e82a832dbc60e958c76b787be7e,No,No,default,Static,Static Function,"xsm_grant_unmapref(xsm_default_t,struct domain *,struct domain *)",xen/include/xsm/dummy.h,0,5,0,4,5,0,5,1,2,0,0,0,3,2,3,4,0,0,4,3,3,3,1,0,0,2,0,0
422,No,No,789589968ed90e82a832dbc60e958c76b787be7e,No,No,default,Static,Static Function,"xsm_hvm_altp2mhvm_op(xsm_default_t,struct domain *,uint64_t,uint32_t)",xen/include/xsm/dummy.h,1,17,0,5,18,1,17,1,12,0,0,0,3,10,7,13,0,0,13,7,5,7,5,8,8,2,8,0
422,No,No,789589968ed90e82a832dbc60e958c76b787be7e,No,No,default,Static,Static Function,"xsm_hvm_control(xsm_default_t,struct domain *,unsigned long)",xen/include/xsm/dummy.h,0,5,0,3,5,0,5,1,2,0,0,0,3,2,3,4,0,0,4,3,3,3,1,0,0,2,0,0
422,No,No,789589968ed90e82a832dbc60e958c76b787be7e,No,No,default,Static,Static Function,"xsm_hvm_param(xsm_default_t,struct domain *,unsigned long)",xen/include/xsm/dummy.h,0,5,0,3,5,0,5,1,2,0,0,0,3,2,3,4,0,0,4,3,3,3,1,0,0,2,0,0
422,No,No,789589968ed90e82a832dbc60e958c76b787be7e,No,No,default,Static,Static Function,"xsm_hvm_param_altp2mhvm(xsm_default_t,struct domain *)",xen/include/xsm/dummy.h,0,5,0,3,5,0,5,1,2,0,0,0,3,2,3,4,0,0,4,3,3,3,1,0,0,2,0,0
422,No,No,789589968ed90e82a832dbc60e958c76b787be7e,No,No,default,Static,Static Function,"xsm_hvm_param_nested(xsm_default_t,struct domain *)",xen/include/xsm/dummy.h,0,5,0,3,5,0,5,1,2,0,0,0,3,2,3,4,0,0,4,3,3,3,1,0,0,2,0,0
422,No,No,789589968ed90e82a832dbc60e958c76b787be7e,No,No,default,Static,Static Function,"xsm_init_hardware_domain(xsm_default_t,struct domain *)",xen/include/xsm/dummy.h,0,5,0,3,5,0,5,1,2,0,0,0,3,2,3,4,0,0,4,3,3,3,1,0,0,2,0,0
422,No,No,789589968ed90e82a832dbc60e958c76b787be7e,No,No,default,Static,Static Function,"xsm_iomem_mapping(xsm_default_t,struct domain *,uint64_t,uint64_t,uint8_t)",xen/include/xsm/dummy.h,0,5,0,3,5,0,5,1,2,0,0,0,3,2,3,4,0,0,4,3,3,3,1,0,0,2,0,0
422,No,No,789589968ed90e82a832dbc60e958c76b787be7e,No,No,default,Static,Static Function,"xsm_iomem_permission(xsm_default_t,struct domain *,uint64_t,uint64_t,uint8_t)",xen/include/xsm/dummy.h,0,5,0,3,5,0,5,1,2,0,0,0,3,2,3,4,0,0,4,3,3,3,1,0,0,2,0,0
422,No,No,789589968ed90e82a832dbc60e958c76b787be7e,No,No,default,Static,Static Function,"xsm_irq_permission(xsm_default_t,struct domain *,int,uint8_t)",xen/include/xsm/dummy.h,0,5,0,3,5,0,5,1,2,0,0,0,3,2,3,4,0,0,4,3,3,3,1,0,0,2,0,0
422,No,No,789589968ed90e82a832dbc60e958c76b787be7e,No,No,default,Static,Static Function,xsm_kexec(xsm_default_t),xen/include/xsm/dummy.h,0,5,0,2,5,0,5,1,2,0,0,0,3,2,3,4,0,0,4,3,3,3,1,0,0,2,0,0
422,No,No,789589968ed90e82a832dbc60e958c76b787be7e,No,No,default,Static,Static Function,"xsm_map_domain_irq(xsm_default_t,struct domain *,int,const void *)",xen/include/xsm/dummy.h,0,6,0,5,6,0,6,2,2,0,0,0,3,2,3,4,0,0,4,3,3,3,1,0,0,2,0,0
422,No,No,789589968ed90e82a832dbc60e958c76b787be7e,No,No,default,Static,Static Function,"xsm_map_domain_pirq(xsm_default_t,struct domain *)",xen/include/xsm/dummy.h,0,5,0,3,5,0,5,1,2,0,0,0,3,2,3,4,0,0,4,3,3,3,1,0,0,2,0,0
422,No,No,789589968ed90e82a832dbc60e958c76b787be7e,No,No,default,Static,Static Function,"xsm_map_gmfn_foreign(xsm_default_t,struct domain *,struct domain *)",xen/include/xsm/dummy.h,0,5,0,5,5,0,5,1,2,0,0,0,3,2,3,4,0,0,4,3,3,3,1,0,0,2,0,0
422,No,No,789589968ed90e82a832dbc60e958c76b787be7e,No,No,default,Static,Static Function,"xsm_memory_adjust_reservation(xsm_default_t,struct domain *,struct domain *)",xen/include/xsm/dummy.h,0,6,0,4,6,0,6,2,2,0,0,0,3,2,3,4,0,0,4,3,3,3,1,0,0,2,0,0
422,No,No,789589968ed90e82a832dbc60e958c76b787be7e,No,No,default,Static,Static Function,"xsm_memory_exchange(xsm_default_t,struct domain *)",xen/include/xsm/dummy.h,0,5,0,4,5,0,5,1,2,0,0,0,3,2,3,4,0,0,4,3,3,3,1,0,0,2,0,0
422,No,No,789589968ed90e82a832dbc60e958c76b787be7e,No,No,default,Static,Static Function,"xsm_memory_pin_page(xsm_default_t,struct domain *,struct domain *,struct page_info *)",xen/include/xsm/dummy.h,0,6,0,3,6,0,6,2,2,0,0,0,3,2,3,4,0,0,4,3,3,3,1,0,0,2,0,0
422,No,No,789589968ed90e82a832dbc60e958c76b787be7e,No,No,default,Static,Static Function,"xsm_memory_stat_reservation(xsm_default_t,struct domain *,struct domain *)",xen/include/xsm/dummy.h,0,5,0,4,5,0,5,1,2,0,0,0,3,2,3,4,0,0,4,3,3,3,1,0,0,2,0,0
422,No,No,789589968ed90e82a832dbc60e958c76b787be7e,No,No,default,Static,Static Function,"xsm_page_offline(xsm_default_t,uint32_t)",xen/include/xsm/dummy.h,0,5,0,2,5,0,5,1,2,0,0,0,3,2,3,4,0,0,4,3,3,3,1,0,0,2,0,0
422,No,No,789589968ed90e82a832dbc60e958c76b787be7e,No,No,default,Static,Static Function,"xsm_pci_config_permission(xsm_default_t,struct domain *,uint32_t,uint16_t,uint16_t,uint8_t)",xen/include/xsm/dummy.h,0,7,0,4,7,0,7,3,2,0,0,0,3,2,3,4,0,0,4,3,3,3,1,0,0,2,0,0
422,No,No,789589968ed90e82a832dbc60e958c76b787be7e,No,No,default,Static,Static Function,"xsm_platform_op(xsm_default_t,uint32_t)",xen/include/xsm/dummy.h,0,5,0,2,5,0,5,1,2,0,0,0,3,2,3,4,0,0,4,3,3,3,1,0,0,2,0,0
422,No,No,789589968ed90e82a832dbc60e958c76b787be7e,No,No,default,Static,Static Function,"xsm_profile(xsm_default_t,struct domain *,int)",xen/include/xsm/dummy.h,0,5,0,2,5,0,5,1,2,0,0,0,3,2,3,4,0,0,4,3,3,3,1,0,0,2,0,0
422,No,No,789589968ed90e82a832dbc60e958c76b787be7e,No,No,default,Static,Static Function,"xsm_readconsole(xsm_default_t,uint32_t)",xen/include/xsm/dummy.h,0,5,0,2,5,0,5,1,2,0,0,0,3,2,3,4,0,0,4,3,3,3,1,0,0,2,0,0
422,No,No,789589968ed90e82a832dbc60e958c76b787be7e,No,No,default,Static,Static Function,"xsm_remove_from_physmap(xsm_default_t,struct domain *,struct domain *)",xen/include/xsm/dummy.h,0,5,0,4,5,0,5,1,2,0,0,0,3,2,3,4,0,0,4,3,3,3,1,0,0,2,0,0
422,No,No,789589968ed90e82a832dbc60e958c76b787be7e,No,No,default,Static,Static Function,xsm_resource_plug_core(xsm_default_t),xen/include/xsm/dummy.h,0,5,0,2,5,0,5,1,2,0,0,0,3,2,3,4,0,0,4,3,3,3,1,0,0,2,0,0
422,No,No,789589968ed90e82a832dbc60e958c76b787be7e,No,No,default,Static,Static Function,"xsm_resource_plug_pci(xsm_default_t,uint32_t)",xen/include/xsm/dummy.h,0,5,0,3,5,0,5,1,2,0,0,0,3,2,3,4,0,0,4,3,3,3,1,0,0,2,0,0
422,No,No,789589968ed90e82a832dbc60e958c76b787be7e,No,No,default,Static,Static Function,"xsm_resource_setup_gsi(xsm_default_t,int)",xen/include/xsm/dummy.h,0,5,0,2,5,0,5,1,2,0,0,0,3,2,3,4,0,0,4,3,3,3,1,0,0,2,0,0
422,No,No,789589968ed90e82a832dbc60e958c76b787be7e,No,No,default,Static,Static Function,xsm_resource_setup_misc(xsm_default_t),xen/include/xsm/dummy.h,0,5,0,2,5,0,5,1,2,0,0,0,3,2,3,4,0,0,4,3,3,3,1,0,0,2,0,0
422,No,No,789589968ed90e82a832dbc60e958c76b787be7e,No,No,default,Static,Static Function,"xsm_resource_setup_pci(xsm_default_t,uint32_t)",xen/include/xsm/dummy.h,0,5,0,3,5,0,5,1,2,0,0,0,3,2,3,4,0,0,4,3,3,3,1,0,0,2,0,0
422,No,No,789589968ed90e82a832dbc60e958c76b787be7e,No,No,default,Static,Static Function,xsm_resource_unplug_core(xsm_default_t),xen/include/xsm/dummy.h,0,5,0,2,5,0,5,1,2,0,0,0,3,2,3,4,0,0,4,3,3,3,1,0,0,2,0,0
422,No,No,789589968ed90e82a832dbc60e958c76b787be7e,No,No,default,Static,Static Function,"xsm_resource_unplug_pci(xsm_default_t,uint32_t)",xen/include/xsm/dummy.h,0,5,0,3,5,0,5,1,2,0,0,0,3,2,3,4,0,0,4,3,3,3,1,0,0,2,0,0
422,No,No,789589968ed90e82a832dbc60e958c76b787be7e,No,No,default,Static,Static Function,"xsm_schedop_shutdown(xsm_default_t,struct domain *,struct domain *)",xen/include/xsm/dummy.h,0,5,0,4,5,0,5,1,2,0,0,0,3,2,3,4,0,0,4,3,3,3,1,0,0,2,0,0
422,No,No,789589968ed90e82a832dbc60e958c76b787be7e,No,No,default,Static,Static Function,"xsm_security_domaininfo(struct domain *,struct xen_domctl_getdomaininfo *)",xen/include/xsm/dummy.h,0,5,0,0,5,0,5,2,1,0,0,0,1,1,1,1,0,0,1,1,1,1,1,0,0,0,0,0
422,No,No,789589968ed90e82a832dbc60e958c76b787be7e,No,No,default,Static,Static Function,"xsm_set_pod_target(xsm_default_t,struct domain *)",xen/include/xsm/dummy.h,0,5,0,3,5,0,5,1,2,0,0,0,3,2,3,4,0,0,4,3,3,3,1,0,0,2,0,0
422,No,No,789589968ed90e82a832dbc60e958c76b787be7e,No,No,default,Static,Static Function,"xsm_set_target(xsm_default_t,struct domain *,struct domain *)",xen/include/xsm/dummy.h,0,5,0,2,5,0,5,1,2,0,0,0,3,2,3,4,0,0,4,3,3,3,1,0,0,2,0,0
422,No,No,789589968ed90e82a832dbc60e958c76b787be7e,No,No,default,Static,Static Function,xsm_show_irq_sid(int),xen/include/xsm/dummy.h,0,4,0,1,4,0,4,1,1,0,0,0,1,1,1,1,0,0,1,1,1,1,1,0,0,0,0,0
422,No,No,789589968ed90e82a832dbc60e958c76b787be7e,No,No,default,Static,Static Function,"xsm_show_security_evtchn(struct domain *,const struct evtchn *)",xen/include/xsm/dummy.h,0,4,0,1,4,0,4,1,1,0,0,0,1,1,1,1,0,0,1,1,1,1,1,0,0,0,0,0
422,No,No,789589968ed90e82a832dbc60e958c76b787be7e,No,No,default,Static,Static Function,"xsm_sysctl(xsm_default_t,int)",xen/include/xsm/dummy.h,0,5,0,2,5,0,5,1,2,0,0,0,3,2,3,4,0,0,4,3,3,3,1,0,0,2,0,0
422,No,No,789589968ed90e82a832dbc60e958c76b787be7e,No,No,default,Static,Static Function,"xsm_sysctl_scheduler_op(xsm_default_t,int)",xen/include/xsm/dummy.h,0,5,0,3,5,0,5,1,2,0,0,0,3,2,3,4,0,0,4,3,3,3,1,0,0,2,0,0
422,No,No,789589968ed90e82a832dbc60e958c76b787be7e,No,No,default,Static,Static Function,xsm_tmem_op(xsm_default_t),xen/include/xsm/dummy.h,0,5,0,2,5,0,5,1,2,0,0,0,3,2,3,4,0,0,4,3,3,3,1,0,0,2,0,0
422,No,No,789589968ed90e82a832dbc60e958c76b787be7e,No,No,default,Static,Static Function,"xsm_unbind_pt_irq(xsm_default_t,struct domain *,struct xen_domctl_bind_pt_irq *)",xen/include/xsm/dummy.h,0,5,0,5,5,0,5,1,2,0,0,0,3,2,3,4,0,0,4,3,3,3,1,0,0,2,0,0
422,No,No,789589968ed90e82a832dbc60e958c76b787be7e,No,No,default,Static,Static Function,"xsm_unmap_domain_irq(xsm_default_t,struct domain *,int,const void *)",xen/include/xsm/dummy.h,0,6,0,4,6,0,6,2,2,0,0,0,3,2,3,4,0,0,4,3,3,3,1,0,0,2,0,0
422,No,No,789589968ed90e82a832dbc60e958c76b787be7e,No,No,default,Static,Static Function,"xsm_unmap_domain_pirq(xsm_default_t,struct domain *)",xen/include/xsm/dummy.h,0,5,0,3,5,0,5,1,2,0,0,0,3,2,3,4,0,0,4,3,3,3,1,0,0,2,0,0
422,No,No,789589968ed90e82a832dbc60e958c76b787be7e,No,No,default,Static,Static Function,"xsm_vm_event_control(xsm_default_t,struct domain *,int,int)",xen/include/xsm/dummy.h,0,5,0,4,5,0,5,1,2,0,0,0,3,2,3,4,0,0,4,3,3,3,1,0,0,2,0,0
422,No,No,789589968ed90e82a832dbc60e958c76b787be7e,No,No,default,Static,Static Function,"xsm_xen_version(xsm_default_t,uint32_t)",xen/include/xsm/dummy.h,0,20,2,4,22,0,20,1,15,2,0,0,3,6,5,16,0,0,16,12,4,12,1,3,0,2,0,0
422,No,No,789589968ed90e82a832dbc60e958c76b787be7e,No,No,default,Static,Static Function,"xswait_report_error(libxl__egc *,libxl__xswait_state *,int)",tools/libxl/libxl_aoutils.c,0,7,0,6,7,0,7,3,3,0,0,0,2,1,3,3,1,0,2,1,1,1,1,0,0,0,0,0
422,No,No,789589968ed90e82a832dbc60e958c76b787be7e,No,No,default,Static,Static Function,"xswait_timeout_callback(libxl__egc *,libxl__ev_time *,const struct timeval *,int)",tools/libxl/libxl_aoutils.c,0,9,0,4,9,0,9,5,4,0,0,0,5,1,4,4,2,0,2,1,1,1,1,0,0,0,0,0
422,No,No,789589968ed90e82a832dbc60e958c76b787be7e,No,No,default,Static,Static Function,"xswait_xswatch_callback(libxl__egc *,libxl__ev_xswatch *,const char *,const char *)",tools/libxl/libxl_aoutils.c,2,15,0,4,17,2,15,6,8,0,0,0,5,3,9,11,4,0,7,3,3,3,3,3,3,2,3,0
422,No,No,789589968ed90e82a832dbc60e958c76b787be7e,No,No,default,Static,Static Function,yajl_ctx_free(libxl__yajl_ctx *),tools/libxl/libxl_json.c,0,8,0,3,8,0,8,1,4,0,0,0,3,2,3,4,0,0,4,2,2,2,1,0,0,1,0,0
422,No,No,789589968ed90e82a832dbc60e958c76b787be7e,No,No,default,Static,Static Function,yajl_gen_status_to_string(yajl_gen_status),tools/libxl/libxl_json.c,0,24,1,1,24,0,18,1,14,1,4,2,2,7,7,14,0,0,14,7,2,7,7,15,15,1,15,0
422,No,No,789589968ed90e82a832dbc60e958c76b787be7e,No,No,default,none,Function,zap_ro_mpt(mfn_t),xen/arch/x86/mm.c,1,6,0,1,7,1,6,2,3,0,0,0,4,1,3,3,1,0,2,1,1,1,1,0,0,0,0,0
422,No,No,789589968ed90e82a832dbc60e958c76b787be7e,No,No,default,Static,Static Function,"zero_leaves(struct cpuid_leaf *,unsigned int,unsigned int)",xen/arch/x86/cpuid.c,0,5,0,5,5,0,5,2,1,0,0,0,1,1,1,1,0,0,1,1,1,1,1,0,0,0,0,0
422,No,No,789589968ed90e82a832dbc60e958c76b787be7e,No,No,default,Static,Static Function,zeroeth_table_offset_16K(paddr_t),xen/include/asm-arm/lpae.h,0,1,0,1,1,0,1,1,1,0,0,0,2,2,2,3,0,0,3,2,2,2,1,1,0,1,0,0
422,No,No,789589968ed90e82a832dbc60e958c76b787be7e,No,No,default,Static,Static Function,zeroeth_table_offset_4K(paddr_t),xen/include/asm-arm/lpae.h,0,1,0,1,1,0,1,1,1,0,0,0,2,2,2,3,0,0,3,2,2,2,1,1,0,1,0,0
422,No,No,789589968ed90e82a832dbc60e958c76b787be7e,No,No,default,Static,Static Function,zeroeth_table_offset_64K(paddr_t),xen/include/asm-arm/lpae.h,0,1,0,1,1,0,1,1,1,0,0,0,2,2,2,3,0,0,3,2,2,2,1,1,0,1,0,0
422,No,No,789589968ed90e82a832dbc60e958c76b787be7e,No,No,default,none,Function,zynqmp_eemi(struct cpu_user_regs *),xen/arch/arm/platforms/xilinx-zynqmp-eemi.c,12,124,22,8,158,12,124,6,107,22,0,0,12,14,40,97,5,0,92,57,6,57,14,108,108,2,108,0
422,No,No,789589968ed90e82a832dbc60e958c76b787be7e,No,No,default,Static,Static Function,zynqmp_smc(struct cpu_user_regs *),xen/arch/arm/platforms/xilinx-zynqmp.c,1,15,4,1,20,1,15,2,8,4,0,0,4,3,5,7,1,0,6,3,3,3,1,1,0,2,0,0
